2452125.64444 19.377 0.187 4.80 2787.0
2452128.57483 19.429 0.110 4.69 932.0
2452131.56969 19.427 0.093 3.82 974.0
2452134.67355 19.562 0.168 6.89 917.0
2452138.55016 19.365 0.124 5.76 850.0
2452143.52312 19.340 0.167 7.40 962.0
2452155.65016 19.191 0.163 7.14 1242.0
2452156.48926 19.196 0.099 4.97 1024.0
2452158.49758 19.328 0.114 5.33 911.0
2452158.54059 19.613 0.124 4.55 861.0
2452162.50709 19.592 0.145 4.97 944.0
2452168.54179 19.541 0.162 5.86 947.0
2452173.49982 19.339 0.148 6.25 1017.0
2452184.50305 19.444 0.163 6.18 1080.0
2452194.55717 19.669 0.172 5.18 1029.0
2452321.87593 19.511 0.167 5.57 1313.0
2452358.88707 19.317 0.116 5.23 989.0
2452381.81073 19.443 0.107 4.48 855.0
2452388.85311 19.547 0.114 4.27 935.0
2452399.78569 19.468 0.083 3.28 869.0
2452400.69352 19.251 0.101 4.69 1022.0
2452402.80844 19.438 0.098 3.85 1025.0
2452404.84541 19.300 0.084 3.87 947.0
2452410.71813 19.312 0.089 4.55 778.0
2452415.72643 19.506 0.149 5.50 1006.0
2452416.74862 19.566 0.132 4.80 966.0
2452417.72417 19.560 0.140 4.98 1018.0
2452431.81215 19.689 0.128 4.31 917.0
2452433.73934 19.336 0.110 4.85 997.0
2452434.81238 19.491 0.111 4.09 1017.0
2452436.58511 19.283 0.107 4.66 1142.0
2452437.57670 19.319 0.143 6.06 1107.0
2452437.57934 19.123 0.124 6.18 1103.0
2452437.58196 19.187 0.144 6.80 1101.0
2452437.58458 19.272 0.156 6.85 1102.0
2452437.58718 19.148 0.138 6.89 1095.0
2452437.59571 19.412 0.166 6.70 1027.0
2452437.59832 19.346 0.169 7.11 1033.0
2452437.60095 19.213 0.126 6.14 1012.0
2452437.60357 19.466 0.152 5.89 1007.0
2452437.60618 19.030 0.126 7.15 1022.0
2452437.60880 19.069 0.128 7.00 1027.0
2452437.62848 19.345 0.147 6.25 1006.0
2452437.63754 19.479 0.159 6.17 994.0
2452437.64761 19.631 0.179 6.13 968.0
2452437.65661 19.365 0.128 5.62 968.0
2452437.66659 19.487 0.168 6.54 994.0
2452437.69751 19.442 0.141 5.85 937.0
2452437.70639 19.306 0.149 6.73 972.0
2452437.72671 19.624 0.160 5.42 957.0
2452437.73579 19.276 0.109 5.12 956.0
2452437.74531 19.623 0.143 4.81 976.0
2452437.75749 19.430 0.130 5.06 996.0
2452437.76634 19.410 0.127 5.24 1002.0
2452437.77511 19.337 0.114 4.97 994.0
2452437.78391 19.458 0.131 5.23 1003.0
2452437.79318 19.341 0.134 5.90 1027.0
2452437.80198 19.279 0.107 4.87 999.0
2452437.81079 19.475 0.116 4.45 962.0
2452437.81961 19.469 0.124 4.69 1018.0
2452437.83385 19.440 0.127 5.04 1025.0
2452437.84311 19.433 0.136 5.45 1051.0
2452437.85638 19.376 0.138 5.68 1070.0
2452437.87444 19.449 0.172 6.54 1131.0
2452437.89072 19.400 0.177 6.77 1189.0
2452438.61729 19.479 0.107 4.23 919.0
2452439.61425 19.428 0.103 4.26 1029.0
2452439.64705 19.479 0.095 3.85 959.0
2452439.65316 19.482 0.094 3.85 942.0
2452439.67545 19.423 0.090 4.03 920.0
2452439.71185 19.616 0.108 3.75 902.0
2452439.72999 19.493 0.093 3.61 889.0
2452439.74557 19.421 0.089 3.60 913.0
2452439.76107 19.444 0.096 3.85 942.0
2452439.79468 19.444 0.092 3.66 911.0
2452439.80498 19.404 0.100 4.18 991.0
2452439.82101 19.580 0.118 4.34 983.0
2452439.83329 19.228 0.092 4.73 960.0
2452439.84904 19.372 0.108 4.76 929.0
2452439.86112 19.402 0.107 4.57 945.0
2452439.87114 19.534 0.139 5.46 957.0
2452439.88000 19.369 0.120 5.36 958.0
2452439.88953 19.490 0.134 5.17 981.0
2452439.89850 19.279 0.117 5.41 1037.0
2452439.90543 19.348 0.141 6.05 1062.0
2452439.92386 19.195 0.135 6.58 1106.0
2452440.59852 19.654 0.135 4.57 958.0
2452440.64529 19.388 0.103 4.60 924.0
2452440.67410 19.711 0.138 4.52 939.0
2452440.69282 19.489 0.130 5.24 924.0
2452440.71253 19.492 0.089 3.55 825.0
2452440.72815 19.401 0.098 4.21 856.0
2452440.74608 19.414 0.088 3.64 872.0
2452440.75814 19.426 0.087 3.62 856.0
2452440.77410 19.674 0.108 3.72 839.0
2452440.84939 19.485 0.158 5.76 1076.0
2452440.88179 19.564 0.194 6.11 1211.0
2452440.89139 19.504 0.185 6.20 1206.0
2452440.89825 19.335 0.146 5.77 1203.0
2452442.61611 19.645 0.137 4.37 940.0
2452444.57469 19.406 0.127 4.69 1106.0
2452444.59123 19.565 0.125 4.18 1016.0
2452444.60539 19.254 0.107 4.73 991.0
2452444.61617 19.578 0.139 4.84 964.0
2452444.62427 19.760 0.141 4.10 947.0
2452444.63471 19.603 0.131 4.45 938.0
2452444.64278 19.533 0.134 4.84 926.0
2452444.65085 19.457 0.123 5.01 934.0
2452444.65894 19.634 0.149 5.11 943.0
2452444.66810 19.364 0.114 4.87 949.0
2452444.67619 19.566 0.158 5.67 936.0
2452444.68427 19.469 0.125 4.75 920.0
2452444.70044 19.544 0.139 5.03 954.0
2452444.70874 19.673 0.162 5.30 955.0
2452444.71583 19.257 0.101 4.29 1061.0
2452444.72388 19.312 0.111 4.28 1099.0
2452444.73060 19.215 0.103 4.75 1049.0
2452444.73892 19.454 0.133 4.83 1068.0
2452444.74495 19.376 0.128 5.06 1038.0
2452444.75321 19.417 0.135 5.73 1029.0
2452444.76037 19.517 0.126 4.54 975.0
2452444.76585 19.207 0.099 4.68 988.0
2452444.77166 19.364 0.121 5.51 983.0
2452444.78036 19.275 0.107 5.33 993.0
2452444.79173 19.525 0.131 5.03 1024.0
2452444.79979 19.193 0.107 5.49 1039.0
2452444.80784 19.394 0.134 5.38 1051.0
2452444.81769 19.525 0.167 5.92 1067.0
2452444.82572 19.386 0.162 6.66 1104.0
2452444.83377 19.251 0.132 5.89 1133.0
2452444.87164 19.427 0.156 6.07 1207.0
2452444.88398 19.406 0.145 5.37 1245.0
2452444.89478 19.166 0.140 6.54 1293.0
2452446.64653 19.413 0.112 3.95 1168.0
2452453.73962 19.694 0.148 4.69 1020.0
2452454.52766 19.183 0.123 6.52 1031.0
2452454.55153 19.366 0.108 4.81 1037.0
2452454.56050 19.267 0.088 4.29 1014.0
2452454.56946 19.509 0.113 4.24 1052.0
2452454.58016 19.446 0.092 3.88 985.0
2452454.58901 19.556 0.097 3.77 957.0
2452454.59788 19.628 0.123 4.29 1039.0
2452454.60682 19.391 0.099 4.05 1132.0
2452454.61927 19.588 0.124 3.96 1196.0
2452454.64263 19.295 0.098 3.98 1337.0
2452454.67117 19.664 0.139 4.34 1169.0
2452454.68003 19.405 0.113 4.19 1282.0
2452454.68976 19.775 0.132 3.70 1098.0
2452454.69951 19.447 0.101 3.83 1047.0
2452454.70831 19.277 0.089 3.98 1031.0
2452454.71899 19.394 0.104 4.17 1051.0
2452454.72789 19.604 0.121 3.72 1177.0
2452454.73683 19.503 0.130 3.62 1855.0
2452454.75642 19.641 0.140 3.94 1492.0
2452454.76527 19.419 0.129 4.16 1694.0
2452454.77405 19.402 0.158 4.44 2196.0
2452454.78763 19.346 0.163 3.98 2958.0
2452458.73688 19.490 0.117 4.91 773.0
2452463.82277 19.369 0.096 4.15 968.0
2452465.47702 19.294 0.143 6.03 1240.0
2452465.48621 19.512 0.172 6.04 1204.0
2452465.49519 19.311 0.122 5.23 1146.0
2452465.50422 19.324 0.106 4.38 1093.0
2452465.51321 19.482 0.131 4.78 1095.0
2452465.52328 19.582 0.131 4.40 1048.0
2452465.53353 19.461 0.133 5.20 1036.0
2452465.54247 19.502 0.125 4.96 982.0
2452465.55150 19.701 0.132 4.26 941.0
2452465.56049 19.508 0.111 4.32 918.0
2452465.56943 19.376 0.099 4.48 896.0
2452465.59298 19.607 0.129 4.83 893.0
2452465.60220 19.481 0.105 4.39 865.0
2452465.61124 19.597 0.110 4.10 844.0
2452465.62159 19.463 0.099 4.24 825.0
2452465.63121 19.649 0.114 4.26 800.0
2452465.64094 19.454 0.096 4.27 797.0
2452465.65093 19.526 0.096 4.01 790.0
2452465.66020 19.496 0.112 4.91 802.0
2452465.66910 19.507 0.107 4.54 797.0
2452465.67898 19.395 0.097 4.47 791.0
2452465.68792 19.377 0.092 4.27 792.0
2452465.69697 19.736 0.130 4.49 786.0
2452465.70599 19.634 0.121 4.52 790.0
2452465.71516 19.369 0.094 4.41 802.0
2452465.72441 19.240 0.086 4.57 801.0
2452465.73340 19.263 0.090 4.61 811.0
2452465.74366 19.652 0.121 4.38 809.0
2452465.75259 19.300 0.088 4.34 820.0
2452465.76854 19.116 0.112 6.43 910.0
2452465.77752 19.393 0.135 6.03 912.0
2452465.78893 19.286 0.138 6.83 891.0
2452465.79779 19.348 0.129 6.04 891.0
2452465.80665 19.532 0.152 6.12 913.0
2452465.82552 19.344 0.140 6.20 982.0
2452465.83450 19.469 0.144 5.85 1006.0
2452465.84545 19.300 0.159 7.23 1110.0
2452466.75276 19.698 0.171 5.51 918.0
2452468.46778 19.480 0.169 6.38 1240.0
2452468.47755 19.292 0.146 6.89 1036.0
2452468.48821 19.636 0.138 4.64 985.0
2452468.49703 19.307 0.098 4.42 947.0
2452468.50704 19.482 0.116 4.74 900.0
2452468.51629 19.469 0.104 4.28 877.0
2452468.52620 19.545 0.107 4.02 894.0
2452468.53520 19.479 0.106 4.23 891.0
2452468.54491 19.452 0.089 3.74 840.0
2452468.55375 19.447 0.089 3.65 877.0
2452468.56267 19.313 0.081 3.87 897.0
2452468.57153 19.412 0.093 4.00 870.0
2452468.58249 19.492 0.087 3.51 839.0
2452468.59148 19.414 0.081 3.56 802.0
2452468.60056 19.501 0.100 4.18 821.0
2452468.60949 19.420 0.093 4.28 807.0
2452468.62912 19.455 0.092 4.06 779.0
2452468.63801 19.291 0.074 3.68 754.0
2452468.65802 19.545 0.095 3.74 753.0
2452468.66797 19.342 0.075 3.67 734.0
2452468.67782 19.335 0.076 3.55 758.0
2452468.68670 19.476 0.094 3.90 794.0
2452468.69554 19.487 0.099 4.06 839.0
2452468.70433 19.554 0.099 3.79 823.0
2452468.71433 19.415 0.082 3.55 815.0
2452468.72347 19.405 0.080 3.51 830.0
2452468.76160 19.448 0.100 4.07 926.0
2452468.77948 19.388 0.105 4.36 1017.0
2452468.80783 19.654 0.142 4.94 954.0
2452468.81823 19.539 0.151 5.26 1231.0
2452468.82704 19.519 0.158 5.38 1292.0
2452470.46813 19.480 0.189 6.56 1424.0
2452472.46287 19.516 0.192 5.22 1995.0
2452474.46843 19.511 0.181 5.66 1397.0
2452482.62514 19.473 0.126 4.96 1027.0
2452485.63512 19.399 0.149 6.78 849.0
2452489.70596 19.533 0.105 3.97 928.0
2452492.65064 19.456 0.109 4.59 953.0
2452494.70501 19.464 0.129 5.40 847.0
2452497.50757 19.315 0.104 4.60 930.0
2452499.54335 19.303 0.095 4.23 937.0
2452501.57111 19.510 0.111 4.19 979.0
2452511.55130 19.338 0.148 5.90 1125.0
2452526.54989 19.308 0.099 4.90 915.0
2452537.48108 19.326 0.154 6.03 1396.0
2452540.49766 19.480 0.165 5.49 1260.0
2452550.48952 19.273 0.123 5.43 1090.0
2452554.56141 19.510 0.136 4.64 1026.0
2452693.89508 19.334 0.101 4.15 1144.0
2452711.87605 19.266 0.080 4.09 817.0
2452730.89673 19.492 0.104 4.18 985.0
2452743.77314 19.448 0.101 4.03 1047.0
2452748.79167 19.440 0.130 4.98 1311.0
2452755.78159 19.340 0.088 4.33 905.0
2452758.93298 19.436 0.192 6.20 1639.0
2452765.78972 19.392 0.092 4.38 1051.0
2452782.71288 19.544 0.155 6.38 964.0
2452786.59189 19.583 0.189 5.51 1480.0
2452788.68920 19.468 0.087 3.45 965.0
2452790.79429 19.368 0.103 4.82 895.0
2452794.55734 19.377 0.186 6.96 1295.0
2452796.56624 19.508 0.109 3.96 984.0
2452810.57192 19.462 0.117 4.38 1102.0
2452810.63534 19.386 0.096 4.13 944.0
2452810.66493 19.504 0.109 4.22 980.0
2452810.69467 19.329 0.104 4.92 991.0
2452810.70696 19.332 0.111 4.94 1042.0
2452810.72318 19.320 0.087 4.06 1016.0
2452810.73549 19.270 0.078 3.78 1003.0
2452810.74845 19.485 0.108 4.36 1040.0
2452810.79275 19.496 0.107 3.93 1061.0
2452812.57375 19.435 0.112 4.04 1197.0
2452815.59612 19.451 0.108 4.57 876.0
2452816.66155 19.568 0.108 4.42 788.0
2452818.67105 19.462 0.107 4.70 985.0
2452819.76515 19.157 0.087 4.24 979.0
2452821.66344 19.449 0.111 4.30 984.0
2452826.65410 19.400 0.132 6.18 812.0
2452830.78431 19.282 0.132 4.32 1981.0
2452835.48072 19.296 0.157 4.69 2360.0
2452837.49953 19.182 0.134 6.00 1288.0
2452840.50159 19.425 0.122 4.93 1042.0
2452842.53805 19.273 0.096 4.90 878.0
2452844.61419 19.554 0.109 4.51 879.0
2452848.54942 19.308 0.143 6.76 1049.0
2452853.54357 19.444 0.112 4.77 990.0
2452862.49667 19.466 0.186 6.16 1367.0
2452864.50369 19.486 0.182 6.58 1257.0
2452867.65893 19.362 0.106 4.93 902.0
2452868.51719 19.388 0.098 4.53 959.0
2452869.59148 19.192 0.084 4.14 940.0
2452871.47977 19.540 0.140 5.45 1014.0
2452875.61836 19.353 0.146 6.98 876.0
2452877.65395 19.186 0.084 3.93 990.0
2452879.55623 19.338 0.095 4.29 892.0
2452882.49650 19.522 0.172 6.52 931.0
2452892.51710 19.302 0.122 5.60 1128.0
2452895.47930 19.540 0.195 6.89 1014.0
2452895.59426 19.381 0.100 4.42 504.0
2452895.66739 19.306 0.094 4.06 776.0
2452899.60735 19.367 0.098 4.24 929.0
2452899.61415 19.693 0.141 4.80 672.0
2452899.65292 19.550 0.127 4.37 788.0
2452902.47152 19.007 0.174 6.81 1674.0
2452902.51448 19.389 0.145 6.02 797.0
2452902.55931 19.446 0.187 7.08 859.0
2452902.62342 19.462 0.164 5.54 1031.0
2452906.49519 19.242 0.117 6.28 795.0
2452906.52858 19.310 0.126 5.98 770.0
2452907.60266 19.291 0.124 5.08 785.0
2452908.61000 19.393 0.163 6.63 781.0
2452910.48939 19.374 0.150 6.69 847.0
2452910.52248 19.430 0.144 6.01 757.0
2452910.58010 19.355 0.165 6.83 777.0
2452911.52930 19.479 0.148 5.42 771.0
2452911.55696 19.512 0.118 4.21 742.0
2452912.49649 19.377 0.132 5.29 823.0
2452912.54067 19.276 0.096 4.12 1110.0
2452912.54357 19.579 0.130 4.17 826.0
2452912.58268 19.560 0.142 4.40 906.0
2452915.49109 19.516 0.184 5.21 1489.0
2452916.48454 19.580 0.178 3.93 1623.0
2452916.52748 19.743 0.172 4.51 925.0
2452916.56804 19.488 0.127 4.15 969.0
2452918.52337 19.233 0.135 5.37 921.0
2452918.58192 19.378 0.136 4.67 994.0
2452921.53170 19.597 0.154 5.05 819.0
2452925.56018 19.341 0.121 4.62 766.0
2452926.57891 19.470 0.151 4.86 796.0
2452929.57875 19.068 0.105 4.79 1020.0
2452931.58143 19.412 0.115 4.37 701.0
2452934.55815 19.473 0.143 4.57 947.0
2452937.51839 19.498 0.168 5.96 1114.0
2452939.50679 19.305 0.137 5.81 2309.0
2452942.50036 19.502 0.151 3.96 1905.0
2452943.54598 19.231 0.169 5.98 1830.0
2452944.53943 19.272 0.186 6.37 1768.0
2452949.51213 19.422 0.202 5.70 1690.0
2452953.49871 19.335 0.172 4.20 3117.0
2453040.87630 19.252 0.110 4.14 1557.0
2453041.88099 19.432 0.137 3.95 1576.0
2453042.88085 19.283 0.133 4.69 1350.0
2453043.86538 19.248 0.105 4.27 1106.0
2453044.86100 19.290 0.129 5.27 1187.0
2453045.86011 19.189 0.111 5.45 1084.0
2453046.87092 19.230 0.138 5.95 1225.0
2453047.85966 19.400 0.106 4.29 1043.0
2453048.85818 19.556 0.126 3.85 881.0
2453049.84332 19.412 0.105 3.51 893.0
2453050.83649 19.293 0.121 4.63 732.0
2453052.83937 19.637 0.141 4.60 559.0
2453053.82316 19.258 0.090 4.16 501.0
2453054.83895 19.188 0.105 5.19 520.0
2453055.87732 19.204 0.098 4.93 955.0
2453056.84894 19.336 0.139 6.13 510.0
2453057.83580 19.179 0.091 4.47 560.0
2453058.83339 19.528 0.110 3.96 538.0
2453058.89545 19.507 0.122 3.70 1314.0
2453059.83889 19.289 0.100 4.47 506.0
2453064.81598 19.231 0.103 4.85 1111.0
2453064.83012 19.776 0.184 5.12 626.0
2453067.78582 19.263 0.100 4.55 588.0
2453067.88943 19.619 0.099 3.50 877.0
2453069.80106 19.018 0.094 5.34 552.0
2453070.85093 19.185 0.113 5.32 1131.0
2453073.80640 19.344 0.102 4.28 1081.0
2453075.84508 19.269 0.089 3.85 1092.0
2453081.77121 19.469 0.121 4.79 494.0
2453085.86512 19.162 0.068 4.29 313.0
2453086.83455 19.422 0.079 3.79 764.0
2453088.79203 19.582 0.088 3.47 726.0
2453088.80610 19.388 0.073 3.34 312.0
2453093.89685 19.372 0.125 6.30 382.0
2453100.80057 19.466 0.097 3.94 935.0
2453101.87709 19.454 0.128 5.29 358.0
2453103.77188 19.317 0.095 3.88 1106.0
2453106.85656 19.292 0.142 4.40 821.0
2453108.76441 19.502 0.089 3.45 897.0
2453109.78801 19.328 0.076 3.85 758.0
2453110.83103 19.386 0.087 4.31 843.0
2453113.73635 19.488 0.079 3.58 256.0
2453114.78114 19.462 0.083 3.77 741.0
2453115.86397 19.455 0.096 4.91 770.0
2453135.89626 19.121 0.089 5.14 984.0
2453138.69800 19.395 0.121 5.31 856.0
2453140.87505 19.273 0.092 5.07 775.0
2453144.78426 19.496 0.120 5.69 750.0
2453151.89955 19.469 0.127 5.34 868.0
2453154.81642 19.314 0.112 5.89 821.0
2453158.90680 19.157 0.145 6.27 1383.0
2453163.62405 19.360 0.089 4.11 805.0
2453163.64288 19.551 0.105 4.42 804.0
2453165.75355 19.350 0.074 3.98 737.0
2453185.48520 19.097 0.110 5.16 1337.0
2453185.53363 19.478 0.125 4.59 1145.0
2453185.61509 19.382 0.082 3.52 923.0
2453185.66442 19.439 0.101 4.01 945.0
2453185.88236 19.199 0.107 4.77 1181.0
2453196.54308 19.424 0.122 5.02 981.0
2453197.51064 19.426 0.095 4.06 881.0
2453199.62045 19.414 0.106 5.56 695.0
2453202.56669 19.385 0.100 5.24 756.0
2453207.66360 19.337 0.120 6.17 703.0
2453210.54248 19.433 0.157 6.64 948.0
2453211.58088 19.237 0.093 5.73 711.0
2453217.47219 19.277 0.114 4.14 1718.0
2453217.64947 19.379 0.101 3.92 1128.0
2453219.60272 19.106 0.116 6.24 961.0
2453223.64905 19.209 0.125 7.09 818.0
2453228.59832 19.410 0.109 5.52 688.0
2453230.66438 19.521 0.106 4.67 674.0
2453232.59561 19.460 0.141 6.75 749.0
2453241.65152 19.580 0.189 4.09 2705.0
2453245.55139 19.418 0.122 4.36 1113.0
2453249.52320 19.303 0.122 6.36 765.0
2453253.52022 19.777 0.132 4.89 668.0
2453256.63298 19.366 0.120 5.52 758.0
2453264.52996 19.306 0.099 4.40 889.0
2453267.52908 19.348 0.115 5.42 1006.0
2453272.58449 19.608 0.149 5.26 968.0
2453275.56745 19.425 0.156 6.11 1026.0
2453282.57038 19.464 0.085 4.17 495.0
2453288.54293 19.124 0.069 4.63 534.0
2453295.52371 19.698 0.101 4.72 420.0
2453299.52823 19.244 0.062 4.36 392.0
2453305.54481 19.374 0.118 4.24 1286.0
2453309.53356 19.521 0.151 4.90 1275.0
2453408.88738 19.493 0.146 5.37 1024.0
2453410.88749 19.182 0.114 4.76 1324.0
2453413.88832 19.167 0.112 5.35 1076.0
2453421.89456 19.375 0.083 3.69 784.0
2453422.86444 19.608 0.121 4.71 750.0
2453429.84208 19.258 0.128 5.53 1122.0
2453432.88547 19.756 0.131 3.12 1456.0
2453445.80069 19.352 0.074 3.55 692.0
2453447.85131 19.562 0.120 4.47 795.0
2453449.86397 19.428 0.097 4.64 725.0
2453452.88459 19.522 0.091 3.86 759.0
2453455.81879 19.586 0.146 4.84 1078.0
2453457.85232 19.301 0.082 3.87 882.0
2453459.84750 19.724 0.129 3.91 1070.0
2453469.78327 19.511 0.090 3.69 726.0
2453470.79620 19.424 0.086 3.91 683.0
2453472.75866 19.190 0.079 4.27 762.0
2453473.77846 19.261 0.100 5.35 744.0
2453474.77509 19.364 0.109 5.27 686.0
2453477.76250 19.257 0.082 4.03 762.0
2453479.76136 19.455 0.079 3.56 702.0
2453480.72150 19.403 0.081 3.69 696.0
2453496.71902 19.476 0.118 4.80 863.0
2453502.72020 19.287 0.069 3.34 794.0
2453504.70410 19.281 0.096 4.70 677.0
2453510.80035 19.367 0.089 4.32 764.0
2453512.92556 19.588 0.160 5.40 1020.0
2453517.68500 19.481 0.162 4.65 1477.0
2453520.76028 19.288 0.098 4.73 805.0
2453529.69504 19.489 0.073 3.66 487.0
2453530.61015 19.527 0.084 3.34 716.0
2453530.85411 19.460 0.080 3.29 721.0
2453536.88544 19.411 0.119 5.09 1329.0
2453537.67546 19.298 0.116 5.69 564.0
2453540.52377 19.154 0.131 5.63 502.0
2453541.62437 19.478 0.124 4.51 352.0
2453542.83049 19.006 0.129 4.35 1329.0
2453546.72349 19.687 0.174 5.02 749.0
2453547.74612 19.377 0.114 5.39 624.0
2453549.80163 19.668 0.154 4.70 1045.0
2453550.63483 19.772 0.131 3.96 869.0
2453551.63477 19.399 0.084 4.20 802.0
2453552.67011 19.377 0.088 4.38 667.0
2453553.72018 19.137 0.111 6.15 887.0
2453554.65872 19.572 0.163 6.23 837.0
2453555.66762 19.293 0.091 5.40 651.0
2453556.67536 19.666 0.116 4.55 726.0
2453558.53014 19.399 0.098 4.17 881.0
2453558.82889 19.452 0.113 4.87 761.0
2453559.69885 19.517 0.116 4.86 763.0
2453560.60019 19.642 0.123 4.59 769.0
2453561.54791 19.436 0.099 3.73 938.0
2453562.58860 19.367 0.097 4.39 811.0
2453563.63933 19.235 0.066 3.69 704.0
2453564.57710 19.481 0.148 6.19 786.0
2453569.56243 19.600 0.131 4.11 1125.0
2453573.64887 19.309 0.128 5.78 1021.0
2453574.68880 19.372 0.103 4.39 895.0
2453575.53628 19.544 0.096 3.62 802.0
2453575.77288 19.443 0.119 4.78 925.0
2453576.69016 19.322 0.129 6.34 840.0
2453577.59028 19.552 0.116 4.88 716.0
2453578.67488 19.355 0.089 4.75 687.0
2453579.62032 19.239 0.077 4.43 724.0
2453580.65357 19.301 0.078 4.10 751.0
2453581.67344 19.380 0.077 3.85 694.0
2453582.64530 19.104 0.074 4.78 692.0
2453583.63572 19.447 0.092 4.52 652.0
2453584.64440 19.328 0.074 3.99 697.0
2453584.75899 19.483 0.127 5.71 755.0
2453585.63473 19.570 0.100 4.29 630.0
2453586.71980 19.458 0.078 3.39 719.0
2453589.67337 19.380 0.072 3.62 670.0
2453590.65731 19.354 0.077 3.72 723.0
2453591.68087 19.409 0.079 3.36 768.0
2453593.74779 19.249 0.108 5.19 974.0
2453594.71002 19.342 0.097 4.68 789.0
2453601.65856 19.472 0.106 3.66 1113.0
2453602.61914 19.421 0.109 4.18 1086.0
2453603.63921 19.373 0.106 4.73 855.0
2453607.63755 19.228 0.085 4.78 728.0
2453608.65292 19.716 0.138 4.87 722.0
2453615.58068 19.625 0.134 5.61 701.0
2453618.58229 19.663 0.143 4.78 878.0
2453620.54549 19.335 0.075 3.84 700.0
2453622.52335 19.313 0.111 5.42 783.0
2453628.59953 19.325 0.138 5.37 1246.0
2453630.53885 19.065 0.123 6.00 1134.0
2453632.58901 19.466 0.152 5.29 1171.0
2453639.54848 19.509 0.094 3.73 813.0
2453641.58705 19.173 0.107 5.12 957.0
2453644.50726 19.522 0.132 5.01 914.0
2453648.53906 19.160 0.109 6.06 831.0
2453650.58466 19.755 0.155 4.72 898.0
2453656.52434 19.444 0.116 3.89 1131.0
2453658.55616 19.535 0.191 5.94 1254.0
2453664.50560 19.432 0.119 4.15 1075.0
2453675.51087 19.794 0.215 5.02 1256.0
2453776.86944 19.571 0.134 5.45 855.0
2453782.85414 19.002 0.101 5.54 965.0
2453784.87943 19.469 0.092 3.51 963.0
2453786.89903 19.242 0.122 4.27 1789.0
2453788.84959 19.409 0.124 3.99 1446.0
2453790.89202 19.331 0.093 3.34 1323.0
2453793.85932 19.705 0.107 3.41 912.0
2453795.84674 19.332 0.113 5.06 989.0
2453798.80994 19.388 0.095 4.38 810.0
2453799.83411 19.315 0.102 4.56 1038.0
2453800.82904 19.538 0.120 4.79 825.0
2453801.88851 19.637 0.125 4.58 822.0
2453802.85410 19.264 0.084 4.02 829.0
2453803.88937 19.562 0.099 3.74 871.0
2453805.80584 19.489 0.118 4.90 853.0
2453806.77211 19.235 0.101 5.13 936.0
2453807.79120 19.564 0.146 5.01 1056.0
2453808.79888 19.557 0.129 4.58 1055.0
2453809.88399 19.654 0.130 4.64 992.0
2453810.85060 19.363 0.082 3.66 987.0
2453811.84223 19.398 0.102 4.68 839.0
2453812.83832 19.621 0.140 4.91 979.0
2453813.83115 19.411 0.088 3.94 898.0
2453814.83011 19.770 0.121 3.72 910.0
2453817.86165 19.522 0.119 4.07 1150.0
2453818.89073 19.459 0.092 3.98 875.0
2453819.80845 19.642 0.085 3.29 696.0
2453820.77509 19.716 0.111 3.94 719.0
2453821.77824 19.474 0.090 3.93 713.0
2453822.81764 19.531 0.099 4.12 758.0
2453823.77785 19.189 0.101 5.95 717.0
2453824.74404 19.433 0.129 5.89 821.0
2453825.80887 19.228 0.091 5.26 743.0
2453826.73741 19.637 0.110 5.48 428.0
2453827.80521 19.339 0.074 3.93 642.0
2453828.77984 19.184 0.098 5.79 774.0
2453829.76202 19.195 0.088 5.00 738.0
2453830.73833 19.741 0.123 3.91 831.0
2453831.90748 19.587 0.101 4.15 751.0
2453832.71646 19.260 0.082 4.37 766.0
2453833.76212 19.171 0.070 4.36 678.0
2453834.74756 19.444 0.101 4.40 828.0
2453834.91875 19.240 0.098 4.87 929.0
2453835.73693 19.130 0.086 4.90 854.0
2453836.76797 19.321 0.130 6.00 930.0
2453837.73533 19.069 0.092 5.28 928.0
2453837.90709 19.491 0.091 4.20 874.0
2453839.74289 19.732 0.169 5.05 1030.0
2453840.70888 19.066 0.093 4.94 1160.0
2453840.91383 19.192 0.082 4.35 1011.0
2453841.74740 19.382 0.098 4.11 1011.0
2453841.89797 19.338 0.095 4.13 1193.0
2453842.85039 19.519 0.098 3.58 1076.0
2453845.72293 19.510 0.213 5.09 2668.0
2453845.91313 19.566 0.129 5.16 853.0
2453846.73358 19.491 0.087 3.66 701.0
2453846.92554 19.638 0.131 4.56 929.0
2453847.79972 19.453 0.128 5.43 822.0
2453848.75468 19.511 0.107 4.74 691.0
2453849.75379 19.148 0.069 3.74 742.0
2453850.69785 19.594 0.106 3.84 762.0
2453850.86957 19.570 0.113 4.73 825.0
2453851.71300 19.414 0.103 4.87 742.0
2453851.87786 19.335 0.099 5.04 788.0
2453851.92400 19.613 0.140 5.59 858.0
2453852.70156 19.553 0.127 5.18 770.0
2453852.87280 19.328 0.096 5.18 757.0
2453853.68999 19.485 0.088 3.94 712.0
2453853.85829 19.640 0.109 4.57 677.0
2453853.92906 19.394 0.084 4.03 880.0
2453856.68002 19.435 0.092 3.75 886.0
2453856.84678 19.620 0.100 4.02 797.0
2453857.91768 19.356 0.092 4.52 835.0
2453858.76642 19.499 0.080 3.77 623.0
2453859.80460 19.294 0.074 4.29 567.0
2453860.67413 19.522 0.122 5.02 807.0
2453860.91296 19.310 0.100 5.21 847.0
2453861.67120 19.361 0.097 4.54 830.0
2453861.77578 19.306 0.077 4.22 709.0
2453862.70488 19.546 0.095 3.67 815.0
2453862.86788 19.315 0.086 4.53 881.0
2453863.63932 19.345 0.104 4.76 906.0
2453863.85701 19.693 0.102 4.08 700.0
2453863.93625 19.660 0.144 4.16 1188.0
2453864.67984 19.244 0.092 4.35 851.0
2453864.86991 19.361 0.076 4.17 689.0
2453865.69067 19.326 0.093 4.28 906.0
2453865.82738 19.286 0.075 3.93 788.0
2453865.90416 19.471 0.088 4.14 735.0
2453866.68911 19.332 0.082 3.83 834.0
2453866.82859 19.436 0.083 3.82 770.0
2453866.90748 19.335 0.071 3.38 797.0
2453867.63197 19.544 0.130 3.94 1347.0
2453867.81763 19.196 0.088 4.29 1038.0
2453867.89070 19.550 0.105 3.92 1042.0
2453868.71508 19.543 0.136 4.27 1209.0
2453868.86676 19.348 0.126 5.21 1158.0
2453869.69490 19.615 0.119 3.54 1252.0
2453869.87586 19.472 0.129 4.35 1445.0
2453872.89224 19.547 0.138 4.45 1383.0
2453873.64779 19.525 0.112 4.67 808.0
2453873.78988 19.456 0.096 4.08 881.0
2453873.86260 19.470 0.104 4.70 810.0
2453873.93224 19.317 0.097 4.21 940.0
2453874.74686 19.270 0.093 5.19 726.0
2453875.66057 19.470 0.073 3.30 642.0
2453875.80804 19.742 0.109 3.72 766.0
2453875.90697 19.334 0.082 4.23 769.0
2453876.63779 19.370 0.076 3.88 649.0
2453877.63592 19.219 0.072 4.31 616.0
2453877.78724 19.528 0.083 3.96 652.0
2453877.86113 19.459 0.091 4.42 779.0
2453879.66736 19.436 0.069 3.52 582.0
2453880.83679 19.301 0.092 5.09 773.0
2453880.91557 19.476 0.098 4.36 868.0
2453881.66593 19.538 0.092 3.78 778.0
2453881.87747 19.421 0.081 3.79 828.0
2453881.92421 19.328 0.080 3.61 955.0
2453882.75427 19.418 0.095 4.45 703.0
2453882.82850 19.330 0.092 4.59 813.0
2453882.89735 19.518 0.096 3.96 777.0
2453883.64367 19.553 0.137 5.41 801.0
2453883.84130 19.285 0.071 3.96 721.0
2453886.60576 19.221 0.083 4.62 819.0
2453886.79852 19.605 0.101 4.60 667.0
2453886.87035 19.193 0.084 5.13 740.0
2453887.57908 19.145 0.089 5.22 840.0
2453887.78162 19.264 0.071 4.40 687.0
2453887.88129 19.388 0.093 4.56 800.0
2453889.66155 19.376 0.079 4.03 661.0
2453889.93975 19.657 0.145 4.89 975.0
2453890.64080 19.558 0.098 3.72 813.0
2453891.67117 19.420 0.109 5.16 748.0
2453891.79941 19.197 0.081 4.70 768.0
2453891.88140 19.544 0.114 4.64 799.0
2453892.57275 19.360 0.140 6.01 1033.0
2453893.62215 19.399 0.106 5.03 803.0
2453893.86681 19.435 0.127 5.67 847.0
2453894.67539 19.078 0.088 5.82 706.0
2453896.61301 19.205 0.131 6.30 1078.0
2453900.53430 19.625 0.183 5.40 1368.0
2453900.79931 19.272 0.091 3.69 3922.0
2453900.86798 19.496 0.113 4.26 1027.0
2453901.54443 19.457 0.109 4.76 826.0
2453901.72575 19.328 0.113 5.46 883.0
2453901.87198 19.528 0.123 4.38 1048.0
2453902.56710 19.599 0.121 4.81 743.0
2453902.74663 19.413 0.092 4.54 801.0
2453902.86560 19.555 0.133 4.93 985.0
2453903.65479 19.501 0.104 4.35 804.0
2453903.90421 19.334 0.120 5.06 1014.0
2453904.55538 19.637 0.101 3.78 771.0
2453904.71847 19.250 0.070 3.75 785.0
2453904.78751 19.460 0.096 4.39 752.0
2453904.88966 19.534 0.118 4.44 911.0
2453905.55219 19.385 0.083 3.81 760.0
2453905.72883 19.475 0.080 3.62 772.0
2453905.79888 19.343 0.070 3.60 774.0
2453905.86745 19.603 0.113 3.97 948.0
2453906.56670 19.521 0.112 4.27 821.0
2453906.70652 19.439 0.094 4.51 721.0
2453906.77964 19.614 0.120 4.66 759.0
2453906.85890 19.242 0.083 4.22 818.0
2453907.59747 19.507 0.101 4.51 704.0
2453907.63765 19.702 0.153 5.66 736.0
2453907.77970 19.143 0.114 6.87 789.0
2453907.83260 19.695 0.177 6.00 880.0
2453907.86425 19.353 0.147 6.51 945.0
2453908.53358 19.272 0.090 4.13 995.0
2453908.71921 19.469 0.105 4.47 798.0
2453908.73706 19.559 0.112 4.43 799.0
2453908.76450 19.490 0.095 4.34 751.0
2453908.79931 19.285 0.081 4.47 715.0
2453908.87888 19.366 0.099 4.45 873.0
2453909.53537 19.777 0.146 4.48 902.0
2453909.71816 19.476 0.079 4.06 618.0
2453909.80863 19.332 0.073 4.08 670.0
2453909.88489 19.266 0.096 4.56 905.0
2453910.56482 19.586 0.124 4.76 833.0
2453912.53459 19.617 0.079 2.96 796.0
2453912.72192 19.345 0.066 4.16 615.0
2453912.81580 19.413 0.079 4.08 634.0
2453913.52606 19.637 0.093 3.35 775.0
2453913.73150 19.567 0.119 5.13 743.0
2453913.82042 19.476 0.084 3.58 739.0
2453914.54986 19.442 0.115 5.03 818.0
2453915.52758 19.424 0.105 4.49 856.0
2453915.72958 19.516 0.116 5.72 666.0
2453915.82778 19.441 0.089 4.28 691.0
2453916.56628 19.109 0.092 5.97 745.0
2453916.81019 19.333 0.100 5.54 703.0
2453917.61498 19.356 0.118 5.94 789.0
2453917.82070 19.294 0.103 5.16 819.0
2453918.60829 19.487 0.117 4.91 760.0
2453918.81847 19.410 0.126 5.70 790.0
2453919.54523 19.083 0.111 6.10 922.0
2453919.75524 19.625 0.102 4.59 627.0
2453920.51294 19.373 0.095 4.44 781.0
2453920.70904 19.519 0.122 5.62 743.0
2453920.79438 19.436 0.091 4.24 726.0
2453921.50911 19.394 0.096 3.53 980.0
2453921.70835 19.592 0.172 6.40 814.0
2453921.72284 19.305 0.138 7.24 811.0
2453922.71277 19.253 0.114 6.45 743.0
2453930.54603 19.441 0.106 4.44 855.0
2453930.78784 19.328 0.138 5.77 1086.0
2453931.50165 19.380 0.114 5.02 889.0
2453932.52926 19.538 0.112 4.12 877.0
2453932.80100 19.587 0.128 4.61 877.0
2453933.51569 19.751 0.120 3.71 867.0
2453933.70012 19.226 0.072 4.31 690.0
2453933.77213 19.595 0.106 4.13 776.0
2453934.48958 19.504 0.100 3.85 862.0
2453934.65962 19.463 0.081 4.27 647.0
2453934.72945 19.186 0.070 4.27 715.0
2453935.53946 19.514 0.102 4.16 764.0
2453935.71079 19.257 0.101 5.76 671.0
2453935.80835 19.454 0.128 5.19 872.0
2453936.49286 18.999 0.083 5.09 847.0
2453936.65834 19.341 0.088 4.51 702.0
2453936.73474 19.591 0.131 4.51 860.0
2453937.55713 19.309 0.134 7.03 728.0
2453938.50065 19.498 0.133 5.04 881.0
2453938.69566 19.308 0.082 4.98 528.0
2453938.80080 19.290 0.110 5.85 714.0
2453940.58529 19.374 0.089 4.89 701.0
2453941.70190 19.368 0.118 6.39 613.0
2453944.75357 19.417 0.098 4.65 711.0
2453945.78145 19.755 0.147 5.02 763.0
2453946.51231 19.584 0.141 5.83 797.0
2453950.52113 19.459 0.099 4.66 700.0
2453951.51387 19.449 0.114 4.92 805.0
2453951.74514 19.102 0.097 5.61 897.0
2453956.60687 19.401 0.128 5.43 1022.0
2453958.57628 19.434 0.105 4.68 806.0
2453959.50904 19.595 0.128 5.19 768.0
2453959.68349 19.317 0.097 4.91 814.0
2453960.49830 19.755 0.122 4.18 754.0
2453960.67738 19.350 0.074 3.60 765.0
2453963.53092 19.141 0.072 4.66 699.0
2453963.70831 19.453 0.110 5.18 678.0
2453964.52601 19.344 0.085 4.23 764.0
2453964.73474 19.376 0.101 5.13 698.0
2453965.51047 19.525 0.088 3.67 709.0
2453965.70175 19.543 0.091 3.85 669.0
2453966.48564 19.388 0.104 4.74 851.0
2453966.68738 19.167 0.080 4.64 685.0
2453967.52002 19.608 0.148 5.82 764.0
2453967.71281 19.443 0.099 4.80 666.0
2453968.49814 19.592 0.137 5.50 858.0
2453968.66806 19.577 0.116 4.65 714.0
2453969.47977 19.084 0.078 5.07 733.0
2453969.68043 19.192 0.092 5.51 666.0
2453970.50887 19.262 0.106 5.78 751.0
2453970.68747 19.488 0.093 4.18 654.0
2453971.55274 19.206 0.105 5.93 696.0
2453973.57893 19.196 0.084 5.18 633.0
2453974.50822 19.379 0.105 5.24 741.0
2453974.69477 19.360 0.129 6.50 729.0
2453975.51113 19.372 0.090 4.66 710.0
2453975.68297 19.520 0.129 5.54 749.0
2453976.50568 19.543 0.096 4.22 710.0
2453976.68168 19.676 0.158 5.43 844.0
2453979.50792 19.062 0.137 6.07 1678.0
2453982.56856 19.380 0.104 4.86 883.0
2453982.58587 19.365 0.097 4.06 1030.0
2453983.52619 19.289 0.162 5.17 1928.0
2453986.58300 19.151 0.095 5.07 896.0
2453987.50536 19.776 0.161 5.43 781.0
2453988.51485 19.380 0.085 4.42 682.0
2453989.52886 19.298 0.092 4.77 749.0
2453990.54570 19.764 0.162 5.52 727.0
2453991.50143 19.408 0.137 6.45 737.0
2453993.55318 19.371 0.115 6.14 686.0
2453994.56382 19.347 0.107 5.22 745.0
2453995.57142 19.476 0.088 4.12 701.0
2453999.58668 19.597 0.125 4.52 748.0
2454002.49491 19.354 0.103 5.18 757.0
2454003.49239 19.560 0.114 4.75 782.0
2454004.52649 19.654 0.108 3.93 777.0
2454006.51944 19.600 0.116 4.56 791.0
2454012.49937 19.261 0.131 6.66 878.0
2454016.51497 19.173 0.108 5.84 921.0
2454018.55207 19.604 0.152 5.06 844.0
2454023.53833 19.306 0.118 5.08 1126.0
2454025.55772 19.266 0.105 5.21 942.0
2454028.49714 19.020 0.106 6.30 916.0
2454031.49721 19.542 0.156 5.64 1028.0
2454040.51694 19.390 0.158 6.05 1098.0
2454141.87697 19.495 0.126 4.30 1196.0
2454150.89212 19.682 0.174 5.13 1343.0
2454153.88004 19.622 0.140 5.17 981.0
2454156.85844 19.436 0.136 5.82 991.0
2454158.87801 19.487 0.130 5.91 1047.0
2454161.84598 19.613 0.175 5.80 1253.0
2454163.82886 19.508 0.123 3.86 1523.0
2454165.81026 19.605 0.210 5.77 1745.0
2454168.80744 19.263 0.107 4.86 1290.0
2454175.79002 19.451 0.134 5.90 992.0
2454176.90138 19.415 0.097 3.99 970.0
2454178.80512 19.453 0.110 4.61 880.0
2454179.84946 19.646 0.117 4.11 967.0
2454181.78584 19.505 0.136 5.58 909.0
2454182.83082 19.446 0.091 4.08 841.0
2454183.86695 19.658 0.141 5.32 920.0
2454184.90756 19.504 0.088 3.80 818.0
2454189.84278 19.387 0.114 5.44 882.0
2454191.80787 19.446 0.148 6.13 1084.0
2454193.74224 19.445 0.190 6.68 1414.0
2454194.78775 19.511 0.130 5.08 1044.0
2454196.77787 19.427 0.130 5.11 1153.0
2454202.75939 19.744 0.135 4.91 992.0
2454203.74739 19.469 0.079 3.65 808.0
2454204.73969 19.618 0.137 4.92 974.0
2454204.92198 19.420 0.097 3.95 991.0
2454205.73622 19.476 0.104 4.77 786.0
2454207.72568 19.695 0.143 4.95 956.0
2454208.74776 19.646 0.130 5.35 876.0
2454211.79194 19.421 0.119 5.40 853.0
2454212.86910 19.283 0.127 6.34 842.0
2454212.89050 19.484 0.149 6.09 860.0
2454212.91084 19.659 0.178 6.34 874.0
2454213.71231 19.302 0.111 5.56 888.0
2454213.77199 19.518 0.103 4.21 852.0
2454213.91586 19.478 0.096 3.85 936.0
2454215.74501 19.120 0.096 5.93 888.0
2454216.70279 19.597 0.131 4.84 944.0
2454216.92718 19.702 0.165 5.24 1010.0
2454217.71024 19.701 0.124 4.21 958.0
2454217.91388 19.436 0.083 3.74 902.0
2454218.75985 19.508 0.147 5.89 917.0
2454219.75803 19.598 0.124 4.69 889.0
2454219.80957 19.391 0.096 4.39 894.0
2454220.65774 19.421 0.173 6.77 1195.0
2454220.70277 19.368 0.122 5.43 1006.0
2454220.92493 19.500 0.178 6.55 1081.0
2454220.93101 19.355 0.206 7.57 1392.0
2454221.65638 19.059 0.120 6.24 1296.0
2454222.67149 19.431 0.155 5.62 1353.0
2454222.91622 19.301 0.095 3.84 1239.0
2454224.78495 19.636 0.145 4.50 1337.0
2454227.88062 19.593 0.159 5.29 1352.0
2454228.64118 19.322 0.131 5.12 1353.0
2454228.68037 19.367 0.103 4.34 1102.0
2454228.91396 19.616 0.175 5.64 1390.0
2454229.67404 19.426 0.130 5.56 1027.0
2454229.87101 19.339 0.097 4.53 1050.0
2454229.93821 19.452 0.137 4.45 1665.0
2454230.68377 19.557 0.106 4.16 853.0
2454230.87180 19.371 0.114 5.12 1032.0
2454231.62610 19.542 0.138 4.91 1042.0
2454231.77031 19.647 0.121 4.24 1033.0
2454231.89450 19.216 0.107 5.16 1107.0
2454231.93761 19.249 0.154 5.55 1832.0
2454232.62919 19.385 0.147 6.11 1146.0
2454232.67816 19.310 0.139 6.13 1175.0
2454232.83918 19.600 0.193 6.34 1191.0
2454233.80996 19.317 0.132 6.00 1058.0
2454234.71162 19.537 0.131 5.24 991.0
2454235.63965 19.423 0.109 4.33 1091.0
2454235.80087 19.435 0.088 3.88 897.0
2454235.89331 19.519 0.110 4.20 945.0
2454238.62554 19.331 0.139 6.06 1102.0
2454238.87799 19.415 0.124 5.11 1152.0
2454239.62644 19.313 0.137 6.37 963.0
2454240.67966 19.406 0.114 5.24 888.0
2454240.81692 19.793 0.150 4.94 919.0
2454243.64549 19.402 0.129 5.67 959.0
2454243.73820 19.467 0.112 4.79 897.0
2454243.83196 19.323 0.117 5.48 940.0
2454244.61786 19.498 0.155 5.97 1068.0
2454244.71408 19.453 0.110 4.84 926.0
2454244.80690 19.443 0.110 4.68 987.0
2454245.61093 19.358 0.102 5.39 747.0
2454245.70484 19.580 0.114 4.70 805.0
2454245.80068 19.512 0.098 4.44 820.0
2454246.66926 19.706 0.136 4.89 896.0
2454246.76211 19.561 0.125 5.05 940.0
2454246.85543 19.437 0.127 5.40 1024.0
2454247.68446 19.517 0.119 5.03 984.0
2454247.82805 19.648 0.138 5.11 927.0
2454250.73262 19.341 0.103 4.25 1156.0
2454251.80421 19.378 0.177 5.88 1636.0
2454256.62034 19.527 0.175 5.46 1510.0
2454256.76634 19.247 0.130 5.99 1122.0
2454257.65198 19.500 0.139 5.38 1010.0
2454258.63554 19.292 0.122 6.07 929.0
2454258.75800 19.406 0.113 4.99 953.0
2454258.85213 19.498 0.138 5.31 1071.0
2454267.59612 19.269 0.122 5.38 967.0
2454268.55933 19.306 0.115 5.83 887.0
2454268.84219 19.449 0.104 4.23 992.0
2454269.57854 19.678 0.131 4.60 934.0
2454269.69908 19.573 0.117 4.95 781.0
2454269.78832 19.609 0.119 4.75 780.0
2454270.57209 19.355 0.117 5.49 1026.0
2454272.60044 19.429 0.102 4.14 1020.0
2454272.74959 19.616 0.111 4.24 846.0
2454272.80883 19.369 0.109 4.91 942.0
2454272.88037 19.321 0.136 5.41 1358.0
2454273.61756 19.059 0.106 6.26 982.0
2454273.79821 19.278 0.115 5.11 1232.0
2454273.85935 19.431 0.182 6.64 1327.0
2454274.55020 19.455 0.140 5.40 1192.0
2454274.70397 19.398 0.130 5.65 1023.0
2454274.76509 19.478 0.128 5.05 1042.0
2454274.82349 19.343 0.117 5.06 1047.0
2454275.60265 19.517 0.114 4.44 983.0
2454275.77799 19.705 0.156 4.63 1146.0
2454275.83648 19.556 0.164 5.28 1319.0
2454276.58742 19.386 0.134 5.84 1015.0
2454277.53122 19.384 0.162 6.17 1279.0
2454277.70813 19.446 0.106 4.30 986.0
2454277.76682 19.321 0.122 5.52 1012.0
2454277.82546 19.359 0.166 6.65 1195.0
2454278.57551 19.493 0.162 5.67 1219.0
2454278.75228 19.182 0.122 5.92 1090.0
2454283.51065 19.044 0.097 4.53 1509.0
2454283.73096 19.243 0.137 4.85 1708.0
2454284.50559 19.353 0.126 4.78 1198.0
2454284.69575 19.439 0.117 4.24 1140.0
2454284.75852 19.369 0.103 4.05 1150.0
2454284.82335 19.457 0.152 4.80 1426.0
2454285.50869 19.096 0.112 5.34 1291.0
2454285.69681 19.686 0.156 5.07 1025.0
2454285.76327 19.583 0.131 4.65 969.0
2454285.82856 19.402 0.125 5.10 1121.0
2454286.50838 19.221 0.109 5.08 1165.0
2454289.51621 19.117 0.104 5.37 1098.0
2454289.73474 19.702 0.151 4.90 981.0
2454289.79987 19.471 0.130 5.14 1013.0
2454290.56252 19.444 0.149 6.56 875.0
2454291.62513 19.549 0.113 4.36 882.0
2454291.78783 19.364 0.154 6.77 901.0
2454292.49078 19.456 0.097 3.93 1057.0
2454292.66997 19.436 0.095 4.18 898.0
2454292.72854 19.510 0.097 4.22 851.0
2454292.78709 19.463 0.093 3.72 929.0
2454293.49112 19.362 0.105 4.55 960.0
2454293.71571 19.402 0.091 4.31 795.0
2454293.77451 19.494 0.110 4.52 859.0
2454294.49029 19.486 0.122 4.58 1022.0
2454295.49742 19.352 0.110 5.37 882.0
2454295.69543 19.418 0.083 4.27 689.0
2454295.75400 19.312 0.074 3.89 685.0
2454296.49438 19.261 0.106 4.93 951.0
2454296.69097 19.507 0.107 4.97 728.0
2454296.82385 19.071 0.105 6.53 900.0
2454297.51399 19.419 0.121 5.28 905.0
2454297.71559 19.749 0.122 4.67 705.0
2454298.54886 19.342 0.119 5.88 816.0
2454298.65458 19.427 0.112 5.30 736.0
2454298.75420 19.427 0.131 6.12 811.0
2454299.53187 19.597 0.100 4.02 823.0
2454299.62489 19.527 0.090 4.05 742.0
2454299.71707 19.318 0.073 3.89 700.0
2454299.81164 19.398 0.123 5.99 817.0
2454300.52756 19.212 0.096 5.49 857.0
2454300.64762 19.747 0.131 4.71 718.0
2454300.74316 19.324 0.094 4.81 798.0
2454301.51844 19.692 0.121 4.15 984.0
2454301.61421 19.493 0.096 4.44 865.0
2454301.71484 19.472 0.099 4.63 805.0
2454301.80516 19.431 0.102 4.93 828.0
2454302.59141 19.488 0.128 5.53 836.0
2454302.69159 19.263 0.100 5.54 787.0
2454303.67746 19.386 0.135 6.56 759.0
2454304.55156 19.760 0.188 5.19 1252.0
2454304.66967 19.514 0.172 6.12 1155.0
2454306.63551 19.517 0.126 4.86 961.0
2454306.68915 19.359 0.121 5.62 947.0
2454310.61471 19.335 0.144 4.45 1968.0
2454311.76339 19.333 0.188 6.45 1748.0
2454312.54700 19.600 0.176 5.39 1396.0
2454312.74544 19.668 0.138 4.95 1036.0
2454316.71118 19.274 0.111 5.22 946.0
2454317.55926 19.469 0.095 4.12 809.0
2454319.77136 19.269 0.110 5.54 973.0
2454320.54332 19.475 0.107 4.35 828.0
2454326.51058 19.475 0.115 4.94 897.0
2454326.70776 19.544 0.139 5.73 786.0
2454327.58909 19.508 0.158 6.44 839.0
2454327.73037 19.140 0.118 6.40 954.0
2454328.51589 19.370 0.121 4.85 1058.0
2454328.69392 19.449 0.124 4.95 976.0
2454329.52576 19.466 0.120 5.15 901.0
2454329.67363 19.450 0.128 5.78 871.0
2454330.49678 19.556 0.127 5.01 929.0
2454330.69004 19.625 0.126 4.35 884.0
2454331.47689 19.583 0.174 5.98 1121.0
2454331.68575 19.372 0.130 6.32 819.0
2454332.50667 19.456 0.093 4.05 907.0
2454333.52775 19.540 0.138 4.82 1035.0
2454333.68888 19.375 0.126 5.76 923.0
2454334.50112 19.188 0.168 6.44 1782.0
2454338.50097 19.594 0.151 4.48 1449.0
2454339.47835 19.260 0.124 4.98 1527.0
2454339.69478 19.261 0.162 6.77 1410.0
2454340.59863 19.694 0.158 4.65 1208.0
2454341.50166 19.414 0.157 5.96 1185.0
2454342.53086 19.213 0.101 4.98 1014.0
2454343.50967 19.530 0.095 3.69 1021.0
2454344.53790 19.583 0.171 5.72 1097.0
2454345.50311 19.452 0.093 3.75 995.0
2454346.51578 19.397 0.129 5.47 1057.0
2454347.53048 19.540 0.137 5.45 921.0
2454349.49170 19.448 0.129 5.27 962.0
2454350.53879 19.506 0.109 4.43 933.0
2454351.50468 19.686 0.135 4.57 923.0
2454352.55522 19.264 0.137 6.66 955.0
2454353.50858 19.684 0.128 4.33 1022.0
2454354.53729 19.612 0.120 4.35 955.0
2454355.53892 19.438 0.125 5.07 1002.0
2454356.50530 19.463 0.113 4.65 929.0
2454357.53437 19.295 0.126 6.19 973.0
2454358.49741 19.334 0.128 6.02 1011.0
2454359.53497 19.591 0.134 5.13 918.0
2454360.55947 19.610 0.162 5.89 957.0
2454361.56772 19.475 0.170 6.24 1119.0
2454362.50947 19.438 0.149 4.97 1630.0
2454365.56028 19.140 0.130 6.22 1273.0
2454367.48637 19.542 0.132 4.67 1320.0
2454368.53000 19.740 0.209 5.86 1201.0
2454370.48728 19.363 0.135 5.41 1213.0
2454371.53245 19.450 0.112 4.37 1115.0
2454372.51821 19.554 0.098 3.88 936.0
2454373.50438 19.599 0.169 5.76 1089.0
2454376.56910 19.374 0.170 7.03 1091.0
2454377.60635 19.372 0.135 5.82 1099.0
2454378.51689 19.399 0.118 5.12 926.0
2454379.53194 19.641 0.203 6.51 1037.0
2454380.54343 19.455 0.118 4.67 984.0
2454381.52211 19.381 0.171 6.93 1232.0
2454382.56466 19.381 0.148 6.03 1161.0
2454383.55519 19.380 0.134 5.29 1212.0
2454384.52937 19.663 0.182 5.96 1008.0
2454387.58608 19.429 0.132 5.38 1229.0
2454393.52922 19.222 0.100 4.59 1208.0
2454394.54456 19.531 0.152 4.85 1322.0
2454395.51598 19.530 0.154 5.13 1274.0
2454396.50797 19.422 0.180 6.05 1496.0
2454397.53227 19.418 0.155 5.19 1538.0
2454398.53721 19.486 0.153 5.01 1501.0
2454399.52987 19.484 0.168 5.36 1427.0
2454403.54741 19.364 0.159 5.91 1276.0
2454408.53819 19.179 0.133 6.23 1333.0
2454507.85354 19.381 0.150 6.46 1035.0
2454510.85891 19.302 0.115 5.45 993.0
2454513.86004 19.598 0.128 4.85 974.0
2454517.85915 19.237 0.156 6.79 1321.0
2454519.88012 19.614 0.119 4.58 964.0
2454524.80991 19.046 0.088 4.78 1200.0
2454530.81751 19.613 0.106 4.16 929.0
2454533.85111 19.503 0.122 5.14 878.0
2454535.83536 19.460 0.149 6.59 879.0
2454536.89378 19.545 0.116 4.98 826.0
2454537.87943 19.476 0.089 4.52 726.0
2454538.81454 19.328 0.105 4.89 923.0
2454539.85261 19.658 0.136 5.45 804.0
2454540.79876 19.339 0.081 3.97 919.0
2454541.79148 19.498 0.098 4.65 820.0
2454542.78618 19.546 0.150 6.43 895.0
2454543.78170 19.365 0.104 5.07 920.0
2454544.77861 19.698 0.156 5.09 1061.0
2454545.78492 19.372 0.108 4.80 1062.0
2454547.78601 19.573 0.122 4.43 1152.0
2454548.79700 19.274 0.125 5.52 1123.0
2454550.74003 19.405 0.144 6.20 1102.0
2454551.76322 19.237 0.091 4.40 1079.0
2454556.75525 19.356 0.083 4.36 770.0
2454557.77249 19.306 0.091 5.09 790.0
2454558.74944 19.630 0.111 4.58 777.0
2454558.91923 19.377 0.098 3.68 1213.0
2454559.74734 19.496 0.101 4.84 715.0
2454560.74745 19.390 0.089 4.67 694.0
2454561.73752 19.506 0.116 5.19 822.0
2454561.92370 19.656 0.143 3.43 1705.0
2454564.72770 19.480 0.103 4.82 755.0
2454564.92819 19.305 0.118 4.43 1309.0
2454565.72580 19.700 0.097 3.69 750.0
2454565.91663 19.469 0.074 3.12 789.0
2454566.72526 19.413 0.093 4.81 762.0
2454566.92246 19.526 0.097 3.52 1077.0
2454567.71824 19.465 0.108 4.90 843.0
2454567.92413 19.629 0.125 3.46 1302.0
2454568.72687 19.596 0.132 5.11 846.0
2454569.73595 19.292 0.107 6.05 795.0
2454570.72660 19.317 0.115 5.93 873.0
2454571.72121 19.585 0.163 6.44 909.0
2454571.90979 19.433 0.088 3.90 791.0
2454572.74871 19.559 0.106 4.55 864.0
2454573.73712 19.472 0.113 4.78 962.0
2454573.90347 19.328 0.072 3.63 749.0
2454574.73949 19.475 0.126 5.09 996.0
2454575.74856 19.616 0.124 4.20 1019.0
2454576.75508 19.270 0.086 4.05 1124.0
2454577.83677 19.579 0.128 4.72 1024.0
2454578.80499 19.678 0.161 5.69 1030.0
2454579.86474 19.569 0.185 4.48 2452.0
2454583.73154 19.433 0.132 5.63 1039.0
2454583.91768 19.475 0.108 4.73 887.0
2454585.75524 19.216 0.100 5.93 838.0
2454586.78046 19.103 0.100 6.13 847.0
2454587.76816 19.404 0.120 5.74 839.0
2454587.92672 19.423 0.150 6.08 1007.0
2454588.69068 19.417 0.123 5.58 894.0
2454588.92153 19.563 0.106 3.87 903.0
2454589.67358 19.291 0.103 5.32 878.0
2454589.82898 19.781 0.150 4.78 807.0
2454589.89100 19.398 0.113 5.19 856.0
2454590.69638 19.748 0.159 5.25 953.0
2454590.89885 19.512 0.101 3.70 959.0
2454591.70485 19.473 0.113 4.84 990.0
2454591.82976 19.547 0.108 4.15 909.0
2454591.89686 19.676 0.127 4.06 986.0
2454592.66348 19.365 0.118 5.27 1183.0
2454592.85275 19.568 0.151 4.67 1155.0
2454592.93109 19.370 0.112 4.24 1370.0
2454593.65262 19.372 0.114 5.44 933.0
2454593.86231 19.601 0.108 3.67 967.0
2454594.67368 19.252 0.095 5.26 862.0
2454594.86868 19.587 0.126 4.66 950.0
2454594.93417 19.503 0.135 4.85 1119.0
2454595.66316 19.424 0.113 5.50 864.0
2454595.85756 19.432 0.102 4.87 807.0
2454595.91944 19.382 0.119 5.49 844.0
2454596.65836 19.420 0.116 5.34 855.0
2454597.68282 19.321 0.095 5.06 779.0
2454597.87433 19.397 0.102 4.43 920.0
2454598.65913 19.533 0.083 3.89 701.0
2454598.92778 19.354 0.104 4.49 1001.0
2454599.92213 19.178 0.097 5.16 951.0
2454600.64085 19.501 0.099 4.52 790.0
2454600.84954 19.512 0.094 3.82 886.0
2454601.64640 19.637 0.113 4.19 926.0
2454601.86265 19.445 0.091 4.23 769.0
2454601.92452 19.562 0.123 5.29 810.0
2454602.63905 19.401 0.089 4.13 891.0
2454602.84847 19.562 0.098 3.76 853.0
2454603.76650 19.435 0.115 5.22 907.0
2454606.64031 19.454 0.118 4.25 1347.0
2454606.89541 19.477 0.116 4.02 1395.0
2454610.94368 19.297 0.136 4.43 2138.0
2454611.62583 19.322 0.123 5.46 1063.0
2454611.81668 19.680 0.117 3.59 1050.0
2454612.64720 19.426 0.131 4.89 1228.0
2454615.78893 19.608 0.135 4.72 937.0
2454616.59794 19.415 0.148 6.27 1000.0
2454616.81445 19.470 0.123 5.26 839.0
2454616.88445 19.323 0.108 4.71 1048.0
2454617.66694 19.566 0.118 5.22 852.0
2454618.60970 19.381 0.112 5.22 903.0
2454620.63471 19.563 0.183 6.87 1022.0
2454621.90921 19.306 0.086 4.06 1062.0
2454621.93037 19.355 0.103 4.49 1095.0
2454622.80814 19.481 0.115 4.55 921.0
2454622.91879 19.100 0.132 6.84 1232.0
2454623.86725 19.551 0.152 5.20 1149.0
2454624.58721 19.273 0.115 5.65 1050.0
2454624.81137 19.437 0.121 5.28 885.0
2454624.87773 19.491 0.118 4.97 922.0
2454625.60130 19.444 0.148 6.72 915.0
2454625.79168 19.389 0.131 5.82 996.0
2454625.90763 19.510 0.180 7.07 1052.0
2454626.59981 19.419 0.126 6.20 822.0
2454626.85511 19.153 0.106 6.26 884.0
2454627.56027 19.180 0.099 4.78 1003.0
2454627.83363 19.418 0.082 4.10 751.0
2454627.91682 19.366 0.095 4.93 847.0
2454628.54681 19.420 0.120 5.25 1046.0
2454628.75383 19.713 0.146 5.74 839.0
2454628.81928 19.506 0.138 5.77 854.0
2454628.88916 19.289 0.107 5.27 982.0
2454629.62497 19.388 0.089 4.17 799.0
2454629.82761 19.630 0.140 4.96 986.0
2454629.90561 19.644 0.146 5.58 993.0
2454630.56090 19.621 0.160 5.55 1046.0
2454630.76674 19.669 0.120 3.88 941.0
2454630.85011 19.446 0.099 4.09 922.0
2454630.91288 19.319 0.124 5.62 1089.0
2454631.56231 19.570 0.103 4.07 999.0
2454631.77805 19.639 0.105 3.90 851.0
2454631.86472 19.420 0.111 4.72 1076.0
2454632.56608 19.400 0.101 4.34 1119.0
2454633.56608 19.591 0.118 4.14 1166.0
2454633.67758 19.384 0.089 3.97 1001.0
2454633.79335 19.416 0.104 4.24 1101.0
2454638.75111 19.466 0.121 4.38 1042.0
2454639.57367 19.680 0.161 4.98 1241.0
2454639.67146 19.468 0.109 3.86 1292.0
2454640.59319 19.390 0.100 4.77 918.0
2454640.72536 19.452 0.105 4.50 840.0
2454640.83037 19.384 0.120 5.09 1014.0
2454641.66718 19.598 0.120 4.23 885.0
2454641.77714 19.303 0.102 4.77 933.0
2454642.59107 19.601 0.117 4.46 924.0
2454642.75361 19.660 0.142 5.33 819.0
2454642.82866 19.585 0.142 5.25 1014.0
2454643.54888 19.502 0.143 6.17 919.0
2454644.59625 19.551 0.170 6.80 890.0
2454644.85522 19.493 0.119 5.06 901.0
2454645.51932 19.377 0.136 5.00 1297.0
2454645.76778 19.200 0.091 4.28 947.0
2454645.84250 19.461 0.139 5.23 1170.0
2454646.51734 19.681 0.136 4.47 1126.0
2454646.84974 19.506 0.137 5.10 1160.0
2454647.51371 19.354 0.123 4.20 1391.0
2454647.73676 19.623 0.150 5.04 1013.0
2454647.84780 19.456 0.148 5.83 1148.0
2454648.49689 19.315 0.119 4.81 1238.0
2454648.71052 19.415 0.115 5.13 869.0
2454648.81438 19.162 0.102 5.73 964.0
2454649.52297 19.194 0.122 6.17 1115.0
2454649.73167 19.427 0.086 3.92 799.0
2454649.85806 19.693 0.171 5.67 1122.0
2454650.50894 19.200 0.113 5.72 1239.0
2454650.77288 19.229 0.087 4.60 828.0
2454650.86657 19.332 0.122 5.26 1139.0
2454651.51229 19.352 0.162 6.24 1233.0
2454651.80745 19.332 0.130 5.93 1050.0
2454652.50335 19.457 0.133 5.13 1182.0
2454652.71647 19.513 0.105 4.21 853.0
2454652.79138 19.370 0.108 4.86 916.0
2454652.84111 19.465 0.144 5.66 1087.0
2454653.49969 19.427 0.164 6.56 1192.0
2454653.71888 19.612 0.130 4.63 944.0
2454653.78407 19.587 0.157 5.70 1012.0
2454654.53850 19.298 0.116 6.00 976.0
2454654.74997 19.647 0.136 4.96 863.0
2454654.81506 19.471 0.187 6.90 1179.0
2454655.72405 19.471 0.089 3.92 755.0
2454655.78584 19.560 0.125 4.68 929.0
2454656.50153 19.447 0.091 3.91 930.0
2454656.69127 19.394 0.107 4.07 1034.0
2454656.81051 19.296 0.122 4.78 1345.0
2454657.72648 19.356 0.130 6.09 863.0
2454658.65986 19.353 0.110 5.17 928.0
2454659.59398 19.557 0.178 6.50 942.0
2454660.61229 19.500 0.132 5.44 985.0
2454661.48957 19.328 0.114 4.28 1427.0
2454661.69025 19.282 0.102 4.13 1105.0
2454661.75174 19.189 0.095 4.10 1211.0
2454661.81894 19.628 0.165 4.78 1418.0
2454665.65702 19.713 0.189 4.45 1672.0
2454666.56248 19.572 0.135 4.75 1311.0
2454666.70555 19.573 0.135 4.42 1179.0
2454666.74769 19.605 0.148 4.66 1235.0
2454670.64716 19.372 0.118 5.53 863.0
2454671.58268 19.512 0.100 4.78 718.0
2454672.50818 19.530 0.099 3.90 927.0
2454672.70066 19.415 0.104 4.76 950.0
2454672.72293 19.324 0.111 5.46 933.0
2454674.51128 19.363 0.128 5.88 917.0
2454674.70441 19.533 0.122 4.84 887.0
2454677.48789 19.660 0.138 5.00 1010.0
2454677.63431 19.415 0.110 4.91 830.0
2454677.77679 19.517 0.136 5.78 914.0
2454678.69129 19.042 0.073 4.56 764.0
2454679.49351 19.020 0.104 6.30 917.0
2454681.52929 19.577 0.131 5.24 830.0
2454681.62931 19.647 0.133 4.93 765.0
2454681.76152 19.348 0.111 5.05 1023.0
2454682.50029 19.438 0.107 4.55 942.0
2454682.65762 19.356 0.098 4.96 775.0
2454682.75285 19.533 0.119 4.79 897.0
2454683.51883 19.663 0.180 6.43 1093.0
2454683.70573 19.339 0.134 6.85 804.0
2454684.51138 19.723 0.151 4.85 1088.0
2454684.72506 19.299 0.090 5.22 816.0
2454685.49630 19.139 0.114 6.35 1033.0
2454686.50006 19.308 0.106 5.12 995.0
2454687.48384 19.497 0.125 4.78 970.0
2454687.73934 19.158 0.097 5.15 1003.0
2454688.49677 19.324 0.118 5.22 1056.0
2454688.68660 19.555 0.124 5.11 855.0
2454688.74841 19.224 0.113 5.93 1050.0
2454693.54434 19.202 0.084 4.19 1130.0
2454694.53961 19.491 0.180 7.05 1110.0
2454697.50023 19.470 0.107 4.73 860.0
2454698.50576 19.503 0.098 4.28 813.0
2454699.50193 19.596 0.136 5.24 936.0
2454700.50819 19.401 0.102 4.74 899.0
2454701.50347 19.567 0.125 4.72 939.0
2454702.50197 19.714 0.127 4.53 897.0
2454703.57249 19.478 0.113 4.69 865.0
2454704.64223 19.337 0.089 4.51 816.0
2454705.50567 19.542 0.119 5.34 920.0
2454707.63600 19.564 0.102 4.10 771.0
2454708.53888 19.314 0.121 5.99 873.0
2454709.51499 19.129 0.111 6.45 956.0
2454710.54461 19.396 0.109 4.63 913.0
2454715.58394 19.323 0.136 6.42 965.0
2454715.60096 19.408 0.138 5.66 990.0
2454716.48542 19.636 0.127 4.18 1193.0
2454716.58634 19.517 0.147 4.41 1616.0
2454720.55350 19.324 0.116 4.80 1148.0
2454721.48504 19.567 0.209 6.51 1261.0
2454722.51759 19.210 0.092 4.32 1071.0
2454724.50739 19.556 0.157 5.15 1113.0
2454724.58350 19.363 0.146 5.87 1272.0
2454724.65368 19.502 0.189 6.01 1573.0
2454725.48621 19.276 0.144 6.28 1139.0
2454726.54711 19.571 0.187 6.00 1063.0
2454729.54772 19.418 0.159 7.01 898.0
2454730.56408 19.244 0.096 5.05 891.0
2454731.57097 19.621 0.155 6.58 855.0
2454733.52266 19.558 0.130 5.16 852.0
2454734.55204 19.537 0.146 5.36 932.0
2454737.54294 19.353 0.122 5.84 833.0
2454740.55345 19.328 0.130 6.18 941.0
2454741.56114 19.490 0.116 4.59 946.0
2454743.53609 19.356 0.118 4.95 937.0
2454753.54700 19.511 0.159 5.71 1188.0
2454756.52584 19.438 0.156 6.11 1107.0
2454758.50867 19.386 0.140 5.44 1197.0
2454869.86286 19.329 0.108 4.88 1043.0
2454873.85169 19.314 0.123 5.47 1269.0
2454874.84617 19.524 0.174 6.55 1299.0
2454877.84599 19.356 0.103 4.63 1034.0
2454884.85353 19.351 0.095 4.08 1054.0
2454896.86981 19.366 0.101 5.29 843.0
2454899.84073 19.543 0.121 4.38 1019.0
2454900.88216 19.580 0.121 4.61 1003.0
2454901.88058 19.339 0.084 3.82 996.0
2454902.87927 19.480 0.099 4.04 972.0
2454904.80337 19.426 0.102 4.04 1034.0
2454905.90735 19.514 0.126 4.18 1179.0
2454911.77987 19.567 0.092 3.96 738.0
2454912.77680 19.523 0.081 3.56 764.0
2454914.79386 19.454 0.106 5.46 751.0
2454917.75492 19.447 0.088 4.00 833.0
2454920.73509 19.513 0.101 4.61 768.0
2454924.77614 19.150 0.072 4.11 855.0
2454925.81607 19.119 0.067 4.11 895.0
2454925.90313 19.196 0.061 3.26 845.0
2454927.71579 19.126 0.115 6.21 1111.0
2454927.87026 18.983 0.078 4.97 924.0
2454928.73225 19.202 0.098 5.00 999.0
2454929.78851 18.846 0.062 4.58 989.0
2454930.70301 19.028 0.096 5.39 1357.0
2454930.82195 19.104 0.091 4.68 1150.0
2454931.71785 18.832 0.081 5.18 1328.0
2454931.86352 18.930 0.069 4.22 1067.0
2454932.72090 18.679 0.058 4.58 1216.0
2454932.82156 18.735 0.049 3.97 1054.0
2454933.76923 18.791 0.075 5.44 1169.0
2454934.76763 18.620 0.089 6.19 1617.0
2454934.87248 18.702 0.093 5.33 2072.0
2454938.67822 19.099 0.092 4.78 1178.0
2454938.88288 18.771 0.061 4.37 977.0
2454939.69714 18.792 0.061 4.70 899.0
2454940.69714 18.994 0.074 4.74 870.0
2454941.67590 18.926 0.082 5.26 977.0
2454941.77390 18.995 0.071 4.59 859.0
2454941.89227 18.833 0.075 5.71 863.0
2454942.71367 18.950 0.060 4.13 848.0
2454943.66772 19.071 0.071 5.00 875.0
2454943.80722 19.125 0.073 3.95 819.0
2454944.66453 18.910 0.070 4.74 928.0
2454944.81997 19.097 0.063 3.40 803.0
2454945.71300 19.221 0.079 4.27 861.0
2454945.76944 19.399 0.086 4.04 830.0
2454946.66265 19.120 0.086 5.02 867.0
2454947.65632 19.047 0.075 5.37 835.0
2454947.85427 19.371 0.077 3.36 915.0
2454948.83688 19.389 0.078 3.95 772.0
2454951.64502 19.107 0.092 5.31 996.0
2454952.64326 19.165 0.103 6.64 860.0
2454953.63690 19.465 0.133 6.19 1013.0
2454953.81147 19.259 0.086 3.90 914.0
2454954.63843 19.285 0.114 5.56 943.0
2454954.83130 19.383 0.096 4.37 810.0
2454955.63914 19.365 0.138 6.27 1063.0
2454955.77250 19.310 0.119 6.66 819.0
