2452129.65154 18.890 0.053 3.54 815.0
2452132.59405 19.021 0.088 4.78 827.0
2452135.73162 18.888 0.067 4.37 935.0
2452144.57615 18.624 0.062 4.53 913.0
2452160.56303 18.817 0.094 5.61 924.0
2452187.53990 18.854 0.092 5.53 1058.0
2452206.53535 18.481 0.099 6.66 1539.0
2452331.87611 18.861 0.077 4.65 1138.0
2452345.90457 18.851 0.082 4.67 1096.0
2452355.85051 18.889 0.066 4.22 878.0
2452364.90800 18.687 0.072 5.15 944.0
2452372.80867 18.906 0.055 3.61 875.0
2452403.86329 18.958 0.064 4.36 784.0
2452411.81189 18.786 0.056 3.81 992.0
2452414.74352 18.768 0.058 4.20 824.0
2452416.78196 18.892 0.070 4.24 956.0
2452424.87634 19.045 0.137 6.22 1236.0
2452428.77677 18.915 0.089 5.49 782.0
2452432.82127 18.914 0.103 5.59 978.0
2452434.68716 18.868 0.068 4.34 842.0
2452436.73548 18.869 0.070 4.82 888.0
2452438.71300 18.807 0.075 5.07 834.0
2452440.74301 18.885 0.066 4.23 852.0
2452443.71591 19.220 0.120 4.93 896.0
2452445.59686 18.967 0.067 3.64 920.0
2452446.69492 18.669 0.054 4.09 920.0
2452448.58942 18.939 0.148 4.35 4062.0
2452453.83656 18.708 0.067 4.71 1085.0
2452456.54806 18.738 0.073 5.63 798.0
2452458.68500 19.041 0.076 4.47 680.0
2452460.75735 18.916 0.102 6.26 907.0
2452463.50654 18.749 0.066 4.49 1106.0
2452468.58551 18.788 0.048 3.64 704.0
2452470.58877 18.872 0.077 4.85 791.0
2452472.58919 18.495 0.055 4.26 1452.0
2452484.58673 18.796 0.107 6.51 748.0
2452486.67947 18.810 0.124 7.47 793.0
2452490.64598 18.612 0.078 6.11 784.0
2452493.60814 18.858 0.075 4.42 895.0
2452495.67954 19.036 0.075 4.20 864.0
2452497.76350 19.053 0.091 4.15 1342.0
2452500.49768 18.663 0.070 4.75 1017.0
2452502.53045 18.747 0.051 3.70 899.0
2452508.62975 18.829 0.072 4.45 1113.0
2452512.57717 18.914 0.086 4.58 1041.0
2452517.61904 18.700 0.051 3.91 866.0
2452520.54386 18.721 0.061 4.13 926.0
2452526.63487 18.865 0.073 4.91 744.0
2452537.61452 18.873 0.121 6.46 1157.0
2452542.48188 19.085 0.122 4.27 2179.0
2452547.54931 18.750 0.076 4.59 1199.0
2452556.54022 18.626 0.071 4.80 1034.0
2452564.49740 18.961 0.115 5.30 1409.0
2452575.49554 18.788 0.091 4.75 1623.0
2452706.88259 18.779 0.058 4.30 811.0
2452714.86684 18.857 0.065 4.22 745.0
2452728.89611 18.799 0.091 5.62 859.0
2452733.87921 18.783 0.074 4.34 969.0
2452744.86700 18.985 0.065 3.66 894.0
2452753.85264 18.652 0.067 5.11 987.0
2452756.92204 18.922 0.078 4.68 981.0
2452760.86505 18.517 0.060 5.33 1074.0
2452766.91817 19.205 0.115 4.97 1024.0
2452770.78897 18.884 0.093 5.15 1004.0
2452783.73355 19.103 0.070 3.75 787.0
2452785.83847 18.706 0.082 5.33 1165.0
2452786.89892 18.821 0.091 5.01 1348.0
2452789.70912 18.831 0.060 4.00 846.0
2452791.68833 18.730 0.060 4.56 739.0
2452794.89459 18.734 0.068 4.50 1071.0
2452796.77612 18.844 0.063 4.25 774.0
2452797.93877 18.891 0.080 4.91 1061.0
2452809.68224 18.890 0.074 4.45 934.0
2452810.84912 18.862 0.071 4.05 1215.0
2452811.88088 18.933 0.090 4.77 1141.0
2452813.67766 19.121 0.118 5.69 716.0
2452814.69990 19.163 0.090 4.22 782.0
2452816.56295 18.799 0.067 4.51 825.0
2452818.55045 18.776 0.088 5.61 901.0
2452820.70902 18.689 0.065 4.25 880.0
2452826.71602 18.950 0.075 4.43 814.0
2452836.69696 18.806 0.094 3.60 3576.0
2452837.59423 18.956 0.123 5.49 1574.0
2452839.64243 18.931 0.106 5.55 952.0
2452841.65581 19.110 0.098 4.64 967.0
2452843.58859 18.866 0.085 5.73 884.0
2452845.61670 18.736 0.082 5.62 916.0
2452852.49297 18.655 0.093 6.07 1056.0
2452852.50526 19.010 0.102 5.16 1040.0
2452852.51833 18.803 0.096 5.79 998.0
2452852.56435 18.666 0.103 6.46 1027.0
2452854.48721 18.616 0.085 5.95 1078.0
2452856.68024 19.024 0.101 4.92 1139.0
2452858.64561 18.824 0.085 4.67 1572.0
2452862.57218 18.879 0.091 4.81 1144.0
2452865.68149 18.900 0.069 4.13 1045.0
2452868.56125 18.838 0.066 4.56 787.0
2452871.66850 18.934 0.067 3.93 936.0
2452876.55206 18.978 0.088 4.99 796.0
2452879.59624 18.852 0.075 4.63 791.0
2452885.49111 18.961 0.126 6.56 1056.0
2452894.59895 18.905 0.093 5.23 1039.0
2452898.58380 18.853 0.085 4.63 1067.0
2452909.55112 19.229 0.119 4.90 1006.0
2452917.59106 18.770 0.079 4.30 1243.0
2452930.53369 19.007 0.086 3.79 1153.0
2453051.86890 18.687 0.095 4.88 2151.0
2453058.86228 18.611 0.047 3.80 880.0
2453062.89719 18.653 0.040 3.33 854.0
2453063.88592 18.599 0.051 4.19 833.0
2453067.86078 18.707 0.057 4.11 797.0
2453070.82072 18.843 0.092 5.57 1162.0
2453072.89954 18.827 0.053 3.52 856.0
2453075.81908 18.788 0.068 4.20 1103.0
2453079.85289 19.070 0.093 3.33 2109.0
2453082.81575 18.766 0.058 4.12 772.0
2453084.87134 18.963 0.056 3.54 722.0
2453086.80536 18.849 0.051 3.34 753.0
2453088.76236 18.570 0.046 4.05 709.0
2453089.87232 18.837 0.051 3.53 760.0
2453091.78950 18.814 0.065 4.69 700.0
2453098.87083 18.950 0.057 3.77 746.0
2453100.82480 19.030 0.073 3.86 860.0
2453102.78756 19.048 0.079 3.52 1032.0
2453103.86143 18.798 0.064 3.84 984.0
2453106.79584 18.764 0.085 3.93 1940.0
2453108.73345 18.677 0.046 3.46 859.0
2453109.76002 18.763 0.053 3.93 812.0
2453110.79951 18.751 0.058 4.04 879.0
2453111.83352 19.039 0.075 4.45 752.0
2453112.80681 18.763 0.057 4.60 648.0
2453113.84064 18.777 0.057 4.32 646.0
2453114.75079 18.863 0.052 3.60 698.0
2453118.89483 18.721 0.065 4.99 848.0
2453125.83490 18.818 0.096 6.28 836.0
2453126.86420 18.898 0.077 4.77 931.0
2453127.76975 18.971 0.076 3.95 965.0
2453128.78815 18.918 0.067 3.78 967.0
2453129.76283 19.025 0.087 4.08 1053.0
2453131.65044 19.142 0.148 5.35 1726.0
2453134.84788 19.077 0.118 4.93 1537.0
2453135.83100 18.871 0.062 4.31 889.0
2453138.79086 18.846 0.062 4.54 729.0
2453139.83504 18.893 0.062 4.70 724.0
2453140.84243 18.888 0.080 5.52 750.0
2453142.73461 18.758 0.058 4.39 732.0
2453144.75523 18.950 0.073 4.62 711.0
2453146.72877 18.906 0.074 4.99 696.0
2453151.71748 19.076 0.133 6.88 743.0
2453152.72125 18.830 0.064 4.32 787.0
2453153.72521 19.024 0.112 6.22 764.0
2453154.78617 18.610 0.069 5.61 845.0
2453156.76872 19.037 0.104 5.13 1146.0
2453158.83929 19.129 0.134 5.46 1299.0
2453162.78020 18.822 0.079 4.96 1019.0
2453163.74153 18.714 0.054 4.01 900.0
2453164.69979 18.932 0.069 4.35 801.0
2453165.77112 18.846 0.047 3.71 695.0
2453168.55872 18.573 0.053 4.74 787.0
2453169.69359 18.947 0.074 4.66 734.0
2453170.76616 18.904 0.064 4.37 702.0
2453174.67731 18.555 0.038 3.57 703.0
2453175.68664 18.903 0.053 3.58 778.0
2453178.74780 18.720 0.070 5.30 875.0
2453179.76080 18.736 0.062 4.94 707.0
2453180.67352 18.972 0.049 3.47 609.0
2453183.69920 19.155 0.116 5.69 751.0
2453184.66669 18.841 0.051 3.81 709.0
2453193.50040 18.500 0.077 6.38 1025.0
2453193.83753 19.097 0.117 5.71 900.0
2453194.60988 18.881 0.069 4.14 964.0
2453195.66634 18.831 0.060 4.41 719.0
2453197.60999 18.711 0.055 4.34 707.0
2453199.75479 19.130 0.134 6.71 748.0
2453202.50560 18.706 0.056 4.63 744.0
2453203.62663 18.906 0.049 3.54 630.0
2453204.58751 18.886 0.054 4.06 590.0
2453205.72921 18.847 0.051 4.11 563.0
2453206.63678 18.940 0.078 5.45 620.0
2453209.67862 18.915 0.096 6.14 704.0
2453210.62487 18.849 0.064 4.38 784.0
2453211.69944 18.764 0.087 6.44 635.0
2453217.61932 18.815 0.064 4.05 1058.0
2453218.61864 18.987 0.096 5.03 1119.0
2453219.68499 19.149 0.165 7.12 857.0
2453223.61605 18.754 0.105 7.15 727.0
2453224.66575 18.880 0.057 3.82 744.0
2453226.57900 19.027 0.087 5.42 574.0
2453228.56159 18.633 0.063 5.66 638.0
2453229.59527 18.828 0.050 3.78 654.0
2453230.63391 18.862 0.050 3.90 559.0
2453231.53490 18.905 0.093 5.86 762.0
2453232.56356 18.656 0.100 7.37 727.0
2453238.58449 18.702 0.065 5.11 767.0
2453239.54421 18.933 0.069 4.35 732.0
2453240.62097 19.017 0.080 4.93 678.0
2453241.61997 19.198 0.174 5.09 2616.0
2453245.51439 18.907 0.098 5.88 1097.0
2453247.64194 18.869 0.086 4.95 921.0
2453249.49347 18.719 0.072 5.45 703.0
2453250.62106 18.807 0.072 4.65 890.0
2453253.61438 18.927 0.082 5.66 658.0
2453267.49643 19.098 0.119 6.38 908.0
2453274.59359 18.919 0.096 5.93 914.0
2453278.56757 19.206 0.111 4.36 976.0
2453281.54832 19.165 0.110 5.05 722.0
2453299.49261 19.099 0.076 4.79 589.0
2453416.86895 18.887 0.072 4.96 765.0
2453421.85918 18.649 0.060 5.62 639.0
2453425.88518 18.828 0.070 4.59 919.0
2453428.88122 18.783 0.055 3.88 759.0
2453432.85483 18.688 0.089 4.95 1788.0
2453442.85546 18.592 0.066 5.83 703.0
2453444.90835 18.666 0.056 4.58 853.0
2453447.82153 18.915 0.082 5.40 706.0
2453449.83440 18.830 0.059 4.58 625.0
2453452.85495 18.783 0.053 3.86 675.0
2453454.90847 18.493 0.053 5.23 985.0
2453458.76758 18.643 0.053 4.35 930.0
2453459.81522 18.696 0.053 3.90 932.0
2453468.84402 18.671 0.041 3.64 694.0
2453469.85092 18.780 0.039 3.18 601.0
2453471.87844 18.923 0.100 6.43 661.0
2453473.84641 18.956 0.077 5.01 642.0
2453473.91796 18.931 0.078 5.12 710.0
2453474.86984 18.753 0.061 5.04 635.0
2453475.76576 18.817 0.051 4.29 597.0
2453476.74256 18.698 0.043 3.81 623.0
2453478.75833 18.640 0.047 4.35 568.0
2453479.89552 18.818 0.049 3.89 656.0
2453481.78625 18.709 0.046 3.82 663.0
2453484.74201 18.633 0.071 3.72 2360.0
2453496.69040 18.668 0.053 4.57 769.0
2453497.75785 18.652 0.057 4.80 773.0
2453499.71540 18.703 0.044 4.01 575.0
2453500.69822 18.631 0.048 4.38 650.0
2453501.73624 19.049 0.068 4.43 722.0
2453502.73481 18.781 0.049 3.85 731.0
2453503.66138 18.787 0.047 4.04 665.0
2453504.84045 18.786 0.058 4.70 589.0
2453506.85214 18.839 0.060 4.61 707.0
2453508.71855 18.721 0.087 6.44 774.0
2453509.74913 18.984 0.060 4.10 616.0
2453510.88942 18.942 0.055 3.54 753.0
2453511.80125 18.716 0.049 3.88 822.0
2453512.82068 18.803 0.076 4.88 1057.0
2453517.82433 18.822 0.069 4.69 953.0
2453520.78159 18.819 0.061 4.62 715.0
2453522.70756 18.789 0.039 3.16 586.0
2453523.76867 18.843 0.055 4.34 666.0
2453523.91336 19.217 0.148 6.90 816.0
2453524.67080 18.585 0.054 5.34 583.0
2453525.66488 19.007 0.062 4.28 615.0
2453526.71766 18.700 0.046 4.07 650.0
2453527.75143 18.730 0.041 3.74 603.0
2453528.69232 18.967 0.058 4.06 573.0
2453529.65030 18.670 0.040 3.84 514.0
2453530.65836 18.784 0.039 3.46 595.0
2453538.62843 18.879 0.056 4.16 657.0
2453540.62245 18.746 0.067 5.07 794.0
2453544.82355 19.120 0.107 4.79 1155.0
2453547.75505 19.023 0.086 5.14 685.0
2453550.60193 18.892 0.082 5.47 772.0
2453551.60425 18.428 0.032 4.29 536.0
2453552.63361 18.963 0.065 4.75 840.0
2453553.76062 18.941 0.107 6.23 853.0
2453554.71034 19.029 0.095 5.55 686.0
2453556.69034 18.845 0.056 4.31 606.0
2453558.50116 18.637 0.051 4.33 896.0
2453558.79984 18.965 0.072 4.87 607.0
2453559.58269 18.571 0.060 5.63 682.0
2453560.57107 18.767 0.052 4.07 665.0
2453561.51522 18.696 0.057 4.30 926.0
2453562.55587 18.680 0.053 4.45 657.0
2453562.80721 18.799 0.065 4.38 745.0
2453563.61007 18.785 0.048 3.76 631.0
2453564.59178 18.930 0.106 6.71 667.0
2453573.61895 18.583 0.078 6.42 930.0
2453574.65994 19.124 0.092 4.80 775.0
2453575.50752 18.935 0.061 4.26 721.0
2453575.76096 18.912 0.065 4.15 826.0
2453576.66144 19.069 0.087 5.25 713.0
2453577.72913 18.778 0.067 5.24 634.0
2453578.63431 19.094 0.074 4.72 557.0
2453579.59161 18.791 0.053 4.38 623.0
2453579.75935 19.196 0.095 5.13 648.0
2453580.62143 18.753 0.050 4.21 632.0
2453581.64487 18.926 0.061 4.31 617.0
2453582.59287 18.718 0.040 3.80 539.0
2453583.60696 18.922 0.082 5.69 588.0
2453584.61570 18.702 0.050 4.51 594.0
2453585.60598 18.852 0.049 3.96 562.0
2453586.65171 18.740 0.047 3.75 602.0
2453589.64438 18.900 0.045 3.73 568.0
2453590.61329 18.569 0.045 4.24 639.0
2453592.62013 18.857 0.056 4.40 610.0
2453593.64128 18.864 0.055 4.57 519.0
2453594.67452 19.106 0.075 4.58 646.0
2453601.53207 18.537 0.037 3.19 917.0
2453601.62036 19.059 0.100 5.29 919.0
2453602.57015 18.737 0.057 4.22 870.0
2453602.63641 18.705 0.068 4.91 970.0
2453603.54213 18.890 0.075 5.12 709.0
2453603.61046 19.029 0.089 5.09 748.0
2453604.52149 18.568 0.052 4.80 745.0
2453606.47383 19.214 0.127 6.22 818.0
2453606.63735 18.885 0.094 6.11 788.0
2453607.50671 18.905 0.053 3.72 745.0
2453607.60881 18.664 0.052 4.67 609.0
2453608.57730 18.771 0.072 5.36 699.0
2453618.53551 18.920 0.068 4.59 683.0
2453619.56014 18.781 0.057 4.35 773.0
2453621.55974 18.932 0.082 4.95 680.0
2453626.49797 18.883 0.134 5.48 2492.0
2453628.53366 18.694 0.071 5.27 1059.0
2453629.61834 19.115 0.098 4.72 1039.0
2453637.61249 19.019 0.094 5.65 770.0
2453639.56608 18.899 0.049 3.55 676.0
2453641.51818 18.973 0.091 5.39 846.0
2453643.59456 18.860 0.127 7.28 885.0
2453648.51045 19.047 0.082 4.95 725.0
2453650.54785 18.692 0.059 4.45 839.0
2453655.49310 18.859 0.079 4.40 1144.0
2453662.50520 18.910 0.089 5.36 964.0
2453666.53270 18.883 0.061 3.41 1155.0
2453775.88154 18.596 0.057 4.86 897.0
2453781.86699 18.960 0.111 6.02 946.0
2453784.85085 18.799 0.067 4.44 993.0
2453787.84152 18.772 0.062 4.25 962.0
2453790.87222 18.921 0.084 4.13 1332.0
2453792.86884 18.765 0.054 4.24 685.0
2453794.82582 18.728 0.069 5.37 779.0
2453795.90503 19.163 0.101 4.05 1509.0
2453797.90527 18.661 0.044 3.07 1194.0
2453799.86015 18.489 0.051 4.64 929.0
2453800.88648 18.737 0.052 4.08 648.0
2453801.86874 18.807 0.056 3.64 787.0
2453802.83426 18.750 0.053 4.03 812.0
2453803.86955 19.147 0.071 3.48 847.0
2453805.78559 18.654 0.070 5.55 864.0
2453806.80571 18.783 0.056 3.90 828.0
2453807.81942 18.718 0.061 4.41 977.0
2453808.77914 18.562 0.051 4.29 1069.0
2453809.78193 18.741 0.053 3.71 1080.0
2453810.82653 18.658 0.054 4.09 964.0
2453811.82251 18.909 0.082 4.98 835.0
2453812.81427 19.058 0.084 4.29 893.0
2453813.79006 18.556 0.045 3.89 843.0
2453814.80712 18.718 0.052 3.83 959.0
2453817.83461 18.763 0.057 3.73 1140.0
2453818.86930 18.838 0.051 3.50 826.0
2453819.78492 18.739 0.046 3.89 648.0
2453820.75521 18.799 0.049 3.75 742.0
2453821.75571 18.823 0.068 5.10 685.0
2453822.79781 18.923 0.063 4.10 753.0
2453823.75384 18.676 0.054 4.83 717.0
2453824.77134 18.934 0.087 5.38 777.0
2453825.78877 18.607 0.069 5.76 730.0
2453826.76492 18.471 0.043 4.63 654.0
2453827.78459 18.738 0.053 4.50 629.0
2453828.75817 18.685 0.077 6.23 751.0
2453829.79349 18.791 0.056 4.14 668.0
2453830.71520 18.595 0.050 4.51 819.0
2453831.71200 18.715 0.046 3.87 777.0
2453832.72982 18.669 0.056 5.03 704.0
2453833.74451 18.529 0.047 4.91 648.0
2453834.71424 18.810 0.081 5.64 846.0
2453835.71922 18.646 0.075 5.80 876.0
2453835.90528 18.806 0.049 3.71 670.0
2453836.74760 18.629 0.082 6.04 922.0
2453836.91530 18.837 0.055 4.03 775.0
2453837.71414 18.633 0.061 4.89 970.0
2453837.88637 18.858 0.052 3.66 836.0
2453838.72159 18.846 0.091 5.77 1027.0
2453839.72295 18.410 0.060 5.60 1028.0
2453840.73497 18.715 0.063 4.66 1003.0
2453840.89374 19.225 0.096 4.29 948.0
2453841.70438 18.880 0.085 5.24 1044.0
2453841.92430 18.768 0.060 3.95 1322.0
2453842.82657 18.867 0.054 3.36 959.0
2453845.70262 18.941 0.129 5.08 2574.0
2453845.88671 18.860 0.118 5.44 1780.0
2453846.68307 18.720 0.076 5.91 796.0
2453847.77985 18.576 0.070 5.87 763.0
2453848.73476 18.760 0.086 6.27 669.0
2453849.73093 18.666 0.047 3.80 708.0
2453849.93334 18.881 0.083 3.84 1659.0
2453850.67716 18.655 0.052 4.94 765.0
2453850.84972 18.751 0.060 4.24 752.0
2453850.92120 18.948 0.078 4.60 893.0
2453851.69092 19.157 0.109 5.75 738.0
2453851.85618 18.737 0.069 5.26 714.0
2453852.68164 18.729 0.066 5.27 764.0
2453852.91015 18.810 0.081 5.64 747.0
2453853.66994 18.768 0.057 4.85 723.0
2453853.83757 18.799 0.038 3.20 598.0
2453853.90909 18.427 0.033 3.88 688.0
2453854.66902 18.763 0.065 5.36 636.0
2453856.65992 18.677 0.054 4.30 916.0
2453856.82628 18.745 0.066 4.81 768.0
2453857.89704 18.718 0.051 4.22 784.0
2453858.71643 18.881 0.092 6.45 663.0
2453859.77899 18.671 0.051 4.55 632.0
2453861.64880 18.458 0.060 5.86 867.0
2453861.75579 18.771 0.057 4.49 676.0
2453862.65386 18.777 0.056 4.47 903.0
2453862.84182 18.821 0.047 3.51 767.0
2453862.91790 18.863 0.061 3.96 936.0
2453863.66945 18.828 0.061 4.40 929.0
2453863.88974 18.845 0.054 4.06 732.0
2453864.65803 18.620 0.063 5.44 824.0
2453864.84998 18.894 0.050 3.85 645.0
2453865.71745 18.751 0.057 4.11 812.0
2453865.86102 18.897 0.061 4.32 747.0
2453865.92997 19.112 0.082 4.59 766.0
2453866.66903 18.717 0.067 5.01 857.0
2453866.80866 19.036 0.069 4.31 710.0
2453866.88688 18.766 0.055 3.79 775.0
2453867.68393 18.968 0.067 3.79 1057.0
2453867.86953 19.016 0.070 4.03 990.0
2453868.69183 18.729 0.067 4.25 1179.0
2453868.83591 19.018 0.090 4.47 1082.0
2453869.66934 18.684 0.055 3.66 1302.0
2453869.85186 19.047 0.097 4.32 1311.0
2453872.86650 18.757 0.057 4.21 906.0
2453873.67580 18.761 0.053 3.98 753.0
2453873.81724 18.751 0.055 4.23 726.0
2453873.88908 18.688 0.055 4.38 814.0
2453874.72673 18.755 0.066 5.03 695.0
2453874.90076 18.892 0.063 4.17 798.0
2453875.68733 18.591 0.040 4.08 630.0
2453875.84232 18.819 0.051 4.16 715.0
2453876.61446 18.763 0.050 4.57 623.0
2453877.69135 18.675 0.039 3.52 612.0
2453877.84012 18.696 0.051 4.54 726.0
2453877.91417 18.790 0.062 4.42 876.0
2453879.64734 18.613 0.039 4.29 575.0
2453880.81661 18.929 0.067 4.64 771.0
2453880.89566 18.833 0.079 5.60 799.0
2453881.64212 18.586 0.048 4.26 800.0
2453881.85762 19.059 0.067 4.38 752.0
2453881.90424 18.969 0.055 3.44 880.0
2453882.62705 18.963 0.067 4.35 715.0
2453882.78057 18.865 0.056 4.41 688.0
2453882.85438 19.022 0.073 4.66 777.0
2453882.92316 18.830 0.055 4.06 756.0
2453883.61460 18.966 0.082 5.18 787.0
2453883.81166 18.898 0.057 4.22 678.0
2453886.57397 18.739 0.058 5.12 733.0
2453886.77515 18.697 0.049 4.29 662.0
2453886.85043 18.815 0.056 4.32 658.0
2453886.94836 18.989 0.120 5.20 1760.0
2453887.62771 18.595 0.046 4.50 654.0
2453887.75413 18.825 0.057 4.52 618.0
2453887.85828 19.055 0.086 5.15 705.0
2453887.93033 18.900 0.075 4.95 853.0
2453889.64172 18.766 0.049 4.11 651.0
2453889.91655 18.761 0.058 4.03 949.0
2453891.65112 18.909 0.059 4.12 689.0
2453891.77283 18.993 0.105 6.14 736.0
2453891.85506 19.220 0.109 5.20 773.0
2453892.71776 18.839 0.053 4.02 680.0
2453892.90377 18.878 0.059 4.04 796.0
2453893.58853 18.757 0.061 4.73 831.0
2453894.64597 19.155 0.117 5.99 685.0
2453894.86126 19.172 0.113 5.83 689.0
2453896.58198 18.895 0.104 5.87 1170.0
2453900.50979 18.569 0.068 5.57 1159.0
2453900.69515 19.082 0.088 3.67 1030.0
2453900.77950 18.974 0.073 3.42 1872.0
2453900.84801 18.883 0.062 4.21 949.0
2453901.52459 18.507 0.057 5.56 832.0
2453901.70081 18.772 0.048 3.67 763.0
2453901.77860 18.824 0.059 4.40 774.0
2453901.85166 19.069 0.082 4.49 864.0
2453902.53615 18.822 0.078 5.66 806.0
2453902.72318 18.778 0.055 4.31 719.0
2453902.83604 18.962 0.093 5.19 942.0
2453903.63419 18.725 0.047 4.11 695.0
2453903.87709 18.874 0.067 4.31 857.0
2453904.53550 18.652 0.057 5.03 793.0
2453904.69794 18.837 0.042 3.20 690.0
2453904.76740 18.710 0.047 3.94 679.0
2453904.84015 18.845 0.056 4.25 785.0
2453905.53234 18.639 0.052 4.49 875.0
2453905.70870 19.065 0.069 4.00 718.0
2453905.77893 18.992 0.056 4.01 721.0
2453905.84752 18.672 0.036 3.26 727.0
2453906.54021 18.862 0.074 4.70 855.0
2453906.73303 18.898 0.058 3.99 656.0
2453906.80622 18.966 0.067 3.85 714.0
2453906.89483 18.908 0.074 4.53 867.0
2453907.57447 18.912 0.071 4.94 669.0
2453907.75978 18.934 0.098 6.00 733.0
2453908.51246 18.451 0.054 4.92 1034.0
2453908.69860 18.834 0.049 3.46 720.0
2453908.77624 18.820 0.057 4.16 704.0
2453908.85892 19.083 0.076 4.66 764.0
2453909.69053 18.743 0.039 3.39 548.0
2453909.78530 19.198 0.070 4.28 593.0
2453909.86489 19.061 0.086 4.81 775.0
2453910.53256 18.757 0.069 4.95 924.0
2453912.50703 18.715 0.052 4.21 856.0
2453912.69840 18.952 0.046 3.70 555.0
2453912.78973 18.776 0.044 4.06 572.0
2453912.87765 19.203 0.085 4.45 726.0
2453912.89171 19.206 0.089 4.73 756.0
2453913.49990 18.696 0.045 3.72 749.0
2453913.70177 18.867 0.053 3.75 614.0
2453913.79728 19.059 0.063 4.07 696.0
2453914.52594 18.837 0.069 4.96 794.0
2453914.75744 18.792 0.057 4.81 641.0
2453915.50162 18.665 0.061 4.95 892.0
2453915.70595 18.838 0.058 4.59 599.0
2453915.79783 18.825 0.063 4.83 612.0
2453916.54636 18.592 0.060 5.53 750.0
2453917.52450 18.538 0.062 5.92 750.0
2453917.79732 18.783 0.068 5.09 749.0
2453918.54553 18.840 0.064 4.56 817.0
2453918.79208 18.961 0.087 5.29 739.0
2453919.73197 18.829 0.049 4.44 583.0
2453920.48927 18.806 0.074 5.12 851.0
2453920.76780 18.899 0.052 3.72 670.0
2453921.48921 18.968 0.076 4.30 951.0
2453921.77498 19.136 0.133 6.19 716.0
2453922.70085 18.951 0.114 6.69 711.0
2453930.48934 18.590 0.051 4.45 888.0
2453931.47426 18.710 0.085 5.94 1033.0
2453932.50576 18.574 0.058 4.92 870.0
2453932.78109 19.098 0.081 4.09 782.0
2453933.48682 18.672 0.050 3.82 879.0
2453933.67661 18.850 0.049 4.12 582.0
2453933.75215 18.965 0.055 3.73 724.0
2453934.46959 18.710 0.053 4.05 1007.0
2453934.68631 18.931 0.062 4.55 598.0
2453934.75538 19.008 0.077 4.64 698.0
2453935.51952 18.879 0.061 4.22 735.0
2453935.69071 19.000 0.105 6.33 699.0
2453935.75937 18.815 0.058 4.68 621.0
2453936.47287 18.900 0.102 5.83 982.0
2453936.63817 19.063 0.062 3.77 692.0
2453936.71473 19.111 0.086 4.61 743.0
2453937.47910 19.201 0.121 4.81 1100.0
2453938.47750 19.150 0.129 5.83 951.0
2453938.66534 18.691 0.066 5.66 626.0
2453939.54493 18.563 0.038 3.96 659.0
2453940.66319 18.792 0.047 4.28 590.0
2453940.79404 18.923 0.067 4.66 677.0
2453944.51064 18.809 0.051 3.97 764.0
2453945.49078 18.767 0.059 4.49 787.0
2453945.69327 18.874 0.051 3.85 664.0
2453945.74915 18.884 0.068 4.77 687.0
2453946.49210 18.924 0.088 5.77 776.0
2453946.68133 18.761 0.064 5.09 657.0
2453946.75876 19.216 0.098 5.22 621.0
2453950.49650 18.739 0.062 4.94 730.0
2453950.70268 19.019 0.070 4.64 632.0
2453951.49277 18.840 0.073 4.82 803.0
2453951.72529 18.576 0.065 4.80 1260.0
2453955.51490 18.784 0.124 6.56 1643.0
2453959.48247 18.494 0.055 5.19 798.0
2453959.66378 18.879 0.077 5.22 759.0
2453960.47870 18.592 0.053 4.48 837.0
2453960.65776 19.022 0.055 3.66 698.0
2453960.72991 19.132 0.081 3.96 909.0
2453961.53523 19.158 0.108 5.30 810.0
2453963.51143 18.691 0.057 4.78 713.0
2453963.68300 18.875 0.055 4.03 666.0
2453964.49662 18.956 0.072 4.67 730.0
2453964.70440 19.006 0.072 4.55 655.0
2453965.48475 18.623 0.050 4.31 686.0
2453965.67726 19.152 0.066 3.84 614.0
2453966.51471 18.763 0.056 4.20 767.0
2453966.66774 18.912 0.063 4.08 650.0
2453967.49623 19.217 0.119 5.34 740.0
2453967.69317 19.042 0.072 4.52 584.0
2453968.47653 18.890 0.082 4.93 905.0
2453968.64847 19.178 0.082 4.28 653.0
2453968.71755 19.219 0.099 4.82 764.0
2453969.50512 18.716 0.072 5.70 686.0
2453969.65894 19.117 0.104 5.67 652.0
2453970.48570 18.748 0.090 6.28 725.0
2453971.69987 19.164 0.080 4.45 636.0
2453974.48552 18.760 0.071 5.26 760.0
2453974.66448 18.849 0.064 4.77 652.0
2453975.66343 19.056 0.075 4.41 729.0
2453976.48491 18.661 0.044 3.89 743.0
2453976.65206 18.941 0.072 4.69 764.0
2453982.54405 19.182 0.177 4.78 2669.0
2453983.49444 19.051 0.134 5.52 1408.0
2453986.55769 18.869 0.081 5.06 851.0
2453987.48560 18.643 0.074 5.74 729.0
2453987.64654 18.825 0.062 4.42 857.0
2453988.48850 19.074 0.081 4.84 699.0
2453990.61969 18.903 0.078 5.09 709.0
2453995.54634 18.889 0.060 4.43 686.0
2454001.49732 18.858 0.076 5.02 835.0
2454003.51761 18.865 0.059 4.33 744.0
2454004.49292 18.692 0.048 4.06 765.0
2454006.49971 18.989 0.092 5.26 841.0
2454011.59644 19.137 0.105 5.17 984.0
2454012.54775 18.820 0.086 5.25 915.0
2454016.49523 19.135 0.098 4.97 863.0
2454023.51868 19.081 0.107 5.11 1044.0
2454025.53812 18.816 0.064 4.38 910.0
2454027.54303 18.775 0.074 5.31 856.0
2454036.51604 18.736 0.108 6.60 1277.0
2454040.49720 18.842 0.133 6.33 1541.0
2454042.52723 18.826 0.113 6.19 1180.0
2454140.88777 18.791 0.148 6.87 2086.0
2454143.88533 18.511 0.079 4.56 2093.0
2454149.87697 18.771 0.070 4.67 927.0
2454153.86331 18.758 0.064 4.39 913.0
2454155.89924 19.045 0.104 3.72 1821.0
2454158.86123 18.782 0.080 5.51 987.0
2454161.82918 18.623 0.064 5.09 930.0
2454163.80342 18.669 0.062 3.81 1544.0
2454164.81773 18.808 0.064 3.61 1305.0
2454165.89810 18.909 0.122 5.81 1688.0
2454167.90206 18.814 0.061 3.68 1072.0
2454169.90564 18.994 0.080 3.97 1195.0
2454174.91192 18.862 0.071 3.75 1354.0
2454175.90044 18.859 0.069 4.59 829.0
2454176.88161 18.860 0.068 3.95 898.0
2454178.77389 18.610 0.061 4.97 871.0
2454179.83270 18.986 0.065 3.70 858.0
2454180.91207 19.186 0.142 5.83 1110.0
2454182.81391 18.776 0.050 3.64 742.0
2454183.85006 19.097 0.115 5.68 826.0
2454184.89052 18.867 0.056 3.98 689.0
2454185.86641 18.888 0.082 5.16 761.0
2454189.89344 18.804 0.095 5.87 873.0
2454192.77140 18.721 0.087 5.35 1124.0
2454194.77082 18.604 0.072 5.30 1048.0
2454196.76107 18.510 0.073 5.62 1159.0
2454202.74248 18.725 0.065 4.57 1016.0
2454203.73069 18.743 0.049 3.73 778.0
2454203.91508 19.019 0.065 3.36 934.0
2454204.71898 18.617 0.056 4.36 922.0
2454205.71937 18.811 0.066 4.62 761.0
2454207.70888 18.857 0.083 5.24 937.0
2454207.88410 18.858 0.058 3.85 765.0
2454208.73098 18.861 0.070 4.51 830.0
2454209.76371 18.911 0.057 3.80 742.0
2454210.89861 19.088 0.074 4.66 656.0
2454211.72897 19.116 0.134 6.38 754.0
2454211.74364 19.111 0.115 5.65 758.0
2454212.83781 19.048 0.114 5.62 825.0
2454212.87869 19.033 0.107 5.22 784.0
2454212.90499 19.139 0.136 6.00 836.0
2454213.73763 18.729 0.059 4.52 756.0
2454215.72760 18.890 0.088 5.21 873.0
2454216.68495 18.630 0.067 5.05 933.0
2454216.87815 18.987 0.059 5.11 371.0
2454217.69056 18.779 0.058 4.03 929.0
2454218.71475 19.048 0.133 6.37 919.0
2454219.73621 18.920 0.095 5.45 843.0
2454220.67590 18.713 0.087 5.83 1029.0
2454221.71593 18.755 0.074 4.70 1124.0
2454222.89626 18.689 0.068 4.47 1115.0
2454223.72293 18.938 0.082 3.54 1876.0
2454224.76822 18.819 0.095 5.13 1281.0
2454228.66246 18.756 0.071 4.42 1115.0
2454228.89419 18.998 0.112 5.83 1160.0
2454229.65728 18.830 0.108 6.43 1014.0
2454229.85433 18.766 0.068 4.63 960.0
2454229.91593 18.712 0.067 4.89 996.0
2454230.66709 18.748 0.060 4.24 855.0
2454230.85507 18.832 0.082 5.02 893.0
2454230.91681 18.856 0.128 6.50 1079.0
2454231.65146 18.908 0.075 4.58 922.0
2454231.82690 19.039 0.089 4.58 899.0
2454231.91982 18.978 0.100 5.10 1025.0
2454232.73427 18.922 0.086 4.84 991.0
2454232.90129 18.952 0.111 5.88 971.0
2454234.69143 18.860 0.087 5.32 922.0
2454235.87653 18.939 0.073 4.30 853.0
2454237.67759 18.700 0.063 5.28 780.0
2454238.71521 18.890 0.074 4.66 837.0
2454238.86117 18.896 0.097 5.34 1054.0
2454239.60563 19.178 0.158 6.87 992.0
2454240.66267 18.786 0.059 4.08 863.0
2454240.79068 19.116 0.105 5.03 833.0
2454240.92527 18.763 0.072 4.99 953.0
2454243.62522 18.886 0.100 5.60 1025.0
2454243.72148 18.958 0.084 4.84 847.0
2454243.81504 18.850 0.090 5.47 895.0
2454243.93276 18.865 0.087 5.21 1086.0
2454244.60103 18.793 0.102 6.15 1137.0
2454244.69707 18.837 0.064 4.12 848.0
2454244.78993 18.860 0.077 4.73 860.0
2454245.59372 18.892 0.075 5.62 575.0
2454245.68743 18.843 0.059 4.01 718.0
2454245.78061 18.835 0.057 4.22 693.0
2454246.65244 18.911 0.088 5.24 865.0
2454246.74546 18.591 0.062 4.89 886.0
2454246.83872 18.757 0.081 5.22 1018.0
2454247.63543 18.705 0.074 4.72 1447.0
2454247.79670 18.853 0.065 4.35 962.0
2454250.71577 18.907 0.079 4.32 1177.0
2454251.78730 18.611 0.086 5.12 1565.0
2454256.60258 18.784 0.095 5.75 1164.0
2454256.74945 18.827 0.113 6.30 1022.0
2454258.61807 18.584 0.080 6.20 877.0
2454258.74078 18.810 0.075 4.91 897.0
2454258.83606 18.741 0.076 5.10 1007.0
2454267.57812 18.785 0.093 5.79 935.0
2454268.76551 18.623 0.063 5.10 866.0
2454268.88590 18.985 0.102 5.50 1070.0
2454269.56045 18.805 0.077 4.99 978.0
2454269.68149 18.769 0.066 5.04 741.0
2454269.77223 18.814 0.065 4.77 774.0
2454270.55597 18.643 0.070 5.20 1060.0
2454272.62438 18.834 0.056 3.71 888.0
2454272.77350 19.019 0.081 4.72 927.0
2454272.84501 18.708 0.075 5.34 1017.0
2454273.60137 18.713 0.097 6.16 1020.0
2454273.78222 18.758 0.080 4.89 1172.0
2454273.84200 18.619 0.076 4.84 1241.0
2454274.59384 18.743 0.086 5.21 1227.0
2454274.74839 18.803 0.076 5.26 984.0
2454274.80751 19.222 0.129 5.38 1055.0
2454275.58656 18.713 0.064 4.71 1009.0
2454275.76199 18.795 0.074 4.68 1139.0
2454275.82045 18.845 0.086 5.08 1166.0
2454275.88165 19.106 0.156 6.37 1412.0
2454276.57136 18.900 0.101 5.54 997.0
2454277.51519 19.081 0.135 5.61 1421.0
2454277.69036 19.000 0.088 4.73 928.0
2454277.75083 18.647 0.068 5.02 929.0
2454277.80943 18.896 0.100 5.40 1143.0
2454278.54899 18.612 0.085 5.35 1347.0
2454278.73622 18.986 0.107 5.30 1018.0
2454278.80922 18.874 0.111 5.67 1295.0
2454283.49466 18.785 0.088 4.51 1560.0
2454283.70483 19.140 0.123 4.53 1444.0
2454284.48967 18.676 0.083 5.28 1184.0
2454284.72016 18.847 0.067 4.39 1035.0
2454284.78235 19.013 0.093 4.34 1188.0
2454285.48818 18.808 0.092 5.03 1368.0
2454285.68005 18.780 0.089 4.86 1025.0
2454285.74474 19.039 0.090 4.88 855.0
2454285.81251 19.217 0.120 4.72 1012.0
2454286.49149 18.749 0.109 6.29 1412.0
2454286.78178 18.900 0.085 4.42 1610.0
2454289.49303 18.606 0.094 6.48 1098.0
2454289.71553 18.769 0.095 5.90 973.0
2454289.78059 19.001 0.094 5.01 975.0
2454289.84739 18.914 0.107 5.78 1019.0
2454290.54660 18.840 0.088 5.49 829.0
2454291.64896 18.852 0.073 4.94 769.0
2454291.77136 18.967 0.117 6.24 878.0
2454292.47470 18.571 0.058 4.43 1130.0
2454292.65281 18.773 0.056 3.87 848.0
2454292.71243 18.677 0.053 4.50 824.0
2454292.77117 18.761 0.055 4.15 877.0
2454292.83432 18.798 0.074 4.57 1107.0
2454293.47502 18.651 0.065 4.51 1028.0
2454293.68095 18.784 0.058 4.21 797.0
2454293.73971 18.756 0.052 3.97 780.0
2454293.81735 18.990 0.082 4.49 911.0
2454294.47431 18.582 0.059 4.49 1093.0
2454295.47586 18.554 0.086 6.41 989.0
2454295.67936 18.933 0.090 5.54 677.0
2454295.73803 18.690 0.050 4.18 687.0
2454295.82030 18.920 0.086 5.43 851.0
2454296.47713 18.699 0.076 5.32 950.0
2454296.66558 18.885 0.052 3.62 644.0
2454296.75669 18.745 0.063 4.71 752.0
2454297.49793 18.614 0.079 5.56 919.0
2454297.69824 18.750 0.063 4.82 717.0
2454297.80227 19.189 0.115 5.72 784.0
2454298.53262 19.045 0.109 6.01 789.0
2454298.63843 18.682 0.068 5.07 704.0
2454298.73197 19.110 0.098 5.02 772.0
2454299.51545 18.742 0.065 4.57 843.0
2454299.60883 18.850 0.061 4.24 699.0
2454299.70101 18.716 0.063 4.84 705.0
2454299.79119 18.637 0.076 6.00 793.0
2454300.50650 18.619 0.058 4.09 864.0
2454300.63078 18.903 0.066 4.57 679.0
2454300.72722 18.997 0.078 4.08 751.0
2454301.50139 18.811 0.068 4.58 993.0
2454301.59368 18.735 0.048 3.60 809.0
2454301.69034 18.868 0.063 4.53 762.0
2454301.78889 18.632 0.057 5.09 780.0
2454302.57681 18.737 0.071 5.09 893.0
2454302.66906 18.917 0.087 5.00 789.0
2454304.53517 18.724 0.078 4.77 1224.0
2454304.64456 18.809 0.079 4.73 1049.0
2454306.52265 18.921 0.108 5.67 1107.0
2454306.65995 19.165 0.114 5.44 958.0
2454307.76048 18.949 0.090 4.70 1270.0
2454310.76634 18.912 0.130 4.54 3195.0
2454311.73597 19.057 0.134 5.50 1538.0
2454312.50578 18.741 0.086 4.77 1363.0
2454312.70098 18.639 0.062 4.54 1052.0
2454312.79854 19.027 0.123 5.71 1248.0
2454314.49935 19.077 0.088 5.47 617.0
2454315.53991 18.702 0.062 4.47 893.0
2454316.56879 18.883 0.059 3.89 771.0
2454317.49118 18.783 0.065 4.33 891.0
2454319.50024 19.047 0.105 5.48 939.0
2454319.75469 18.877 0.088 5.30 1008.0
2454320.52322 18.828 0.076 4.70 818.0
2454326.47878 18.978 0.094 5.48 923.0
2454327.57207 19.067 0.133 6.14 867.0
2454328.49918 18.869 0.077 4.21 1055.0
2454328.67615 18.917 0.091 5.08 928.0
2454329.50966 18.759 0.079 5.26 888.0
2454329.65749 18.792 0.086 5.42 887.0
2454329.71628 19.061 0.119 5.55 976.0
2454330.52188 18.719 0.056 4.14 813.0
2454330.67286 18.768 0.061 4.14 828.0
2454331.50208 18.776 0.070 4.71 874.0
2454331.66861 19.073 0.108 5.60 811.0
2454332.47982 18.713 0.052 3.65 951.0
2454333.51090 18.744 0.086 5.20 1027.0
2454333.67196 19.075 0.110 5.32 958.0
2454334.48412 18.820 0.157 5.92 2965.0
2454334.58174 18.765 0.123 4.41 4073.0
2454338.48426 18.992 0.113 5.00 1458.0
2454339.50372 18.679 0.075 4.77 1294.0
2454339.67490 18.953 0.133 6.46 1285.0
2454340.57237 18.856 0.096 4.83 1287.0
2454342.48066 19.097 0.145 6.79 964.0
2454342.51398 18.511 0.063 5.09 951.0
2454343.48205 18.892 0.062 3.77 1041.0
2454343.68980 18.990 0.108 5.60 1051.0
2454344.52070 19.169 0.139 5.71 1046.0
2454345.48609 18.866 0.066 3.99 978.0
2454346.49472 18.612 0.063 4.71 1027.0
2454348.50750 18.938 0.086 4.82 902.0
2454350.50927 18.927 0.080 4.21 959.0
2454351.48450 18.717 0.065 4.25 935.0
2454352.49520 19.100 0.144 6.73 960.0
2454353.49190 18.748 0.066 4.30 1005.0
2454354.52049 18.776 0.058 4.04 967.0
2454355.51106 18.889 0.090 5.21 1016.0
2454356.48858 18.691 0.053 4.02 902.0
2454358.52903 19.159 0.151 6.56 951.0
2454359.49787 18.764 0.083 5.45 982.0
2454362.48625 18.716 0.084 4.91 1718.0
2454365.54324 19.071 0.131 5.79 1244.0
2454367.51953 18.888 0.090 5.16 1234.0
2454368.55514 18.901 0.128 6.23 1161.0
2454370.54204 18.721 0.058 3.97 1162.0
2454371.51440 18.881 0.072 4.40 1062.0
2454372.49944 18.927 0.065 3.94 919.0
2454378.49971 18.875 0.087 5.22 886.0
2454380.52656 18.888 0.080 4.71 964.0
2454382.59308 18.900 0.100 5.53 1106.0
2454383.51805 18.868 0.080 4.93 994.0
2454384.55501 19.057 0.124 5.88 964.0
2454387.54509 19.211 0.135 5.46 1105.0
2454393.51240 18.769 0.070 4.87 1135.0
2454394.56980 19.077 0.128 5.63 1389.0
2454395.54122 19.108 0.125 4.84 1252.0
2454396.55372 18.974 0.140 5.78 1635.0
2454397.51255 19.165 0.135 5.17 1398.0
2454398.52020 18.723 0.081 4.98 1402.0
2454399.55578 18.586 0.091 6.06 1518.0
2454506.88204 18.747 0.095 5.62 1294.0
2454509.86596 18.792 0.064 5.41 655.0
2454513.84271 19.137 0.125 6.07 986.0
2454517.83679 19.067 0.150 6.26 1425.0
2454522.85157 18.918 0.106 5.89 1105.0
2454524.83523 18.859 0.071 4.34 1073.0
2454530.79737 18.757 0.053 3.89 920.0
2454533.82617 18.629 0.060 5.10 777.0
2454535.88112 19.207 0.112 5.13 836.0
2454537.78074 18.511 0.058 5.23 821.0
2454538.87470 19.041 0.085 4.54 850.0
2454539.83589 18.781 0.059 4.36 737.0
2454540.84580 18.979 0.069 4.08 788.0
2454541.77485 18.878 0.067 4.65 770.0
2454542.76938 19.124 0.141 6.67 997.0
2454543.76503 18.902 0.083 5.27 927.0
2454544.76188 18.899 0.121 6.64 1094.0
2454545.74857 18.976 0.119 5.95 1179.0
2454547.76937 18.826 0.065 3.93 1138.0
2454548.82226 18.776 0.075 4.70 988.0
2454550.79449 19.181 0.116 5.44 933.0
2454551.74084 19.016 0.107 5.26 1157.0
2454552.78448 19.176 0.182 4.96 3164.0
2454556.73714 18.807 0.062 4.60 756.0
2454557.75475 18.669 0.060 4.92 734.0
2454558.77494 18.769 0.049 3.82 705.0
2454559.72775 18.915 0.070 4.98 687.0
2454559.91672 18.792 0.075 5.09 873.0
2454560.73012 18.517 0.052 5.05 675.0
2454560.91733 18.858 0.062 3.84 859.0
2454561.72056 18.818 0.060 4.39 793.0
2454561.90612 18.799 0.049 3.78 704.0
2454564.71079 18.623 0.053 4.75 729.0
2454564.91102 18.822 0.057 3.89 705.0
2454565.70894 18.706 0.047 3.93 725.0
2454565.89953 18.777 0.039 3.05 704.0
2454566.70825 18.884 0.075 5.12 740.0
2454566.90131 18.620 0.038 3.16 699.0
2454567.70043 18.822 0.067 4.52 862.0
2454567.90715 18.984 0.062 3.56 785.0
2454568.70596 19.096 0.121 6.18 795.0
2454569.71564 18.665 0.072 5.93 780.0
2454569.92521 18.707 0.062 4.25 991.0
2454570.70695 18.881 0.095 6.02 860.0
2454571.69473 18.952 0.116 6.50 928.0
2454571.89274 18.731 0.048 3.79 710.0
2454572.70653 19.170 0.151 6.67 913.0
2454573.72032 18.876 0.075 4.61 965.0
2454573.92879 18.756 0.066 3.72 1525.0
2454574.72276 18.678 0.063 4.44 996.0
2454575.72816 18.971 0.078 4.00 1054.0
2454576.73585 18.919 0.085 4.56 1193.0
2454577.82003 18.926 0.072 4.03 976.0
2454578.77113 19.140 0.152 6.19 1238.0
2454579.84783 18.559 0.066 5.04 1126.0
2454583.71483 18.813 0.088 5.49 959.0
2454583.89999 18.872 0.074 4.98 833.0
2454585.73528 18.738 0.077 5.40 826.0
2454586.74321 18.819 0.080 5.46 804.0
2454587.75145 19.127 0.118 5.88 791.0
2454587.90987 19.088 0.099 5.11 890.0
2454588.71663 18.945 0.071 4.57 778.0
2454589.69893 19.007 0.092 5.25 790.0
2454589.91627 18.829 0.077 4.83 881.0
2454590.67631 18.980 0.084 4.77 902.0
2454590.88199 18.825 0.061 3.96 888.0
2454591.68812 18.865 0.078 4.89 949.0
2454591.86017 18.969 0.071 4.07 903.0
2454592.64661 18.791 0.073 4.78 1125.0
2454592.83580 19.056 0.092 4.14 1118.0
2454592.89916 19.080 0.084 3.95 1111.0
2454593.63590 18.771 0.072 4.86 969.0
2454593.84540 18.808 0.057 3.65 874.0
2454593.90751 18.998 0.075 3.97 979.0
2454594.65692 18.674 0.081 6.17 893.0
2454594.85165 18.638 0.054 4.30 855.0
2454594.91746 19.113 0.107 5.24 889.0
2454595.64240 18.611 0.077 5.80 895.0
2454595.84056 18.680 0.065 5.06 763.0
2454595.90267 18.883 0.082 5.10 820.0
2454596.63571 18.680 0.058 4.60 854.0
2454596.91541 19.079 0.085 4.52 812.0
2454597.66619 18.762 0.070 5.03 763.0
2454597.85751 18.738 0.055 4.04 864.0
2454597.92861 19.163 0.104 4.73 1013.0
2454598.63596 18.848 0.053 3.90 706.0
2454598.88077 18.839 0.055 3.69 763.0
2454599.61478 18.756 0.080 5.08 1007.0
2454599.81881 18.922 0.061 4.09 715.0
2454600.62399 18.730 0.055 4.42 754.0
2454600.93054 18.981 0.079 4.30 1122.0
2454601.62958 18.674 0.057 4.24 973.0
2454601.84588 18.831 0.049 3.66 641.0
2454601.90783 19.033 0.072 4.36 709.0
2454602.61697 18.804 0.062 4.20 969.0
2454602.83156 18.757 0.048 3.36 881.0
2454603.74957 19.109 0.090 4.60 808.0
2454606.61733 18.766 0.068 4.00 1433.0
2454610.71908 18.835 0.059 3.67 1007.0
2454610.92650 18.861 0.084 4.96 1316.0
2454611.60911 19.116 0.143 6.32 1084.0
2454611.84204 18.822 0.057 3.51 1040.0
2454612.63052 19.103 0.119 5.75 1016.0
2454616.58121 18.914 0.106 6.01 949.0
2454616.79770 19.030 0.082 4.75 728.0
2454616.86746 19.005 0.090 4.97 890.0
2454617.64473 18.808 0.066 4.67 791.0
2454618.59277 18.813 0.089 5.88 893.0
2454621.67880 18.638 0.047 4.00 738.0
2454622.77449 18.741 0.072 5.33 835.0
2454622.89273 19.062 0.117 5.68 1041.0
2454623.60612 19.181 0.136 6.09 826.0
2454623.91739 19.187 0.146 6.12 1126.0
2454624.55824 19.079 0.125 6.13 1061.0
2454624.57794 18.684 0.089 6.11 1007.0
2454624.61380 18.821 0.095 5.69 932.0
2454624.71214 19.130 0.092 4.41 858.0
2454624.79012 18.811 0.073 5.14 767.0
2454624.85672 19.055 0.086 4.51 791.0
2454625.58443 18.785 0.102 6.60 846.0
2454625.77256 19.096 0.109 5.35 897.0
2454625.86644 18.973 0.099 5.51 928.0
2454626.83486 18.971 0.109 6.15 798.0
2454627.53978 18.594 0.057 4.56 1004.0
2454627.80830 18.876 0.055 4.02 666.0
2454627.89499 18.777 0.060 4.69 731.0
2454628.57307 18.621 0.069 5.41 887.0
2454628.73686 18.829 0.061 4.44 726.0
2454628.80246 19.082 0.089 4.56 776.0
2454629.80599 18.828 0.066 4.27 894.0
2454629.88827 19.088 0.089 4.90 896.0
2454630.53976 18.654 0.085 5.90 1059.0
2454630.74980 18.859 0.062 4.00 832.0
2454630.82790 18.918 0.066 3.93 866.0
2454631.54528 18.770 0.059 4.09 1083.0
2454631.76112 18.742 0.067 4.84 830.0
2454631.83887 18.992 0.080 4.89 865.0
2454632.54262 18.986 0.113 5.80 1264.0
2454632.80550 18.721 0.055 3.98 936.0
2454633.54863 19.044 0.088 4.42 1165.0
2454633.65052 18.915 0.075 4.29 943.0
2454633.77213 18.777 0.091 4.25 2139.0
2454638.73418 19.036 0.105 5.21 1006.0
2454638.83185 18.671 0.063 4.24 1157.0
2454639.65303 18.821 0.062 3.82 1022.0
2454639.83239 18.802 0.101 5.28 1544.0
2454640.57293 18.557 0.053 4.54 916.0
2454640.70384 18.765 0.063 4.54 803.0
2454641.59575 18.756 0.059 4.31 779.0
2454641.75138 19.012 0.072 4.11 868.0
2454642.57152 18.759 0.066 4.77 847.0
2454642.73202 18.988 0.081 4.78 741.0
2454642.80994 19.055 0.105 5.42 901.0
2454644.64413 18.878 0.084 5.17 793.0
2454644.82343 18.952 0.071 4.41 873.0
2454645.49832 18.531 0.058 4.35 1282.0
2454645.74900 18.886 0.077 4.74 816.0
2454645.82485 19.072 0.101 5.06 950.0
2454646.50016 18.841 0.076 4.81 1056.0
2454647.49467 18.667 0.071 4.44 1426.0
2454647.71951 18.958 0.084 4.51 905.0
2454647.81290 18.811 0.097 6.08 992.0
2454648.52306 18.823 0.073 4.38 972.0
2454648.61254 19.207 0.096 4.32 845.0
2454648.68873 19.081 0.079 4.12 757.0
2454648.84045 19.010 0.100 5.48 985.0
2454649.50321 18.831 0.092 5.37 1092.0
2454649.71368 18.902 0.066 4.20 743.0
2454650.53470 18.676 0.068 4.74 1099.0
2454650.75215 18.919 0.068 4.45 730.0
2454651.49494 18.982 0.098 4.66 1240.0
2454651.78424 18.692 0.084 6.03 947.0
2454652.48651 18.849 0.097 5.46 1180.0
2454652.68911 18.877 0.073 4.49 816.0
2454652.77068 18.934 0.080 4.84 780.0
2454652.82426 18.953 0.090 5.35 917.0
2454653.48296 18.911 0.122 6.40 1257.0
2454653.70204 18.950 0.089 5.01 925.0
2454654.51827 19.110 0.123 6.28 872.0
2454654.72630 18.714 0.063 4.88 835.0
2454654.79823 19.112 0.111 5.47 1052.0
2454655.48275 18.533 0.076 5.55 1288.0
2454655.70714 18.997 0.062 3.81 705.0
2454655.76905 19.001 0.071 4.19 815.0
2454656.48477 18.750 0.056 4.03 927.0
2454656.67453 18.796 0.071 4.27 953.0
2454656.79016 18.914 0.079 4.51 1161.0
2454657.55931 18.627 0.076 5.53 969.0
2454658.64307 19.069 0.107 5.66 848.0
2454659.57629 18.955 0.105 5.92 868.0
2454660.53251 18.406 0.071 6.20 1085.0
2454661.47286 18.707 0.066 4.05 1442.0
2454661.67039 18.712 0.073 3.63 1927.0
2454661.73498 18.853 0.073 4.08 1279.0
2454661.80211 19.062 0.103 4.47 1427.0
2454665.64008 18.824 0.095 4.55 1751.0
2454666.48435 18.700 0.097 5.61 1440.0
2454666.66900 18.954 0.082 4.35 1081.0
2454666.77280 18.682 0.101 6.26 1258.0
2454669.59443 19.161 0.126 5.66 1029.0
2454670.63042 19.114 0.127 6.13 811.0
2454671.55145 18.879 0.081 5.35 727.0
2454671.75838 19.040 0.115 5.96 869.0
2454672.48612 18.641 0.055 4.50 954.0
2454672.74961 18.986 0.097 5.22 977.0
2454672.78863 19.088 0.110 5.65 952.0
2454674.49059 19.100 0.136 6.57 881.0
2454675.65224 19.060 0.078 4.16 776.0
2454677.47117 18.690 0.073 4.94 1211.0
2454677.61756 18.933 0.091 5.36 773.0
2454678.67083 19.004 0.078 4.15 725.0
2454679.63874 19.092 0.127 6.39 715.0
2454681.51258 18.857 0.079 5.15 838.0
2454681.61267 18.876 0.074 4.85 723.0
2454682.48364 18.887 0.064 3.99 877.0
2454683.48015 18.990 0.154 6.99 1114.0
2454684.48579 19.031 0.113 5.92 1089.0
2454685.52797 18.942 0.086 4.80 982.0
2454686.48324 18.878 0.082 4.88 981.0
2454687.50921 19.107 0.099 4.46 881.0
2454687.72259 19.104 0.125 6.18 1028.0
2454688.47984 18.502 0.073 5.37 1123.0
2454688.66985 18.936 0.073 4.37 806.0
2454693.52429 18.926 0.070 4.07 1074.0
2454698.48398 18.915 0.076 4.77 774.0
2454699.48288 18.702 0.081 5.69 880.0
2454700.49122 18.821 0.072 4.68 881.0
2454701.48653 18.613 0.069 5.10 924.0
2454701.67533 19.046 0.094 5.42 713.0
2454702.48491 18.905 0.088 5.44 877.0
2454703.59284 18.829 0.072 4.92 811.0
2454704.57100 18.906 0.068 4.00 905.0
2454705.48879 19.111 0.110 5.62 908.0
2454707.58973 18.904 0.073 4.69 782.0
2454709.49750 19.122 0.124 6.18 923.0
2454710.52502 18.916 0.073 4.29 871.0
2454711.50708 19.163 0.122 5.59 893.0
2454715.56713 18.797 0.102 6.33 918.0
2454716.55797 18.918 0.080 3.84 1633.0
2454720.51057 18.922 0.095 4.86 1175.0
2454721.51145 19.013 0.124 5.75 1185.0
2454722.62372 18.828 0.094 5.31 1223.0
2454724.49053 18.834 0.108 6.15 1059.0
2454725.56441 18.990 0.104 4.84 1211.0
2454729.51400 18.918 0.107 5.98 853.0
2454733.48849 18.917 0.084 4.74 909.0
2454737.52315 18.903 0.091 5.61 809.0
2454739.56688 18.905 0.124 6.79 1006.0
2454741.50801 18.944 0.069 4.22 835.0
2454743.51645 18.934 0.097 5.01 883.0
2454750.58308 18.627 0.092 5.89 1326.0
2454756.49893 18.796 0.110 6.64 1036.0
2454765.50061 18.993 0.094 5.20 1046.0
2454867.87616 18.863 0.084 4.88 1201.0
2454870.88500 18.812 0.078 4.53 1453.0
2454872.88751 18.806 0.124 6.38 1695.0
2454876.84890 18.603 0.059 4.87 994.0
2454884.83198 18.616 0.051 3.84 1039.0
2454886.88267 18.807 0.069 4.51 891.0
2454890.86484 18.704 0.053 4.26 781.0
2454899.82398 18.852 0.070 3.93 1036.0
2454900.80369 18.824 0.079 4.69 1170.0
2454901.86384 18.784 0.058 3.60 947.0
2454902.86221 18.859 0.060 3.78 901.0
2454904.78662 18.708 0.062 4.23 1019.0
2454905.89042 19.040 0.107 5.08 1013.0
2454910.79248 18.964 0.087 4.32 1488.0
2454911.76312 18.641 0.044 4.11 696.0
2454912.75991 18.720 0.049 4.12 716.0
2454914.76287 18.842 0.070 5.24 673.0
2454918.75979 18.785 0.057 4.28 758.0
2454924.72195 18.587 0.050 4.82 818.0
2454925.77124 18.792 0.054 4.30 773.0
2454925.88728 18.584 0.037 3.42 735.0
2454926.73507 18.854 0.072 4.73 1031.0
2454927.82257 18.757 0.062 4.16 800.0
2454928.71627 18.966 0.092 5.20 952.0
2454929.71619 18.710 0.093 6.18 1155.0
2454929.89651 18.578 0.045 3.66 844.0
2454930.77419 18.653 0.063 4.38 1145.0
2454931.81849 18.522 0.050 3.95 1005.0
2454932.77374 18.588 0.046 3.51 995.0
2454933.69385 18.751 0.093 5.77 1353.0
2454933.82203 18.475 0.050 4.28 1011.0
2454934.79743 18.716 0.076 4.64 1560.0
2454938.70197 17.152 0.017 4.65 1017.0
2454938.80188 17.071 0.013 3.69 880.0
2454939.72753 17.559 0.023 4.35 869.0
2454939.82247 17.626 0.028 5.54 830.0
2454940.72504 17.994 0.031 4.27 780.0
2454941.69973 18.156 0.038 4.45 848.0
2454941.82678 18.240 0.037 4.64 738.0
2454942.67924 18.249 0.046 5.04 926.0
2454942.85215 18.214 0.031 4.19 724.0
2454943.69160 18.546 0.045 4.83 718.0
2454943.75766 18.627 0.051 4.55 695.0
2454944.68047 18.451 0.043 4.10 837.0
2454944.69697 18.331 0.039 3.96 822.0
2454944.77214 18.460 0.042 4.17 763.0
2454944.83598 18.679 0.043 3.26 697.0
2454945.69372 18.530 0.048 4.27 845.0
2454945.82517 18.488 0.031 3.03 747.0
2454946.75112 18.603 0.045 3.71 724.0
2454947.76108 18.567 0.037 3.43 691.0
2454948.86100 18.693 0.046 4.18 667.0
2454949.65643 18.775 0.065 5.35 932.0
2454950.69262 18.685 0.064 4.85 752.0
2454951.69270 18.670 0.054 4.76 797.0
2454952.80192 18.735 0.052 4.53 694.0
2454953.66076 18.758 0.067 4.76 895.0
2454953.76647 18.861 0.062 3.91 779.0
2454954.68088 18.859 0.065 4.64 780.0
2454954.78634 18.901 0.066 4.35 695.0
2454955.68482 18.961 0.091 5.28 849.0
