2452129.69452 19.694 0.121 4.00 913.0
2452132.63609 19.496 0.101 3.83 904.0
2452141.55189 19.550 0.122 4.49 906.0
2452144.64178 19.858 0.169 4.58 850.0
2452347.83597 19.746 0.141 4.18 918.0
2452357.86350 19.886 0.166 4.58 931.0
2452372.85137 20.036 0.226 5.10 1033.0
2452383.82325 19.806 0.145 4.41 908.0
2452390.82334 19.920 0.167 3.89 1194.0
2452397.70101 19.703 0.130 4.02 1176.0
2452401.83268 19.894 0.162 4.00 1041.0
2452403.90965 19.983 0.180 4.73 1075.0
2452405.89704 19.963 0.209 4.85 1101.0
2452414.90207 19.671 0.175 5.52 1017.0
2452416.85436 19.953 0.207 5.14 1061.0
2452424.82173 20.020 0.222 4.89 1145.0
2452434.74867 19.578 0.107 3.64 986.0
2452436.79738 19.914 0.174 4.34 1019.0
2452438.75816 20.062 0.211 4.73 906.0
2452441.73585 19.820 0.141 4.12 920.0
2452445.64198 19.825 0.154 4.13 914.0
2452448.66336 19.544 0.137 3.85 1514.0
2452455.70000 20.017 0.211 3.95 1699.0
2452459.62002 19.991 0.161 4.30 783.0
2452463.55132 19.862 0.181 4.73 1008.0
2452466.65047 19.999 0.228 5.78 874.0
2452468.68070 19.892 0.142 4.07 799.0
2452470.66313 19.580 0.114 4.11 827.0
2452472.68832 19.652 0.122 4.39 850.0
2452490.69045 19.772 0.176 5.16 896.0
2452495.75392 19.550 0.159 5.21 1234.0
2452498.51746 19.594 0.093 3.23 892.0
2452500.56195 19.660 0.120 3.58 977.0
2452502.57318 19.835 0.160 4.09 1081.0
2452512.61982 19.556 0.152 4.65 1132.0
2452517.57373 19.745 0.155 4.45 986.0
2452538.50073 19.551 0.147 4.33 1225.0
2452542.52805 19.697 0.170 3.76 2080.0
2452563.50055 19.943 0.210 5.05 1220.0
2452707.86995 20.041 0.199 4.63 887.0
2452714.90923 19.451 0.100 3.38 931.0
2452744.92116 19.795 0.140 4.35 1091.0
2452753.89559 19.916 0.194 5.03 1116.0
2452757.80733 20.102 0.212 4.51 1144.0
2452761.82443 19.767 0.145 4.39 1057.0
2452767.79975 19.874 0.228 5.83 1123.0
2452783.83278 19.815 0.151 4.42 1029.0
2452785.75841 19.909 0.178 4.85 1049.0
2452787.60875 19.837 0.212 5.49 1148.0
2452789.76546 19.765 0.149 4.56 1018.0
2452791.72186 20.017 0.186 4.47 878.0
2452794.93652 19.663 0.176 4.97 1330.0
2452796.83556 19.778 0.127 3.51 876.0
2452797.89680 19.760 0.143 4.40 1002.0
2452809.72467 19.911 0.214 4.91 1090.0
2452811.64901 19.865 0.232 5.96 1047.0
2452812.72352 19.611 0.153 5.44 1007.0
2452813.83279 19.943 0.191 4.62 1084.0
2452814.75633 20.006 0.208 5.15 970.0
2452816.62101 19.805 0.145 4.48 805.0
2452818.59229 19.864 0.150 4.15 890.0
2452820.79893 19.929 0.178 4.09 1119.0
2452826.76240 19.752 0.134 4.48 785.0
2452837.64332 19.350 0.179 5.33 2275.0
2452841.72507 19.939 0.174 4.24 1057.0
2452850.53023 19.682 0.123 3.45 1209.0
2452854.54637 19.814 0.167 4.65 1104.0
2452858.68936 19.516 0.197 4.61 2838.0
2452865.70560 19.678 0.176 4.27 1752.0
2452868.59182 19.659 0.117 3.97 917.0
2452876.58808 19.891 0.186 5.07 923.0
2452879.63836 20.046 0.206 4.58 901.0
2452884.66873 19.946 0.222 5.18 1123.0
2452895.63079 19.690 0.133 4.00 1152.0
2452906.51093 19.799 0.216 5.79 1140.0
2452911.53510 19.914 0.212 4.57 1069.0
2452918.55911 19.680 0.188 4.76 1359.0
2452930.58009 19.611 0.191 5.43 1420.0
2453051.88964 19.529 0.191 4.55 2624.0
2453064.82450 19.661 0.179 5.47 1220.0
2453067.89793 19.910 0.149 3.79 978.0
2453070.85946 20.047 0.250 5.63 1172.0
2453073.81488 19.834 0.183 4.99 1139.0
2453075.85355 19.573 0.129 4.16 1161.0
2453079.89809 19.993 0.234 3.87 2069.0
2453082.86906 19.861 0.151 4.05 884.0
2453084.91151 19.771 0.130 3.58 1125.0
2453086.84305 19.713 0.108 3.63 822.0
2453088.80051 19.756 0.119 3.86 788.0
2453089.90977 19.641 0.123 3.99 984.0
2453091.83799 19.722 0.139 4.58 836.0
2453098.85999 19.784 0.117 3.56 850.0
2453100.80908 20.098 0.190 3.90 993.0
2453101.92282 19.535 0.173 5.23 1493.0
2453103.78037 19.893 0.168 3.79 1207.0
2453108.77292 19.619 0.104 3.25 959.0
2453109.80510 19.564 0.107 3.94 840.0
2453110.83951 19.856 0.149 4.22 911.0
2453112.79783 19.726 0.134 4.89 742.0
2453113.87878 19.457 0.099 4.65 790.0
2453114.78965 20.000 0.153 3.75 820.0
2453115.87313 19.689 0.144 4.75 869.0
2453122.91566 19.617 0.156 5.28 985.0
2453126.90157 19.535 0.133 4.43 1028.0
2453127.81242 19.838 0.179 4.76 1089.0
2453128.82547 19.995 0.173 4.21 1076.0
2453130.70337 19.935 0.208 4.11 1444.0
2453134.82508 19.865 0.180 4.71 1044.0
2453135.90470 20.076 0.239 5.45 996.0
2453139.88373 19.907 0.158 4.88 889.0
2453140.88350 20.045 0.185 4.88 835.0
2453142.77177 19.772 0.142 4.59 890.0
2453146.81537 19.898 0.178 5.57 788.0
2453151.75537 19.898 0.194 5.38 838.0
2453156.84461 19.587 0.154 5.11 1110.0
2453162.81961 19.766 0.166 4.21 1159.0
2453163.63249 19.929 0.153 4.33 835.0
2453163.65425 19.733 0.116 4.05 816.0
2453165.76199 19.602 0.098 3.90 802.0
2453168.75519 20.044 0.189 4.81 847.0
2453169.73152 20.071 0.201 4.55 853.0
2453170.80857 19.748 0.118 3.92 799.0
2453171.83134 19.497 0.090 3.76 871.0
2453172.75829 19.724 0.124 4.19 756.0
2453174.71522 19.910 0.144 3.91 812.0
2453175.72457 19.718 0.128 4.39 892.0
2453178.78828 19.726 0.132 4.61 798.0
2453179.79797 19.921 0.173 4.78 875.0
2453180.72690 19.860 0.133 4.39 747.0
2453182.77789 19.534 0.122 4.82 785.0
2453183.74646 19.983 0.213 5.49 822.0
2453184.70427 19.945 0.148 4.10 800.0
2453185.75690 19.687 0.142 4.20 979.0
2453193.54250 19.683 0.145 4.92 899.0
2453194.60108 19.945 0.191 4.49 1045.0
2453195.65305 19.909 0.124 3.60 751.0
2453195.80607 19.766 0.127 3.83 868.0
2453196.55154 19.845 0.187 5.03 989.0
2453197.51903 19.788 0.130 3.80 892.0
2453199.62887 19.948 0.186 5.49 742.0
2453199.65432 19.903 0.153 5.10 661.0
2453199.69189 19.939 0.171 5.04 686.0
2453199.74855 20.003 0.233 6.07 817.0
2453201.52071 19.873 0.142 4.20 897.0
2453201.75110 19.859 0.105 3.70 641.0
2453201.81594 19.838 0.157 4.83 844.0
2453202.48400 19.905 0.174 5.04 883.0
2453202.57508 19.758 0.133 4.58 783.0
2453202.75877 19.604 0.132 5.11 805.0
2453203.47277 19.773 0.165 4.84 906.0
2453203.66466 19.895 0.148 4.27 778.0
2453204.65896 19.983 0.157 4.44 690.0
2453205.47386 19.757 0.151 4.61 889.0
2453205.77261 19.748 0.124 4.49 668.0
2453206.52586 19.657 0.113 4.38 731.0
2453206.72343 20.068 0.210 5.51 743.0
2453210.51728 19.872 0.176 4.85 989.0
2453217.65788 19.792 0.163 4.30 1181.0
2453218.65628 19.926 0.206 4.98 1265.0
2453224.70295 19.596 0.122 4.29 973.0
2453230.67280 19.496 0.115 4.79 759.0
2453231.57620 19.670 0.134 4.81 831.0
2453238.62516 20.042 0.217 5.46 842.0
2453239.70386 19.966 0.222 6.00 841.0
2453240.68499 19.745 0.201 6.50 918.0
2453241.65990 19.827 0.184 5.02 1063.0
2453245.55978 19.940 0.197 4.73 1180.0
2453246.66348 19.712 0.227 6.85 1072.0
2453250.66435 19.686 0.164 4.79 1208.0
2453253.53211 19.954 0.189 5.79 710.0
2453267.53745 20.078 0.219 5.02 1044.0
2453282.57874 19.763 0.109 3.84 480.0
2453288.55130 19.783 0.163 5.50 720.0
2453293.52192 19.406 0.098 5.72 470.0
2453295.53211 20.109 0.128 4.17 380.0
2453305.55151 19.685 0.176 5.04 1399.0
2453306.53533 19.622 0.252 6.03 2076.0
2453309.50992 20.062 0.256 4.90 1247.0
2453310.52952 19.685 0.232 5.43 1549.0
2453409.88298 19.922 0.194 5.50 917.0
2453414.87145 20.074 0.217 5.63 827.0
2453421.90301 19.891 0.162 3.79 1311.0
2453422.87736 19.611 0.134 5.97 636.0
2453426.86849 19.597 0.119 4.70 935.0
2453429.85054 19.740 0.162 4.93 1107.0
2453432.89394 19.541 0.131 3.40 2208.0
2453445.80917 19.600 0.097 4.22 689.0
2453447.85984 19.738 0.153 4.95 806.0
2453449.87244 19.566 0.093 3.84 708.0
2453452.89303 19.888 0.123 3.79 735.0
2453457.86081 19.484 0.093 3.77 843.0
2453459.85598 19.462 0.099 3.65 1025.0
2453467.88584 19.579 0.103 4.66 684.0
2453469.79180 19.965 0.132 3.82 715.0
2453470.80468 19.644 0.093 3.76 655.0
2453472.76715 19.906 0.146 4.49 749.0
2453475.80919 19.815 0.127 4.30 713.0
2453477.77097 19.929 0.152 4.26 759.0
2453478.71692 19.827 0.144 4.95 732.0
2453478.75179 19.543 0.107 4.67 669.0
2453478.80826 19.802 0.128 4.23 697.0
2453478.85760 19.364 0.084 4.28 688.0
2453478.88800 19.903 0.158 4.57 763.0
2453479.76980 19.753 0.103 3.85 654.0
2453479.88615 19.794 0.116 3.87 718.0
2453479.93074 19.846 0.140 4.06 917.0
2453480.72995 19.500 0.089 4.26 676.0
2453480.90065 19.769 0.133 4.60 688.0
2453481.74789 19.880 0.136 4.09 769.0
2453482.72465 19.989 0.160 4.38 818.0
2453496.72745 19.644 0.124 4.42 829.0
2453498.92327 20.098 0.215 5.26 813.0
2453500.69150 20.107 0.168 4.25 736.0
2453500.73635 19.761 0.131 4.50 764.0
2453500.80361 19.858 0.147 4.49 752.0
2453500.84459 19.768 0.122 4.06 778.0
2453500.89815 19.417 0.118 5.05 836.0
2453501.67097 19.559 0.122 4.97 880.0
2453502.72586 19.582 0.092 3.54 785.0
2453503.69502 19.432 0.092 4.59 674.0
2453504.70975 19.699 0.129 4.84 628.0
2453508.76315 19.914 0.184 5.50 751.0
2453509.73625 19.631 0.107 4.32 684.0
2453510.80601 19.602 0.108 4.15 742.0
2453511.84514 19.791 0.137 4.20 965.0
2453512.71484 20.027 0.207 5.03 986.0
2453517.69576 19.492 0.147 5.34 1072.0
2453520.76921 19.834 0.146 4.29 786.0
2453521.72598 19.574 0.087 3.22 831.0
2453522.75394 19.651 0.096 3.71 672.0
2453523.75914 19.717 0.098 3.56 701.0
2453525.75731 19.709 0.111 4.25 656.0
2453526.76027 19.603 0.109 4.42 732.0
2453528.68120 19.787 0.116 4.08 663.0
2453530.61859 19.640 0.088 3.60 696.0
2453537.74378 19.742 0.121 4.58 647.0
2453538.61508 19.859 0.130 4.21 698.0
2453539.82538 19.439 0.070 3.52 680.0
2453540.65843 19.762 0.131 4.24 818.0
2453544.73061 20.084 0.222 4.18 1334.0
2453546.85251 19.584 0.193 6.41 1000.0
2453550.64326 19.788 0.121 3.96 848.0
2453551.64420 19.821 0.094 3.71 676.0
2453553.72858 20.080 0.220 5.26 813.0
2453554.66710 19.992 0.204 5.39 754.0
2453555.68547 19.526 0.116 5.31 670.0
2453556.68154 19.888 0.139 4.36 675.0
2453558.53858 19.509 0.108 4.36 839.0
2453558.83726 19.944 0.197 5.54 752.0
2453559.70721 19.600 0.099 3.80 711.0
2453560.60858 19.582 0.115 4.29 706.0
2453561.55353 19.589 0.111 4.04 850.0
2453563.64772 19.645 0.113 4.34 662.0
2453571.72133 19.971 0.263 4.15 2455.0
2453573.66576 20.061 0.227 5.25 927.0
2453574.69718 19.661 0.131 4.74 844.0
2453575.54466 19.709 0.101 3.49 736.0
2453575.78127 19.552 0.116 4.31 891.0
2453576.69853 19.539 0.119 4.85 767.0
2453577.59862 19.681 0.131 4.94 662.0
2453578.68327 19.629 0.111 4.99 637.0
2453579.62878 20.007 0.146 4.44 630.0
2453580.66196 19.608 0.115 4.53 695.0
2453581.68181 19.699 0.098 3.56 644.0
2453582.65369 19.670 0.117 4.35 628.0
2453583.76402 19.821 0.184 5.54 883.0
2453584.65276 20.024 0.133 3.81 624.0
2453585.73270 19.700 0.117 4.76 594.0
2453586.72818 19.598 0.094 3.77 707.0
2453588.55089 19.876 0.140 4.58 700.0
2453588.61080 20.079 0.163 4.70 631.0
2453589.48957 19.753 0.107 3.42 730.0
2453589.55448 19.561 0.083 3.71 663.0
2453589.68174 19.452 0.077 3.70 646.0
2453589.69107 19.710 0.103 3.94 662.0
2453590.46905 19.740 0.144 4.23 1109.0
2453590.55387 19.526 0.092 4.09 696.0
2453590.63339 19.520 0.109 4.75 673.0
2453590.69046 19.814 0.142 4.46 707.0
2453591.48216 19.726 0.116 3.74 800.0
2453591.63190 19.662 0.093 3.24 702.0
2453591.68927 19.649 0.090 3.13 690.0
2453592.48129 19.470 0.106 3.94 915.0
2453592.54857 19.801 0.126 4.02 697.0
2453592.66234 19.788 0.111 3.85 609.0
2453593.47185 19.966 0.143 4.53 614.0
2453593.75621 19.618 0.131 4.79 969.0
2453594.49555 19.817 0.166 5.17 793.0
2453594.57037 19.836 0.107 3.51 665.0
2453594.71839 19.769 0.126 4.24 772.0
2453596.64570 20.055 0.243 5.89 772.0
2453599.63624 19.912 0.242 6.32 976.0
2453601.66691 19.677 0.124 3.64 1033.0
2453602.62752 19.998 0.182 4.25 995.0
2453603.46679 19.477 0.226 5.71 2431.0
2453603.64755 19.565 0.118 4.53 809.0
2453607.64591 20.056 0.167 4.40 670.0
2453608.66127 19.818 0.129 4.22 691.0
2453615.58902 20.111 0.185 5.17 640.0
2453618.59062 19.650 0.127 4.22 803.0
2453620.55383 19.882 0.139 4.19 664.0
2453622.53169 19.380 0.115 4.82 730.0
2453634.49797 19.514 0.130 5.41 738.0
2453639.55684 19.521 0.085 3.58 725.0
2453641.55525 19.562 0.171 6.06 932.0
2453644.51564 19.838 0.139 4.02 823.0
2453654.55143 19.704 0.193 4.03 1737.0
2453658.56453 19.649 0.214 5.76 1334.0
2453660.53717 19.567 0.163 4.57 1432.0
2453661.51846 19.400 0.168 5.37 1312.0
2453662.49871 19.934 0.196 4.71 1045.0
2453662.52567 19.689 0.200 5.72 1117.0
2453663.53669 19.714 0.226 6.17 1112.0
2453664.53504 19.605 0.121 3.48 1094.0
2453665.50793 20.110 0.243 4.47 1082.0
2453665.54056 19.909 0.207 4.57 1158.0
2453668.49178 19.848 0.254 5.20 1770.0
2453675.51925 19.682 0.171 4.74 1210.0
2453782.86258 19.681 0.130 4.36 937.0
2453784.88789 19.601 0.114 3.32 1293.0
2453788.85534 19.556 0.138 4.19 1299.0
2453790.89772 19.853 0.170 3.35 1688.0
2453793.86505 19.677 0.099 3.07 919.0
2453795.85244 19.641 0.173 5.64 1024.0
2453798.81564 19.674 0.114 3.92 824.0
2453799.83983 19.866 0.157 4.17 1035.0
2453800.83475 19.500 0.128 5.03 859.0
2453801.89424 19.706 0.138 4.40 837.0
2453803.89509 19.636 0.111 3.80 861.0
2453805.81154 19.916 0.156 4.27 841.0
2453806.77781 19.339 0.104 4.65 951.0
2453808.80460 19.732 0.130 3.87 1050.0
2453809.88971 19.649 0.112 3.76 993.0
2453810.85632 19.680 0.118 3.67 1007.0
2453811.84791 19.595 0.123 4.45 864.0
2453812.84401 20.012 0.230 5.04 980.0
2453814.83584 19.786 0.128 3.51 927.0
2453817.86909 19.443 0.095 3.59 1054.0
2453818.89648 19.701 0.116 3.86 817.0
2453819.81415 19.759 0.109 3.66 718.0
2453820.78084 19.633 0.104 3.89 744.0
2453821.78397 19.740 0.127 4.42 736.0
2453822.82336 20.024 0.158 3.92 774.0
2453824.74974 19.677 0.160 5.62 835.0
2453825.81460 19.852 0.153 4.84 783.0
2453826.74312 19.584 0.112 5.54 491.0
2453827.81091 19.824 0.136 4.37 671.0
2453828.78553 19.977 0.208 5.26 817.0
2453829.76772 19.894 0.161 4.56 738.0
2453830.74408 19.523 0.104 4.10 856.0
2453832.75462 19.773 0.122 4.16 704.0
2453833.76778 19.769 0.108 3.77 686.0
2453833.82029 19.513 0.077 3.17 701.0
2453833.88322 19.759 0.120 3.59 827.0
2453834.75356 19.706 0.109 3.81 832.0
2453836.77366 19.820 0.140 3.99 924.0
2453837.74101 20.015 0.242 5.69 939.0
2453837.91292 19.481 0.107 4.12 990.0
2453838.75280 19.813 0.221 6.03 991.0
2453838.92013 19.784 0.168 4.54 1094.0
2453839.74857 19.623 0.146 4.86 1052.0
2453840.71457 19.681 0.144 4.63 1157.0
2453840.91955 19.558 0.126 4.43 1025.0
2453841.75309 19.741 0.140 4.23 1041.0
2453841.90379 19.712 0.140 4.05 1224.0
2453842.85690 19.527 0.102 3.67 1016.0
2453845.72861 19.827 0.256 4.83 2264.0
2453845.91994 19.640 0.157 5.11 898.0
2453846.73933 19.851 0.129 4.00 765.0
2453846.93200 19.567 0.152 4.08 1659.0
2453848.76035 20.072 0.183 4.74 715.0
2453849.75951 19.735 0.126 4.14 759.0
2453850.70416 19.572 0.107 4.01 790.0
2453850.87719 19.770 0.148 4.57 847.0
2453851.71879 19.766 0.134 4.70 737.0
2453851.88357 20.077 0.221 5.24 803.0
2453851.92970 19.423 0.106 3.89 1082.0
2453852.70727 19.772 0.149 4.84 782.0
2453852.87851 19.588 0.123 4.77 770.0
2453853.69568 19.599 0.097 4.13 701.0
2453853.86397 19.639 0.109 4.09 718.0
2453853.93481 19.496 0.121 3.71 1573.0
2453856.68573 19.884 0.149 4.24 916.0
2453856.85248 19.621 0.106 4.06 816.0
2453857.92338 19.705 0.140 4.75 887.0
2453858.77212 19.601 0.102 4.31 633.0
2453859.81028 19.717 0.124 4.21 702.0
2453860.67979 20.067 0.208 5.18 851.0
2453862.71114 19.679 0.103 3.65 844.0
2453862.87361 20.020 0.174 4.36 939.0
2453863.64860 19.519 0.113 4.67 927.0
2453863.86271 19.678 0.105 4.17 725.0
2453864.68553 19.890 0.158 4.29 866.0
2453864.87561 19.635 0.104 4.00 728.0
2453864.93455 19.877 0.131 3.30 1092.0
2453865.69637 19.306 0.091 4.23 912.0
2453865.83310 19.762 0.137 4.75 815.0
2453865.90983 19.913 0.150 4.42 775.0
2453866.69482 19.736 0.123 3.97 843.0
2453866.83432 19.488 0.101 4.08 794.0
2453866.91323 19.686 0.101 3.44 785.0
2453867.63767 20.022 0.188 4.43 1176.0
2453867.89641 19.471 0.104 4.04 1083.0
2453868.72078 19.684 0.152 4.03 1223.0
2453868.87245 19.569 0.140 4.13 1170.0
2453869.70059 19.736 0.137 3.75 1260.0
2453869.88154 19.839 0.189 4.12 1438.0
2453872.90486 19.566 0.104 3.81 1049.0
2453873.65409 19.864 0.137 3.97 831.0
2453873.79629 19.897 0.142 3.82 810.0
2453873.86827 19.684 0.138 4.42 842.0
2453874.75257 19.696 0.150 5.09 762.0
2453875.66624 19.723 0.093 3.50 650.0
2453875.82210 19.886 0.137 4.21 761.0
2453875.91265 19.858 0.129 3.80 778.0
2453876.64345 19.828 0.104 3.98 596.0
2453877.64160 19.839 0.138 4.71 651.0
2453877.79290 19.691 0.103 3.92 688.0
2453877.86678 20.029 0.168 4.36 821.0
2453880.61464 19.921 0.136 5.19 495.0
2453880.84246 19.862 0.169 5.03 800.0
2453880.92127 19.256 0.093 4.90 907.0
2453881.67167 19.600 0.115 4.19 817.0
2453881.88312 19.570 0.098 3.57 873.0
2453882.58366 19.901 0.182 4.96 909.0
2453882.75994 19.710 0.134 4.75 729.0
2453882.83419 19.515 0.114 4.87 821.0
2453882.90300 19.625 0.104 3.85 806.0
2453883.64931 19.699 0.134 4.51 792.0
2453883.84986 19.515 0.088 3.86 728.0
2453886.61143 19.838 0.159 4.85 843.0
2453886.80422 19.678 0.111 4.18 684.0
2453886.87606 19.457 0.114 4.89 777.0
2453887.58474 19.418 0.108 5.12 831.0
2453887.78738 19.814 0.126 4.14 704.0
2453889.66721 19.611 0.098 3.86 674.0
2453889.94543 19.763 0.142 3.98 1156.0
2453890.65235 19.445 0.092 3.83 826.0
2453891.67684 19.576 0.113 4.39 739.0
2453891.80508 19.838 0.136 4.21 780.0
2453891.88707 19.820 0.152 4.58 818.0
2453892.94721 19.371 0.118 4.57 1291.0
2453893.63066 19.565 0.114 4.33 812.0
2453893.87534 19.665 0.176 5.87 853.0
2453894.68104 19.783 0.170 5.38 723.0
2453900.53993 19.815 0.230 5.78 1397.0
2453900.72634 19.852 0.132 3.64 924.0
2453900.80499 20.010 0.179 4.28 1025.0
2453900.87362 19.665 0.124 3.66 1193.0
2453901.55010 19.703 0.154 5.11 868.0
2453901.80867 19.936 0.193 5.03 868.0
2453901.87761 20.067 0.244 5.15 1072.0
2453902.57431 19.801 0.130 4.47 746.0
2453902.75226 19.712 0.130 4.42 846.0
2453903.66391 19.898 0.148 4.34 821.0
2453904.56110 19.632 0.092 3.71 749.0
2453904.72408 20.058 0.165 3.81 807.0
2453904.79317 20.039 0.164 4.07 767.0
2453904.89531 19.750 0.143 4.50 945.0
2453905.55784 19.861 0.128 3.81 763.0
2453905.73454 19.844 0.125 3.63 816.0
2453905.80455 19.578 0.086 3.28 767.0
2453905.87311 19.305 0.084 3.80 988.0
2453906.57234 19.795 0.166 5.16 834.0
2453906.71297 19.664 0.117 4.76 734.0
2453906.86843 19.579 0.153 5.54 879.0
2453908.53925 19.707 0.139 4.23 1018.0
2453908.80494 19.837 0.139 4.38 731.0
2453908.88803 19.899 0.150 4.10 912.0
2453909.54110 19.426 0.107 4.54 876.0
2453909.72379 19.665 0.100 4.06 619.0
2453909.81427 19.653 0.107 4.08 698.0
2453909.89056 19.387 0.103 4.36 938.0
2453910.57754 19.770 0.125 4.03 779.0
2453912.54020 19.573 0.079 3.11 798.0
2453912.72756 20.071 0.141 4.20 625.0
2453912.82149 19.702 0.108 4.08 655.0
2453913.53172 19.472 0.079 3.33 771.0
2453913.82606 19.863 0.119 3.60 740.0
2453914.55548 19.975 0.177 4.66 824.0
2453915.53320 19.732 0.134 4.31 861.0
2453916.57189 19.738 0.142 4.96 742.0
2453916.81583 19.655 0.123 4.50 717.0
2453917.62064 19.921 0.186 5.23 770.0
2453917.82640 19.721 0.157 5.17 846.0
2453918.82410 20.009 0.258 6.31 830.0
2453919.55226 19.807 0.209 5.94 928.0
2453919.76088 19.694 0.100 4.09 655.0
2453920.51857 19.539 0.130 4.89 792.0
2453920.71466 19.923 0.175 5.07 791.0
2453920.80007 19.445 0.081 3.47 746.0
2453921.51475 19.709 0.135 4.04 966.0
2453930.55167 19.532 0.112 4.27 837.0
2453932.53491 19.733 0.145 4.46 910.0
2453932.80662 19.648 0.131 4.29 957.0
2453933.52129 19.920 0.147 3.99 880.0
2453933.70579 19.744 0.119 4.31 744.0
2453933.77776 19.624 0.112 4.09 810.0
2453934.49520 19.616 0.117 4.29 882.0
2453934.66524 19.964 0.152 4.66 676.0
2453934.73508 19.729 0.119 4.09 748.0
2453935.54509 19.928 0.169 4.51 790.0
2453935.71644 19.903 0.214 6.35 712.0
2453935.81397 19.501 0.123 4.84 925.0
2453936.66399 19.689 0.125 4.12 746.0
2453936.74035 19.875 0.182 4.58 912.0
2453938.70127 19.620 0.136 5.64 650.0
2453940.59091 19.719 0.132 4.74 745.0
2453944.75917 19.671 0.155 5.81 710.0
2453945.78710 19.865 0.187 5.50 832.0
2453946.51796 19.341 0.108 5.10 806.0
2453950.52664 19.625 0.104 4.13 694.0
2453950.74171 19.791 0.173 5.54 745.0
2453951.51937 19.741 0.156 4.75 836.0
2453951.75068 19.584 0.177 5.59 1279.0
2453956.57257 19.699 0.205 6.22 982.0
2453957.51100 19.510 0.134 4.88 981.0
2453958.58179 19.696 0.135 4.36 810.0
2453959.51457 19.790 0.165 5.15 784.0
2453960.50381 19.700 0.116 4.07 739.0
2453960.68291 19.751 0.108 3.45 801.0
2453961.57514 20.117 0.259 5.38 915.0
2453963.53645 19.335 0.087 4.23 695.0
2453963.60637 19.748 0.128 4.30 706.0
2453963.71382 19.730 0.142 5.01 712.0
2453964.53156 19.436 0.087 3.65 760.0
2453965.51597 19.425 0.089 3.83 732.0
2453965.70725 19.740 0.112 4.00 690.0
2453966.49117 19.696 0.152 4.88 868.0
2453966.69286 19.297 0.082 4.24 691.0
2453967.52956 20.061 0.222 4.80 777.0
2453967.71832 19.919 0.157 5.02 675.0
2453968.50366 20.069 0.211 4.56 917.0
2453969.68594 19.830 0.151 4.88 691.0
2453970.69301 19.712 0.113 4.14 660.0
2453973.58445 19.837 0.145 4.73 631.0
2453974.51373 20.107 0.217 5.28 742.0
2453975.51662 19.716 0.127 4.58 720.0
2453975.69325 19.727 0.159 5.47 798.0
2453976.51116 19.530 0.099 4.24 717.0
2453976.68722 19.409 0.140 6.00 873.0
2453982.57406 19.495 0.108 3.88 946.0
2453983.53170 19.732 0.217 5.17 1414.0
2453986.58852 19.940 0.206 4.99 932.0
2453987.51087 19.981 0.198 4.97 816.0
2453988.52377 19.678 0.107 3.87 679.0
2453993.55864 19.454 0.118 5.20 705.0
2453994.56934 19.898 0.191 5.37 790.0
2453995.57693 19.759 0.127 4.07 748.0
2453999.61428 19.872 0.152 4.33 845.0
2454002.50368 20.061 0.215 4.61 772.0
2454003.49789 19.661 0.125 4.44 787.0
2454004.53199 19.542 0.105 4.08 808.0
2454006.52495 19.896 0.161 4.28 800.0
2454012.50486 19.821 0.192 5.49 881.0
2454020.54349 19.504 0.140 5.62 836.0
2454025.56321 19.822 0.170 4.86 988.0
2454028.50263 19.569 0.165 5.98 892.0
2454031.50274 19.997 0.246 5.69 944.0
2454141.88253 19.804 0.181 4.51 1317.0
2454151.86370 19.889 0.199 5.19 955.0
2454153.88564 19.710 0.146 4.40 1000.0
2454158.88364 19.655 0.167 5.42 1092.0
2454163.83446 19.497 0.124 3.68 1510.0
2454168.81305 19.668 0.158 4.27 1284.0
2454175.79563 19.798 0.193 5.42 996.0
2454176.90697 19.915 0.162 3.62 1046.0
2454178.81071 19.806 0.150 4.18 883.0
2454179.85500 19.752 0.131 3.57 963.0
2454181.79144 19.963 0.212 5.37 913.0
2454182.83638 19.542 0.105 3.77 857.0
2454183.87253 19.545 0.132 4.96 932.0
2454184.91317 19.425 0.100 4.00 970.0
2454189.85583 19.567 0.133 4.83 878.0
2454194.79339 19.739 0.164 4.71 1057.0
2454196.78345 19.943 0.223 5.15 1173.0
2454202.76499 19.617 0.125 4.37 1005.0
2454203.75300 19.637 0.112 3.86 855.0
2454204.74526 19.747 0.151 4.45 981.0
2454204.92756 19.707 0.156 3.89 1423.0
2454205.74180 19.711 0.130 4.20 806.0
2454207.73126 19.808 0.151 4.17 971.0
2454208.75336 20.078 0.182 4.29 868.0
2454211.79753 19.921 0.225 5.85 885.0
2454212.87469 19.889 0.224 5.65 857.0
2454213.71789 19.892 0.180 4.88 891.0
2454213.92147 19.662 0.118 3.75 999.0
2454215.75057 19.736 0.178 5.39 930.0
2454216.70836 19.795 0.171 5.01 979.0
2454217.71581 19.641 0.114 3.79 954.0
2454217.92528 19.654 0.120 3.83 1059.0
2454220.71108 19.667 0.152 4.83 994.0
2454222.67982 19.766 0.206 5.11 1347.0
2454222.92458 19.586 0.133 3.95 1312.0
2454224.79053 19.815 0.156 3.58 1346.0
2454224.80204 19.695 0.139 3.58 1348.0
2454224.82484 19.635 0.179 4.80 1374.0
2454224.84518 19.740 0.214 4.01 2566.0
2454224.86690 19.714 0.210 5.26 1500.0
2454224.87624 19.850 0.206 4.61 1517.0
2454224.87907 19.737 0.186 4.67 1496.0
2454224.88198 19.944 0.219 4.49 1527.0
2454224.89350 19.850 0.186 4.32 1482.0
2454224.90463 19.555 0.181 5.09 1575.0
2454224.91573 19.758 0.206 4.69 1627.0
2454224.92582 19.681 0.182 4.53 1630.0
2454224.92877 19.916 0.234 4.68 1626.0
2454224.93464 19.752 0.240 5.30 1803.0
2454224.93731 19.585 0.218 5.04 2226.0
2454227.84608 19.584 0.136 4.78 1120.0
2454227.85365 19.637 0.159 4.74 1332.0
2454227.85748 19.808 0.198 4.70 1408.0
2454227.87452 19.788 0.188 4.84 1256.0
2454227.88697 19.552 0.168 4.92 1525.0
2454227.91069 19.446 0.135 4.70 1313.0
2454227.92031 19.832 0.210 4.86 1363.0
2454227.92898 19.686 0.204 5.24 1593.0
2454228.68594 19.758 0.169 4.62 1122.0
2454228.71727 19.594 0.121 3.76 1078.0
2454228.75741 19.896 0.187 4.38 1212.0
2454228.79369 19.595 0.132 4.30 1105.0
2454228.88015 19.893 0.248 6.05 1187.0
2454229.63499 19.538 0.173 5.83 1032.0
2454229.74178 19.873 0.177 4.69 970.0
2454229.80924 19.779 0.151 4.13 1079.0
2454229.87657 19.779 0.176 5.01 1096.0
2454229.92715 19.974 0.189 4.38 1087.0
2454230.68932 19.714 0.139 4.20 865.0
2454230.76230 19.717 0.108 3.25 886.0
2454230.87737 19.794 0.203 5.53 1079.0
2454230.92849 19.545 0.192 6.06 1213.0
2454231.63166 20.117 0.201 4.35 983.0
2454231.77588 19.756 0.144 4.15 1062.0
2454231.90008 19.641 0.180 5.43 1129.0
2454232.61690 19.637 0.198 5.88 1256.0
2454232.93389 19.764 0.230 5.81 1328.0
2454233.71743 19.825 0.237 6.40 1007.0
2454234.71719 20.055 0.217 4.85 1001.0
2454234.93152 19.742 0.193 5.11 1259.0
2454235.61953 19.784 0.210 6.18 1174.0
2454235.64519 19.933 0.178 4.16 1092.0
2454235.80644 19.828 0.137 3.79 892.0
2454235.89887 19.666 0.140 4.40 972.0
2454238.68155 19.726 0.202 6.03 1008.0
2454238.81931 19.587 0.149 4.97 1034.0
2454240.68525 19.862 0.200 5.31 917.0
2454240.82533 20.107 0.229 4.85 963.0
2454243.65106 19.692 0.174 5.33 990.0
2454243.74377 19.663 0.150 4.90 941.0
2454243.83752 19.807 0.171 4.82 966.0
2454244.62339 19.815 0.199 5.39 1067.0
2454244.71965 19.780 0.155 4.41 941.0
2454244.81246 20.044 0.206 4.54 1006.0
2454245.61649 19.630 0.144 5.02 851.0
2454245.71041 19.614 0.127 4.45 831.0
2454245.80622 19.949 0.188 4.96 856.0
2454246.67478 19.852 0.166 4.70 925.0
2454246.76766 19.662 0.149 4.98 941.0
2454250.73818 19.661 0.153 4.43 1188.0
2454251.80976 19.568 0.233 5.90 1731.0
2454256.77191 19.924 0.239 5.72 1124.0
2454257.65753 19.861 0.249 6.19 1044.0
2454258.76325 19.888 0.185 4.92 983.0
2454258.85737 19.766 0.204 5.58 1152.0
2454267.60137 19.834 0.162 4.41 981.0
2454268.56459 19.763 0.203 6.32 917.0
2454269.58377 19.620 0.131 4.34 954.0
2454269.70432 19.817 0.164 4.80 826.0
2454269.81308 19.815 0.135 4.31 759.0
2454270.57732 19.989 0.255 5.75 1109.0
2454272.60568 19.626 0.113 3.52 1036.0
2454272.75483 19.896 0.167 4.53 915.0
2454272.81404 19.763 0.160 4.67 959.0
2454273.86459 19.738 0.267 6.32 1382.0
2454274.70919 19.948 0.214 5.04 1049.0
2454274.77032 19.980 0.212 4.77 1069.0
2454274.82873 19.545 0.162 5.76 1025.0
2454275.60788 19.930 0.205 4.92 1059.0
2454275.78325 19.724 0.186 5.09 1169.0
2454276.59266 19.940 0.241 5.61 1103.0
2454277.71337 19.812 0.176 4.66 1052.0
2454277.77206 19.791 0.237 6.25 1084.0
2454283.51589 19.718 0.200 4.95 1539.0
2454283.73620 19.850 0.212 4.62 1412.0
2454284.51082 20.038 0.245 4.80 1226.0
2454284.70140 19.680 0.158 4.49 1152.0
2454284.76374 19.725 0.156 4.19 1212.0
2454285.51393 19.740 0.218 5.35 1301.0
2454285.70668 19.782 0.196 5.41 1030.0
2454285.76847 19.734 0.157 4.32 1007.0
2454286.51362 19.642 0.168 5.11 1241.0
2454289.52143 19.645 0.166 5.18 1116.0
2454289.80508 19.970 0.207 4.44 1091.0
2454291.63034 19.633 0.117 3.72 928.0
2454292.49600 19.817 0.133 3.47 1034.0
2454292.67518 19.696 0.136 4.29 956.0
2454292.73378 19.665 0.121 4.09 877.0
2454292.79229 19.631 0.136 4.33 1012.0
2454293.49631 19.525 0.133 4.50 993.0
2454293.72094 19.763 0.140 4.20 841.0
2454293.77973 19.805 0.149 4.17 907.0
2454294.49549 19.572 0.129 4.35 1057.0
2454295.50260 19.568 0.142 5.04 912.0
2454295.70065 19.759 0.137 4.66 720.0
2454295.75924 19.693 0.127 4.38 759.0
2454296.49965 19.806 0.184 4.98 986.0
2454296.69618 20.004 0.174 4.47 757.0
2454297.72083 19.968 0.159 4.49 721.0
2454298.65980 19.890 0.198 5.50 775.0
2454299.53709 19.817 0.135 4.05 851.0
2454299.63056 19.728 0.135 4.42 778.0
2454299.72230 19.710 0.134 4.62 756.0
2454300.53278 19.699 0.144 4.58 873.0
2454300.65284 19.511 0.121 4.64 775.0
2454300.74837 19.717 0.148 4.70 863.0
2454301.52366 19.583 0.117 3.87 1019.0
2454301.61939 19.704 0.150 4.94 907.0
2454301.72092 19.943 0.167 4.32 833.0
2454301.81079 19.814 0.165 4.92 859.0
2454302.59663 19.864 0.176 4.91 796.0
2454302.69681 19.676 0.164 5.37 821.0
2454306.64074 20.059 0.267 5.71 1051.0
2454306.69645 19.878 0.212 5.42 1037.0
2454310.61994 19.829 0.227 4.76 1534.0
2454312.55219 19.523 0.153 4.66 1427.0
2454312.75064 19.687 0.174 5.15 1090.0
2454316.71636 19.866 0.207 5.34 998.0
2454317.56446 19.469 0.107 4.20 847.0
2454319.52171 19.852 0.207 5.36 986.0
2454320.54851 19.812 0.160 4.53 859.0
2454326.51577 19.918 0.166 4.32 910.0
2454327.59458 20.042 0.272 5.99 883.0
2454328.52138 19.581 0.158 4.86 1046.0
2454328.69941 20.031 0.247 5.38 1048.0
2454329.67883 20.024 0.244 5.22 921.0
2454330.50224 19.727 0.157 4.87 934.0
2454330.69553 19.951 0.198 4.79 934.0
2454331.48238 20.010 0.250 5.26 1060.0
2454331.69125 19.983 0.264 6.58 870.0
2454332.51217 19.620 0.115 3.85 936.0
2454338.50649 19.543 0.169 4.83 1494.0
2454340.60410 19.859 0.190 4.30 1220.0
2454343.51515 19.546 0.106 3.70 1004.0
2454345.50857 19.638 0.114 3.52 1002.0
2454346.52128 19.728 0.163 4.81 1061.0
2454347.53599 19.769 0.167 4.77 917.0
2454349.49762 19.923 0.188 4.74 926.0
2454350.54427 19.683 0.138 4.29 942.0
2454351.51016 19.679 0.139 4.35 929.0
2454352.56068 19.640 0.209 6.48 993.0
2454353.51404 19.724 0.147 4.20 1045.0
2454354.54276 19.589 0.127 4.47 959.0
2454355.54571 19.587 0.139 4.75 1006.0
2454356.51077 19.857 0.186 4.92 948.0
2454359.54041 20.081 0.237 5.32 952.0
2454361.57320 19.822 0.256 6.12 1169.0
2454362.51496 19.821 0.225 5.12 1602.0
2454367.49905 19.756 0.188 5.08 1271.0
2454368.53545 19.748 0.217 5.56 1229.0
2454370.49951 19.566 0.152 4.84 1189.0
2454371.53794 19.803 0.164 4.33 1154.0
2454372.52367 19.718 0.136 4.27 940.0
2454373.50986 19.957 0.244 5.38 1091.0
2454378.52237 19.932 0.216 5.26 948.0
2454380.54890 19.814 0.176 4.55 1027.0
2454381.52760 19.685 0.224 5.97 1232.0
2454382.57014 19.779 0.258 6.55 1167.0
2454383.56068 19.593 0.167 5.26 1243.0
2454393.53468 19.599 0.164 5.05 1261.0
2454394.55002 19.736 0.201 4.96 1327.0
2454395.52146 19.402 0.165 5.27 1340.0
2454397.53776 19.738 0.212 5.59 1558.0
2454398.54267 19.956 0.260 5.10 1537.0
2454403.55293 19.858 0.261 5.45 1310.0
2454510.86450 19.814 0.189 5.30 1024.0
2454513.86562 19.853 0.158 4.39 953.0
2454519.88571 19.587 0.123 4.15 983.0
2454524.81545 19.379 0.132 5.06 1231.0
2454530.82308 19.701 0.115 3.52 937.0
2454533.85894 20.050 0.238 5.58 900.0
2454535.84170 20.103 0.269 5.99 912.0
2454536.89938 19.954 0.179 4.71 853.0
2454537.88501 19.706 0.115 3.99 741.0
2454538.82012 19.869 0.171 4.58 941.0
2454539.85817 19.840 0.166 5.00 809.0
2454540.80438 19.577 0.115 4.01 921.0
2454541.79708 19.757 0.129 3.90 823.0
2454542.79177 20.046 0.254 6.14 902.0
2454543.78731 19.563 0.127 4.89 929.0
2454544.78420 19.809 0.207 5.54 1080.0
2454545.79051 19.634 0.146 4.58 1084.0
2454546.79763 19.657 0.147 4.55 1082.0
2454547.79160 19.534 0.121 4.06 1135.0
2454548.80256 19.586 0.151 4.97 1107.0
2454556.76088 19.943 0.180 5.13 799.0
2454557.77809 19.770 0.168 5.38 828.0
2454559.75295 19.860 0.151 4.67 740.0
2454560.75308 19.721 0.131 4.44 716.0
2454561.74314 20.068 0.205 5.11 835.0
2454564.73329 20.025 0.185 4.72 745.0
2454565.73137 19.569 0.096 3.75 774.0
2454565.92227 19.568 0.086 3.08 916.0
2454567.72389 19.488 0.105 4.32 841.0
2454568.73243 20.033 0.188 4.37 870.0
2454569.74153 19.720 0.178 6.29 817.0
2454571.72682 19.597 0.168 5.87 929.0
2454571.91537 19.840 0.138 4.08 829.0
2454572.75431 19.561 0.111 4.09 888.0
2454573.74269 19.884 0.178 4.62 973.0
2454573.90905 19.861 0.122 3.67 785.0
2454574.74508 19.903 0.188 4.62 1011.0
2454575.75416 19.655 0.131 3.66 1056.0
2454576.76067 19.496 0.110 3.70 1163.0
2454577.84238 19.831 0.191 4.68 1060.0
2454578.79340 19.676 0.204 6.15 1096.0
2454583.73713 19.799 0.165 4.66 972.0
2454583.92992 19.794 0.166 4.49 1138.0
2454587.93231 19.629 0.187 5.68 1183.0
2454588.92710 19.806 0.151 4.36 975.0
2454589.67916 20.067 0.217 4.95 894.0
2454589.83455 19.987 0.201 4.89 842.0
2454589.89658 20.001 0.209 4.66 896.0
2454590.70193 19.799 0.154 4.49 941.0
2454590.90659 20.028 0.188 4.15 1028.0
2454591.71043 19.577 0.124 4.12 1025.0
2454591.83587 19.747 0.143 4.38 949.0
2454591.90243 19.886 0.163 4.00 1057.0
2454592.66906 19.993 0.223 4.92 1213.0
2454592.85831 19.773 0.161 4.10 1169.0
2454592.93667 19.870 0.219 4.04 2119.0
2454593.65819 20.046 0.213 5.16 943.0
2454593.86790 19.880 0.146 3.70 1013.0
2454594.67921 20.108 0.234 5.33 885.0
2454594.87425 19.694 0.138 4.44 967.0
2454595.86316 19.738 0.143 4.61 842.0
2454596.66395 19.546 0.142 5.27 881.0
2454597.87989 19.916 0.173 4.62 947.0
2454598.66466 19.523 0.087 3.57 717.0
2454598.93338 20.000 0.205 4.53 1129.0
2454600.64641 19.739 0.118 3.87 802.0
2454600.85513 19.770 0.125 3.51 935.0
2454601.65198 19.687 0.125 3.95 938.0
2454601.93009 19.803 0.158 4.93 861.0
2454602.64461 19.821 0.137 3.92 871.0
2454602.85403 19.760 0.119 3.59 881.0
2454603.88713 19.700 0.136 4.58 848.0
2454606.64588 19.594 0.121 3.50 1358.0
2454610.74205 19.634 0.128 3.86 1106.0
2454611.63136 19.763 0.185 5.02 1063.0
2454611.82221 19.879 0.150 3.66 1064.0
2454612.65274 19.862 0.168 4.12 1111.0
2454612.68400 19.952 0.181 3.79 1272.0
2454615.79448 19.642 0.142 4.64 938.0
2454616.60350 20.003 0.218 5.06 971.0
2454616.82002 20.047 0.205 4.87 849.0
2454616.88998 20.033 0.218 4.78 1102.0
2454617.67523 19.680 0.139 4.57 860.0
2454618.61526 19.979 0.190 4.92 875.0
2454621.91663 19.712 0.131 4.07 1047.0
2454622.81368 19.827 0.159 4.40 918.0
2454623.87279 19.682 0.184 5.37 1157.0
2454624.59278 19.799 0.220 6.00 1025.0
2454624.81690 19.757 0.153 4.55 878.0
2454624.88327 19.870 0.194 5.55 943.0
2454625.91464 19.658 0.193 5.80 1056.0
2454626.86586 19.840 0.189 5.54 869.0
2454627.56583 19.513 0.135 4.56 984.0
2454627.85512 19.845 0.140 4.36 772.0
2454627.92238 19.744 0.158 5.27 844.0
2454628.55309 20.034 0.214 4.92 1026.0
2454628.82481 20.012 0.215 5.27 854.0
2454628.89472 19.805 0.186 5.24 977.0
2454629.63051 19.676 0.120 3.92 784.0
2454629.83313 19.678 0.139 4.40 968.0
2454630.77227 19.658 0.112 3.51 950.0
2454630.85565 19.950 0.193 4.73 949.0
2454630.91842 19.529 0.157 5.42 1082.0
2454631.56784 19.628 0.110 3.52 1013.0
2454631.78357 19.464 0.094 4.03 873.0
2454631.87027 19.699 0.160 5.01 1125.0
2454632.57163 19.929 0.180 4.45 1099.0
2454633.60406 19.753 0.135 3.66 1081.0
2454633.68311 19.676 0.116 3.65 987.0
2454633.79886 19.376 0.113 4.38 1095.0
2454633.81655 19.622 0.131 4.13 1094.0
2454633.82604 19.827 0.166 4.36 1138.0
2454633.88732 20.000 0.264 5.19 1415.0
2454638.70762 20.005 0.220 5.04 1033.0
2454638.75667 20.036 0.210 4.64 1049.0
2454638.86687 19.756 0.228 5.40 1557.0
2454639.53524 19.674 0.158 4.55 1299.0
2454639.57919 20.024 0.230 4.84 1190.0
2454639.67699 19.748 0.130 3.41 1158.0
2454640.59870 19.761 0.155 4.79 908.0
2454640.73086 19.955 0.151 4.04 824.0
2454641.67270 20.004 0.174 4.10 914.0
2454641.78265 19.704 0.155 4.77 971.0
2454642.59663 19.729 0.142 4.28 983.0
2454642.75915 19.751 0.153 4.87 848.0
2454642.83422 19.495 0.144 5.10 1036.0
2454643.55439 20.077 0.250 5.75 912.0
2454644.86349 19.719 0.157 4.81 901.0
2454645.52485 19.420 0.160 5.38 1347.0
2454645.77331 20.071 0.203 4.38 937.0
2454646.52286 19.752 0.141 3.89 1060.0
2454647.51925 19.810 0.207 4.50 1404.0
2454647.74229 19.995 0.225 5.35 1006.0
2454647.85331 19.802 0.229 5.94 1135.0
2454648.50239 19.571 0.150 4.93 1149.0
2454648.71887 19.623 0.140 4.75 872.0
2454649.52851 20.011 0.244 5.32 1089.0
2454649.86359 19.903 0.228 5.65 1115.0
2454650.51447 19.912 0.229 5.33 1250.0
2454650.77839 20.109 0.226 5.29 841.0
2454650.87211 19.609 0.174 5.51 1140.0
2454652.50887 19.754 0.169 4.58 1135.0
2454652.72200 19.539 0.110 4.17 860.0
2454653.50521 20.018 0.297 6.30 1181.0
2454653.72438 19.695 0.149 4.60 991.0
2454654.75549 19.485 0.122 4.75 919.0
2454655.50509 19.661 0.180 5.10 1308.0
2454655.72955 19.453 0.099 4.19 788.0
2454655.79134 19.703 0.166 5.28 926.0
2454656.50700 19.588 0.109 3.64 894.0
2454656.69679 19.670 0.139 4.17 1029.0
2454656.81601 19.699 0.167 4.45 1340.0
2454658.66550 20.003 0.194 4.59 941.0
2454661.49505 19.497 0.149 4.77 1436.0
2454661.69573 19.889 0.204 4.43 1355.0
2454665.66253 19.541 0.167 4.60 1683.0
2454666.56798 19.705 0.151 3.98 1283.0
2454666.75322 20.081 0.265 5.17 1252.0
2454670.65266 19.659 0.145 4.88 855.0
2454671.58820 19.625 0.118 4.61 741.0
2454672.51369 19.571 0.098 3.52 894.0
2454672.72842 19.396 0.122 5.22 963.0
2454674.70989 19.603 0.140 4.99 860.0
2454675.68463 19.867 0.162 4.19 949.0
2454677.49339 19.632 0.130 4.40 985.0
2454677.63979 19.441 0.112 4.65 831.0
2454678.69678 19.908 0.161 4.04 752.0
2454681.63479 20.109 0.214 5.00 778.0
2454681.76702 19.656 0.150 4.83 984.0
2454682.50580 19.797 0.155 4.37 936.0
2454682.66313 19.687 0.139 4.73 774.0
2454682.75832 19.823 0.160 4.46 913.0
2454683.71125 19.909 0.222 5.88 847.0
2454684.51682 19.820 0.159 4.26 1067.0
2454684.73055 20.069 0.201 4.70 839.0
2454685.50183 20.069 0.259 5.20 1035.0
2454686.50554 19.763 0.156 4.39 977.0
2454687.48930 19.669 0.149 4.50 970.0
2454687.74484 19.734 0.212 6.24 1045.0
2454688.50224 19.856 0.187 4.61 1045.0
2454688.69207 19.707 0.149 4.67 868.0
2454688.75386 19.595 0.170 5.55 1060.0
2454693.55003 19.454 0.158 4.12 2261.0
2454697.50573 19.970 0.190 4.73 868.0
2454698.51122 19.758 0.128 4.00 816.0
2454699.50738 19.823 0.165 4.47 959.0
2454700.51366 19.598 0.120 4.12 887.0
2454701.50895 20.026 0.197 4.44 965.0
2454703.57800 19.847 0.147 4.25 861.0
2454704.64773 19.962 0.204 5.16 844.0
2454707.64146 19.838 0.144 4.41 794.0
2454708.54436 19.940 0.209 5.61 870.0
2454710.55006 19.696 0.135 4.07 949.0
2454715.58940 19.618 0.171 5.70 981.0
2454720.55897 19.846 0.180 4.29 1163.0
2454722.60381 19.957 0.222 4.93 1157.0
2454724.51288 19.820 0.197 4.62 1135.0
2454725.49167 19.685 0.189 5.15 1130.0
2454731.57649 19.976 0.247 5.93 866.0
2454733.52815 19.774 0.180 5.40 876.0
2454734.55751 19.614 0.168 5.37 954.0
2454737.54843 19.840 0.190 5.48 839.0
2454740.55896 19.875 0.230 6.12 959.0
2454741.56664 19.939 0.191 4.75 959.0
2454743.57228 19.597 0.163 5.20 915.0
2454753.55244 19.511 0.164 5.51 1196.0
2454868.88455 19.565 0.163 4.33 1578.0
2454873.85726 19.741 0.183 4.97 1232.0
2454874.85174 19.665 0.192 5.77 1229.0
2454877.85157 19.664 0.142 4.42 1012.0
2454884.85910 19.770 0.127 3.60 1031.0
2454887.83120 19.753 0.132 3.94 920.0
2454890.88717 19.539 0.104 3.95 807.0
2454896.87541 19.591 0.128 5.30 854.0
2454899.84634 19.856 0.158 3.93 1000.0
2454900.88774 19.980 0.162 3.90 974.0
2454901.88614 19.503 0.097 3.20 977.0
2454902.88483 19.680 0.113 3.36 961.0
2454904.80896 19.545 0.119 3.93 1038.0
2454905.91295 19.770 0.202 4.27 1765.0
2454910.81490 19.349 0.108 3.62 1478.0
2454911.78546 19.804 0.117 3.57 736.0
2454912.78241 19.501 0.087 3.45 765.0
2454914.79944 19.594 0.123 5.04 739.0
2454917.76047 19.363 0.088 3.81 824.0
2454920.74039 19.446 0.099 4.48 749.0
2454924.78141 19.463 0.100 3.88 866.0
2454925.82136 19.450 0.095 3.85 873.0
2454925.90842 19.126 0.057 3.18 843.0
2454925.91983 19.190 0.076 3.65 1096.0
2454927.72109 19.520 0.178 6.10 1107.0
2454928.73755 19.583 0.151 5.14 990.0
2454929.79382 19.124 0.075 3.67 969.0
2454930.70831 19.321 0.118 5.10 1332.0
2454930.82726 19.435 0.130 4.79 1136.0
2454931.72315 19.262 0.128 4.96 1304.0
2454931.86880 19.239 0.094 4.15 1075.0
2454932.72618 19.480 0.130 4.71 1204.0
2454932.82687 18.932 0.056 3.29 1039.0
2454933.77452 19.384 0.144 5.81 1169.0
2454934.77294 18.935 0.119 5.28 2137.0
2454934.87774 19.353 0.148 5.84 1192.0
2454938.68351 18.576 0.059 4.24 1179.0
2454938.88815 18.747 0.058 4.24 991.0
2454939.70243 18.661 0.062 4.88 915.0
2454940.70242 18.637 0.059 4.89 867.0
2454941.68119 18.428 0.044 4.35 937.0
2454941.77917 18.539 0.044 4.16 849.0
2454942.71898 18.429 0.042 4.26 831.0
2454943.67301 18.404 0.041 5.08 850.0
2454943.81250 18.394 0.038 3.99 819.0
2454944.66980 18.160 0.037 4.70 920.0
2454944.70803 18.201 0.034 3.82 862.0
2454944.82528 18.229 0.033 3.82 807.0
2454945.71828 18.116 0.031 4.05 852.0
2454945.77474 18.081 0.026 3.54 812.0
2454946.66793 18.068 0.034 4.69 873.0
2454947.66163 17.989 0.028 4.63 788.0
2454947.85986 17.959 0.027 4.30 933.0
2454948.84217 17.900 0.023 4.23 768.0
2454950.66985 17.848 0.026 4.53 820.0
2454951.65030 17.963 0.034 5.22 990.0
2454952.64856 17.995 0.035 5.51 847.0
2454953.64219 18.165 0.039 5.34 983.0
2454953.81674 18.068 0.029 3.73 918.0
2454954.64373 18.120 0.042 5.54 930.0
2454954.83660 18.224 0.036 4.86 813.0
2454955.64442 18.403 0.060 5.88 1063.0
2454955.77778 18.272 0.043 5.34 806.0
