2452125.57357 18.318 0.059 5.67 1341.0
2452129.65448 18.254 0.028 3.54 667.0
2452132.59697 18.267 0.036 4.75 670.0
2452135.73455 18.379 0.038 4.15 880.0
2452140.69697 18.226 0.040 5.65 699.0
2452144.58508 18.282 0.038 4.55 772.0
2452160.56598 18.254 0.043 5.45 765.0
2452168.63373 18.222 0.042 5.70 742.0
2452187.54287 18.237 0.045 5.82 906.0
2452206.53804 18.163 0.067 7.31 1406.0
2452331.87897 18.271 0.040 4.60 977.0
2452355.85336 18.242 0.030 3.77 703.0
2452364.91082 18.252 0.040 5.28 805.0
2452372.81151 18.266 0.030 3.88 705.0
2452403.86618 18.199 0.029 4.57 611.0
2452414.74643 18.270 0.031 4.09 625.0
2452416.78486 18.302 0.035 4.27 760.0
2452424.87923 18.229 0.049 5.58 1070.0
2452428.77970 18.179 0.035 5.32 590.0
2452432.82419 18.252 0.043 5.40 803.0
2452434.69007 18.235 0.031 4.39 620.0
2452436.73841 18.306 0.036 4.76 680.0
2452438.71593 18.266 0.034 4.89 605.0
2452440.74910 18.317 0.031 3.74 640.0
2452443.71858 18.303 0.040 5.06 645.0
2452445.59955 18.281 0.031 3.76 731.0
2452448.59235 18.233 0.062 4.28 2545.0
2452453.83949 18.295 0.042 4.80 982.0
2452456.55101 18.232 0.037 5.85 617.0
2452458.68793 18.314 0.031 4.17 495.0
2452460.76028 18.290 0.042 5.66 716.0
2452463.50950 18.282 0.039 4.73 933.0
2452466.71909 18.335 0.041 5.72 600.0
2452468.58845 18.246 0.027 3.72 557.0
2452470.59171 18.354 0.037 4.66 637.0
2452472.62770 18.396 0.047 4.51 1102.0
2452481.49042 18.369 0.063 6.64 927.0
2452484.58968 18.300 0.045 6.06 630.0
2452486.68244 18.247 0.047 7.09 589.0
2452490.64896 18.290 0.043 6.22 605.0
2452493.61112 18.380 0.040 4.47 737.0
2452495.68249 18.350 0.034 3.96 736.0
2452497.76648 18.367 0.045 4.29 1231.0
2452498.47585 18.287 0.030 3.41 760.0
2452500.50062 18.249 0.040 4.87 837.0
2452502.53342 18.185 0.030 4.04 752.0
2452508.63272 18.214 0.035 4.24 954.0
2452512.58017 18.262 0.040 4.75 866.0
2452517.62203 18.224 0.030 4.06 706.0
2452518.50688 18.245 0.041 5.46 713.0
2452518.60952 18.390 0.038 4.83 598.0
2452518.67999 18.220 0.035 5.13 665.0
2452520.54886 18.312 0.035 3.94 805.0
2452526.63785 18.262 0.032 4.46 605.0
2452537.61750 18.246 0.058 6.92 1018.0
2452542.48486 18.211 0.048 3.88 2015.0
2452547.55228 18.330 0.046 4.64 1085.0
2452551.58975 18.209 0.048 6.47 784.0
2452556.54320 18.157 0.035 4.29 868.0
2452564.50037 18.373 0.055 5.20 1223.0
2452575.49880 18.383 0.054 4.86 1304.0
2452706.88547 18.201 0.032 4.54 697.0
2452714.86971 18.271 0.028 3.53 612.0
2452728.90091 18.295 0.038 4.79 686.0
2452733.88204 18.233 0.038 4.61 785.0
2452744.86964 18.273 0.030 3.38 770.0
2452753.85529 18.278 0.034 4.32 805.0
2452756.92484 18.323 0.035 3.99 815.0
2452760.86786 18.233 0.036 4.49 969.0
2452766.92100 18.255 0.037 4.44 825.0
2452770.79179 18.219 0.035 4.36 842.0
2452783.73639 18.290 0.029 3.56 664.0
2452785.84837 18.345 0.048 5.34 1052.0
2452786.90174 18.217 0.047 5.16 1158.0
2452789.71198 18.248 0.029 3.70 692.0
2452791.69316 18.290 0.032 4.24 560.0
2452794.89726 18.206 0.035 4.20 892.0
2452796.77895 18.289 0.029 3.67 586.0
2452797.94162 18.327 0.044 5.16 1041.0
2452809.68511 18.238 0.030 3.84 769.0
2452810.85197 18.328 0.037 3.70 1062.0
2452811.88376 18.318 0.045 4.90 1010.0
2452813.68052 18.316 0.039 5.39 553.0
2452814.70276 18.303 0.032 3.95 618.0
2452816.56582 18.260 0.032 3.95 653.0
2452818.55332 18.243 0.042 5.65 716.0
2452820.71844 18.280 0.035 4.28 700.0
2452826.71890 18.232 0.032 4.43 617.0
2452834.75537 18.174 0.066 4.36 2853.0
2452836.69982 18.314 0.051 3.25 2793.0
2452837.59711 18.310 0.055 4.86 1471.0
2452839.64535 18.212 0.041 5.27 776.0
2452841.65871 18.242 0.036 4.18 841.0
2452843.59364 18.195 0.039 5.37 841.0
2452849.79895 18.267 0.056 6.55 1014.0
2452852.49586 18.125 0.044 5.91 879.0
2452854.49348 18.247 0.047 5.75 918.0
2452856.68315 18.176 0.038 4.59 962.0
2452858.64852 18.303 0.037 4.05 982.0
2452862.57507 18.263 0.041 4.15 1002.0
2452865.68442 18.227 0.035 3.56 1158.0
2452868.56420 18.291 0.033 4.53 649.0
2452871.67141 18.228 0.029 3.46 760.0
2452876.55499 18.259 0.032 4.23 641.0
2452879.59915 18.278 0.037 4.93 648.0
2452885.49405 18.247 0.046 5.73 874.0
2452894.60186 18.214 0.042 5.21 895.0
2452898.58674 18.228 0.039 4.31 885.0
2452904.55951 18.238 0.041 5.15 786.0
2452909.55404 18.229 0.039 4.65 853.0
2452917.59397 18.223 0.044 5.05 1162.0
2452930.53660 18.236 0.038 3.86 1010.0
2453051.87172 18.174 0.069 5.05 2935.0
2453058.86504 18.235 0.031 3.85 789.0
2453067.86351 18.341 0.034 3.81 713.0
2453070.82344 18.334 0.057 6.00 1101.0
2453072.90228 18.227 0.029 3.23 842.0
2453075.79916 18.373 0.047 4.94 1038.0
2453079.85563 18.164 0.038 3.16 1895.0
2453082.81848 18.263 0.030 3.70 647.0
2453084.87409 18.218 0.028 3.97 630.0
2453086.80811 18.310 0.029 3.44 633.0
2453088.76512 18.215 0.027 3.76 603.0
2453089.87507 18.275 0.029 3.76 651.0
2453091.79226 18.214 0.030 4.36 590.0
2453091.80968 18.186 0.027 3.60 596.0
2453091.83158 18.292 0.033 4.44 630.0
2453091.85341 18.289 0.033 4.47 641.0
2453091.87147 18.309 0.029 3.60 639.0
2453091.89816 18.226 0.029 3.79 679.0
2453091.91365 18.261 0.033 3.93 772.0
2453092.75601 18.321 0.044 6.40 566.0
2453092.77190 18.140 0.036 6.22 549.0
2453092.79549 18.214 0.044 7.16 543.0
2453092.83286 18.226 0.043 6.81 548.0
2453092.90821 18.373 0.051 6.75 582.0
2453093.88409 18.284 0.037 5.45 588.0
2453093.91291 18.345 0.052 6.30 700.0
2453096.74554 18.193 0.039 5.49 766.0
2453096.80614 18.260 0.037 5.03 694.0
2453096.82974 18.156 0.036 5.43 739.0
2453096.87708 18.164 0.033 5.10 689.0
2453096.90942 18.262 0.036 5.55 698.0
2453097.74452 18.232 0.038 4.90 879.0
2453097.79936 18.396 0.052 6.12 780.0
2453097.81151 18.233 0.035 4.70 726.0
2453097.86475 18.239 0.030 4.01 639.0
2453097.91196 18.216 0.027 3.73 640.0
2453098.73465 18.250 0.040 4.74 936.0
2453098.79603 18.235 0.031 3.99 745.0
2453098.85588 18.251 0.026 3.26 675.0
2453098.87359 18.227 0.025 3.37 614.0
2453098.91180 18.342 0.027 3.18 603.0
2453099.71461 18.379 0.053 5.51 1063.0
2453099.77459 18.296 0.049 5.74 800.0
2453099.84118 18.207 0.039 5.32 814.0
2453099.87613 18.341 0.051 6.32 763.0
2453099.90942 18.293 0.045 5.61 718.0
2453100.73775 18.254 0.042 4.80 982.0
2453100.77321 18.258 0.035 4.06 856.0
2453100.82754 18.246 0.029 3.38 777.0
2453100.91212 18.204 0.031 3.98 787.0
2453101.73129 18.188 0.051 5.73 1229.0
2453101.81774 18.241 0.035 4.00 901.0
2453101.90752 18.259 0.033 3.93 822.0
2453102.70382 18.156 0.039 3.92 1400.0
2453102.79090 18.240 0.034 3.44 907.0
2453102.84966 18.268 0.034 3.65 901.0
2453102.90976 18.254 0.033 3.57 839.0
2453103.75327 18.311 0.047 5.03 1074.0
2453103.87918 18.222 0.033 3.71 854.0
2453104.72642 18.155 0.087 3.81 8103.0
2453106.79861 18.195 0.042 3.75 1473.0
2453107.75646 18.308 0.036 4.29 715.0
2453108.73620 18.162 0.027 3.36 774.0
2453109.76278 18.251 0.034 4.37 707.0
2453110.80225 18.207 0.031 3.86 796.0
2453111.83628 18.329 0.034 4.32 651.0
2453112.80956 18.253 0.027 3.94 527.0
2453113.84342 18.247 0.028 4.14 539.0
2453114.75355 18.262 0.028 3.45 622.0
2453115.83608 18.245 0.028 3.82 615.0
2453118.89759 18.339 0.040 4.79 771.0
2453122.88106 18.256 0.047 6.36 721.0
2453125.83765 18.325 0.046 5.96 703.0
2453126.86696 18.198 0.033 3.99 816.0
2453127.77252 18.249 0.034 3.55 869.0
2453128.79089 18.310 0.034 3.72 865.0
2453129.76558 18.266 0.038 3.87 961.0
2453131.65319 18.413 0.069 5.55 1539.0
2453134.73337 18.325 0.077 4.51 3002.0
2453134.85072 18.241 0.052 4.28 1907.0
2453135.83375 18.207 0.028 3.52 801.0
2453137.90936 18.134 0.033 4.30 1064.0
2453138.79360 18.262 0.029 3.92 643.0
2453139.83779 18.259 0.028 3.89 604.0
2453140.84520 18.287 0.034 4.59 614.0
2453142.73738 18.305 0.029 3.75 614.0
2453144.75800 18.225 0.031 4.48 592.0
2453146.73602 18.259 0.040 6.03 590.0
2453151.72026 18.221 0.037 5.67 585.0
2453152.72404 18.302 0.033 4.07 672.0
2453152.93738 18.385 0.054 5.61 1001.0
2453153.72799 18.193 0.037 5.61 632.0
2453154.78894 18.215 0.038 5.45 722.0
2453156.77150 18.042 0.042 4.69 1644.0
2453158.84207 18.329 0.050 4.76 1224.0
2453162.78299 18.375 0.041 3.99 948.0
2453163.74431 18.225 0.032 3.74 833.0
2453164.70259 18.237 0.030 3.78 688.0
2453165.77390 18.230 0.023 3.17 608.0
2453166.86179 18.266 0.054 6.40 901.0
2453168.56152 18.244 0.036 5.02 701.0
2453168.89976 18.296 0.041 4.45 977.0
2453169.69637 18.312 0.034 4.19 611.0
2453170.77406 18.308 0.030 3.68 591.0
2453171.86796 18.269 0.032 3.96 780.0
2453172.71717 18.316 0.029 3.84 574.0
2453174.68012 18.219 0.024 3.07 622.0
2453175.68943 18.237 0.025 3.01 702.0
2453176.73245 18.321 0.055 7.31 643.0
2453178.75060 18.247 0.038 5.04 778.0
2453179.76358 18.272 0.030 4.16 587.0
2453180.67631 18.273 0.024 3.16 529.0
2453182.74347 18.275 0.031 4.29 568.0
2453183.70200 18.192 0.035 5.14 617.0
2453184.66949 18.286 0.026 3.24 594.0
2453185.82551 18.222 0.033 3.93 846.0
2453193.50321 18.272 0.051 6.23 943.0
2453194.61267 18.315 0.037 3.89 872.0
2453195.66915 18.195 0.029 4.06 626.0
2453196.71289 18.157 0.036 5.33 732.0
2453197.49596 18.310 0.037 4.33 834.0
2453197.61284 18.232 0.030 4.10 625.0
2453197.77511 18.266 0.035 4.46 720.0
2453199.75761 18.362 0.049 6.36 653.0
2453201.50034 18.295 0.039 4.94 828.0
2453202.50844 18.210 0.030 4.48 642.0
2453203.62942 18.247 0.024 3.33 546.0
2453204.59030 18.242 0.027 3.86 550.0
2453205.73202 18.329 0.029 4.06 470.0
2453206.63961 18.259 0.028 4.64 485.0
2453209.68268 18.232 0.041 5.90 596.0
2453210.62774 18.204 0.032 4.63 724.0
2453211.70228 18.375 0.050 6.99 512.0
2453217.62212 18.248 0.036 3.81 1028.0
2453218.62149 18.289 0.045 4.71 1072.0
2453219.72334 18.213 0.054 7.14 811.0
2453223.61887 18.352 0.046 6.20 626.0
2453224.66862 18.323 0.030 3.52 672.0
2453226.58182 18.241 0.037 5.86 507.0
2453228.56999 18.372 0.033 4.55 529.0
2453229.59811 18.300 0.028 3.73 555.0
2453230.63675 18.272 0.027 4.01 481.0
2453231.53776 18.296 0.037 4.91 681.0
2453232.56639 18.269 0.048 7.13 622.0
2453238.57667 18.219 0.033 4.67 674.0
2453238.58732 18.259 0.037 5.27 643.0
2453238.70357 18.377 0.051 6.88 636.0
2453239.54708 18.298 0.034 4.51 639.0
2453239.63725 18.204 0.036 5.81 625.0
2453240.62380 18.209 0.038 6.09 574.0
2453241.62281 18.307 0.071 5.09 2228.0
2453245.51721 18.225 0.043 5.23 1019.0
2453246.62928 18.457 0.061 6.64 797.0
2453247.64476 18.174 0.035 4.44 859.0
2453249.49634 18.243 0.035 5.37 559.0
2453250.62392 18.238 0.036 4.51 807.0
2453253.61723 18.308 0.042 6.41 545.0
2453256.60011 18.380 0.045 5.71 576.0
2453259.59229 18.245 0.039 5.86 591.0
2453267.49930 18.242 0.045 5.97 830.0
2453274.59871 18.245 0.045 5.63 881.0
2453278.57045 18.185 0.039 4.29 1003.0
2453281.55120 18.300 0.038 4.97 627.0
2453281.58627 18.261 0.032 4.98 481.0
2453288.51274 18.467 0.064 7.14 680.0
2453293.48761 18.247 0.043 5.26 901.0
2453295.49209 18.188 0.032 4.57 641.0
2453299.49546 18.387 0.035 4.24 555.0
2453312.50456 18.155 0.057 6.65 1250.0
2453416.87170 18.231 0.034 5.06 683.0
2453421.86847 18.313 0.037 5.40 559.0
2453425.88793 18.255 0.040 4.93 864.0
2453428.88394 18.275 0.032 4.07 701.0
2453432.85756 18.364 0.049 4.27 1478.0
2453442.85820 18.349 0.042 5.73 631.0
2453444.91111 18.428 0.041 3.94 1084.0
2453447.82425 18.333 0.035 4.90 611.0
2453449.83712 18.353 0.034 4.61 564.0
2453452.85771 18.275 0.030 3.91 603.0
2453454.91123 18.257 0.039 5.02 981.0
2453458.77034 18.257 0.035 4.46 872.0
2453459.81799 18.246 0.032 3.86 873.0
2453468.84673 18.249 0.025 3.31 648.0
2453469.85365 18.200 0.023 3.17 539.0
2453471.88118 18.415 0.046 5.97 558.0
2453473.84917 18.278 0.036 5.14 573.0
2453474.87259 18.277 0.030 4.22 534.0
2453476.74533 18.275 0.027 3.98 545.0
2453478.76107 18.262 0.030 4.55 485.0
2453479.89829 18.315 0.026 3.33 565.0
2453481.78900 18.223 0.026 3.66 601.0
2453484.74478 18.204 0.053 4.21 2300.0
2453496.69320 18.329 0.036 4.66 719.0
2453497.76062 18.240 0.037 5.03 725.0
2453499.71816 18.141 0.025 4.16 538.0
2453500.70098 18.307 0.030 4.10 570.0
2453501.73897 18.134 0.032 5.10 703.0
2453502.73758 18.237 0.026 3.38 638.0
2453503.66413 18.197 0.026 4.17 584.0
2453504.84322 18.296 0.029 4.24 508.0
2453506.85492 18.341 0.037 4.77 619.0
2453508.72132 18.249 0.041 5.83 670.0
2453509.75189 18.237 0.028 4.32 533.0
2453510.89218 18.210 0.027 3.48 664.0
2453511.80402 18.283 0.030 3.50 748.0
2453512.82746 18.154 0.033 3.98 1010.0
2453517.82712 18.189 0.034 4.19 934.0
2453520.78436 18.215 0.030 4.25 629.0
2453522.71030 18.176 0.021 3.24 499.0
2453523.77143 18.258 0.028 3.68 601.0
2453523.91613 18.204 0.053 7.20 783.0
2453524.67356 18.194 0.030 5.12 496.0
2453525.66766 18.285 0.028 4.23 519.0
2453526.72042 18.279 0.028 3.85 538.0
2453527.75423 18.287 0.027 3.77 515.0
2453528.69512 18.289 0.025 3.62 476.0
2453529.65308 18.286 0.026 4.17 416.0
2453530.66115 18.223 0.023 3.45 520.0
2453538.63939 18.189 0.027 4.00 575.0
2453540.62660 18.281 0.037 4.81 709.0
2453544.82633 18.220 0.039 4.16 1158.0
2453547.75787 18.267 0.036 5.08 586.0
2453550.60472 18.209 0.038 5.56 722.0
2453551.60705 18.258 0.024 3.83 506.0
2453552.63717 18.364 0.029 4.17 744.0
2453553.76345 18.275 0.059 7.65 740.0
2453554.71678 18.322 0.043 6.06 578.0
2453555.78099 18.132 0.038 6.11 661.0
2453556.69315 18.315 0.027 3.81 499.0
2453558.50396 18.357 0.038 4.59 836.0
2453558.80264 18.189 0.031 5.24 504.0
2453559.58552 18.293 0.035 4.89 632.0
2453560.57392 18.279 0.030 3.92 558.0
2453561.51802 18.247 0.035 4.17 856.0
2453562.55868 18.188 0.030 4.76 567.0
2453562.81003 18.320 0.036 4.36 656.0
2453563.61288 18.229 0.025 3.59 519.0
2453564.59461 18.321 0.039 5.70 548.0
2453569.53138 18.168 0.056 5.26 1872.0
2453573.62180 18.312 0.045 5.46 836.0
2453574.66278 18.220 0.034 4.57 659.0
2453575.51034 18.298 0.030 4.36 605.0
2453576.66428 18.227 0.031 4.57 578.0
2453577.73197 18.273 0.030 4.39 518.0
2453578.63715 18.265 0.026 4.06 439.0
2453579.59446 18.285 0.029 4.24 531.0
2453579.76218 18.272 0.035 5.34 553.0
2453580.62423 18.246 0.030 4.43 570.0
2453581.64769 18.206 0.027 4.09 519.0
2453582.59578 18.227 0.025 3.98 450.0
2453583.60978 18.282 0.032 4.98 461.0
2453584.61852 18.200 0.028 4.60 487.0
2453585.60882 18.259 0.025 3.73 447.0
2453586.65457 18.288 0.027 3.45 510.0
2453589.64722 18.282 0.023 3.35 459.0
2453590.61612 18.254 0.028 4.14 520.0
2453592.62298 18.210 0.023 3.36 486.0
2453593.64412 18.321 0.031 4.71 449.0
2453594.68106 18.312 0.027 3.65 533.0
2453601.62321 18.272 0.033 3.90 826.0
2453602.63925 18.253 0.038 4.46 863.0
2453603.61331 18.221 0.031 4.41 617.0
2453606.64021 18.258 0.043 6.27 660.0
2453607.61163 18.226 0.027 4.33 486.0
2453608.61854 18.216 0.031 5.18 495.0
2453616.56172 18.406 0.047 5.88 669.0
2453618.53840 18.359 0.034 4.20 587.0
2453619.56299 18.328 0.034 4.10 673.0
2453621.56257 18.098 0.031 5.49 558.0
2453628.53654 18.358 0.049 5.09 992.0
2453629.62118 18.178 0.040 4.94 990.0
2453631.50608 18.269 0.042 4.75 929.0
2453633.51918 18.358 0.049 6.36 668.0
2453637.61536 18.247 0.042 5.92 701.0
2453639.56891 18.178 0.024 3.27 594.0
2453641.52105 18.254 0.041 5.43 749.0
2453643.59741 18.160 0.050 7.26 794.0
2453648.51328 18.247 0.030 4.31 619.0
2453650.55067 18.300 0.036 4.38 761.0
2453654.52252 18.318 0.065 4.56 2201.0
2453655.49601 18.369 0.044 4.26 1055.0
2453657.50865 18.313 0.041 3.94 1026.0
2453660.50281 18.348 0.049 4.56 1175.0
2453662.50804 18.280 0.044 5.26 913.0
2453666.53554 18.296 0.038 3.84 1122.0
2453775.88427 18.212 0.040 5.06 947.0
2453781.86972 18.412 0.060 6.37 878.0
2453784.85359 18.243 0.033 3.81 931.0
2453787.84422 18.300 0.038 4.34 884.0
2453790.87497 18.346 0.043 3.80 1203.0
2453792.87156 18.270 0.026 3.54 607.0
2453794.82854 18.234 0.037 5.31 687.0
2453796.81673 18.248 0.036 5.10 680.0
2453797.90797 18.269 0.040 3.22 1848.0
2453799.86289 18.137 0.036 4.99 851.0
2453800.88921 18.259 0.030 4.17 565.0
2453801.87146 18.271 0.032 3.85 693.0
2453802.83698 18.206 0.030 3.78 765.0
2453803.87229 18.232 0.029 3.35 760.0
2453805.78830 18.269 0.042 5.32 778.0
2453806.80842 18.190 0.032 4.38 769.0
2453807.82211 18.339 0.042 4.50 943.0
2453808.78184 18.223 0.038 4.74 1013.0
2453809.78465 18.294 0.036 4.00 1036.0
2453810.82921 18.303 0.034 3.73 901.0
2453811.82522 18.253 0.036 4.60 734.0
2453812.81699 18.298 0.039 4.65 840.0
2453813.79563 18.213 0.030 3.87 771.0
2453814.80985 18.239 0.033 3.85 904.0
2453817.84404 18.304 0.040 4.04 1158.0
2453818.87200 18.239 0.029 3.31 820.0
2453819.78762 18.286 0.027 3.64 561.0
2453820.75795 18.282 0.031 4.09 655.0
2453821.75846 18.356 0.035 4.54 582.0
2453822.80053 18.324 0.035 4.56 674.0
2453823.75657 18.360 0.034 4.49 614.0
2453824.77406 18.217 0.033 4.79 686.0
2453825.79150 18.348 0.042 5.74 631.0
2453826.76764 18.345 0.032 4.35 565.0
2453827.78735 18.279 0.030 4.56 527.0
2453828.76089 18.260 0.043 6.11 658.0
2453829.79623 18.208 0.029 4.44 585.0
2453830.71792 18.289 0.035 4.58 759.0
2453831.71797 18.242 0.028 3.93 700.0
2453832.73951 18.240 0.031 4.67 583.0
2453833.74723 18.236 0.029 4.57 551.0
2453834.72833 18.154 0.034 4.96 747.0
2453835.72193 18.216 0.035 4.84 781.0
2453835.90798 18.220 0.025 3.32 579.0
2453836.75032 18.113 0.046 6.53 853.0
2453836.91802 18.299 0.030 3.52 729.0
2453837.71686 18.213 0.037 4.80 892.0
2453837.88909 18.286 0.028 3.18 758.0
2453838.72432 18.194 0.049 6.31 965.0
2453839.72566 18.158 0.044 5.96 978.0
2453839.91289 18.035 0.035 4.68 1019.0
2453840.74417 18.292 0.037 4.35 915.0
2453840.89646 18.323 0.035 3.69 864.0
2453841.70711 18.181 0.036 4.87 974.0
2453841.92704 18.214 0.037 3.45 1490.0
2453842.82963 18.267 0.030 3.37 871.0
2453845.70533 18.271 0.072 5.12 2983.0
2453845.89004 18.151 0.062 5.14 2061.0
2453846.68579 18.382 0.050 6.40 694.0
2453847.78259 18.406 0.048 5.89 660.0
2453848.73749 18.238 0.039 6.09 559.0
2453849.73397 18.164 0.028 3.99 629.0
2453850.67989 18.240 0.033 4.77 688.0
2453850.85244 18.371 0.035 4.13 691.0
2453850.92390 18.256 0.037 4.40 852.0
2453851.69564 18.286 0.036 5.12 630.0
2453851.85892 18.310 0.038 4.94 634.0
2453852.68436 18.188 0.035 5.20 676.0
2453852.91288 18.295 0.035 4.63 643.0
2453853.67267 18.205 0.030 5.02 630.0
2453853.84033 18.223 0.021 2.95 529.0
2453853.91182 18.249 0.025 3.27 605.0
2453854.68928 18.304 0.034 4.75 606.0
2453856.66266 18.215 0.033 4.37 858.0
2453856.82901 18.394 0.036 4.03 698.0
2453857.90015 18.252 0.029 3.78 716.0
2453858.71919 18.277 0.039 5.92 572.0
2453859.78175 18.234 0.029 4.28 554.0
2453860.79796 18.130 0.040 6.47 676.0
2453861.65155 18.262 0.041 5.38 786.0
2453861.75851 18.181 0.028 4.26 602.0
2453862.65658 18.204 0.033 4.66 823.0
2453862.84695 18.220 0.026 3.29 705.0
2453862.92062 18.220 0.032 3.73 858.0
2453863.67280 18.313 0.039 5.02 840.0
2453863.89250 18.247 0.025 3.25 631.0
2453864.66168 18.315 0.037 4.63 752.0
2453864.85273 18.175 0.023 3.23 566.0
2453865.72022 18.197 0.030 4.00 750.0
2453865.86375 18.234 0.030 4.09 653.0
2453865.93273 18.261 0.030 3.66 778.0
2453866.67186 18.335 0.037 4.48 765.0
2453866.81139 18.322 0.031 3.92 637.0
2453866.88960 18.380 0.033 3.55 722.0
2453867.68666 18.297 0.034 3.48 1027.0
2453867.87229 18.313 0.034 3.53 1000.0
2453868.69457 18.334 0.046 4.57 1162.0
2453868.83867 18.265 0.039 4.08 1025.0
2453868.91851 18.232 0.036 3.67 1163.0
2453869.67208 18.335 0.040 3.82 1253.0
2453869.85461 18.276 0.042 3.99 1282.0
2453872.86926 18.283 0.033 3.53 853.0
2453873.67855 18.268 0.032 4.19 699.0
2453873.81999 18.389 0.035 3.86 673.0
2453873.89182 18.253 0.034 4.34 737.0
2453874.72948 18.248 0.033 4.64 607.0
2453874.90352 18.220 0.031 3.86 723.0
2453875.69819 18.308 0.026 3.47 577.0
2453875.84507 18.245 0.025 3.32 610.0
2453876.61722 18.315 0.030 4.38 568.0
2453877.69409 18.237 0.024 3.56 531.0
2453877.73154 18.258 0.026 3.76 544.0
2453877.77791 18.296 0.025 3.41 546.0
2453877.80466 18.251 0.027 3.80 565.0
2453877.84284 18.208 0.027 3.80 645.0
2453877.87856 18.216 0.030 4.00 711.0
2453877.91691 18.230 0.038 4.82 835.0
2453877.93494 18.234 0.041 4.98 924.0
2453879.63033 18.173 0.025 4.68 507.0
2453879.63500 18.167 0.025 4.64 506.0
2453879.65010 18.299 0.027 4.27 496.0
2453879.92118 18.224 0.032 4.46 728.0
2453879.92857 18.183 0.036 5.08 774.0
2453879.93610 18.259 0.049 6.06 856.0
2453879.93994 18.362 0.053 5.93 937.0
2453880.59363 18.336 0.031 5.02 548.0
2453880.59732 18.078 0.026 5.27 545.0
2453880.60823 18.371 0.036 5.31 566.0
2453880.63190 18.353 0.032 4.81 554.0
2453880.69055 18.300 0.026 3.74 557.0
2453880.69478 18.297 0.026 3.73 556.0
2453880.70422 18.245 0.030 4.49 586.0
2453880.71455 18.336 0.035 4.95 541.0
2453880.76953 18.320 0.029 3.74 581.0
2453880.80496 18.372 0.034 3.99 672.0
2453880.81935 18.226 0.032 4.27 717.0
2453880.85547 18.158 0.034 5.17 704.0
2453880.89840 18.372 0.038 4.74 731.0
2453880.93321 18.184 0.036 4.91 846.0
2453881.59988 18.224 0.038 5.55 751.0
2453881.60467 18.335 0.040 5.24 761.0
2453881.64489 18.205 0.030 4.19 723.0
2453881.73776 18.313 0.028 3.29 677.0
2453881.82310 18.284 0.028 3.42 712.0
2453881.86036 18.338 0.028 3.20 683.0
2453881.90698 18.299 0.028 3.07 807.0
2453882.57388 18.282 0.049 6.50 708.0
2453882.62981 18.152 0.028 4.20 634.0
2453882.67281 18.210 0.029 3.92 597.0
2453882.78332 18.258 0.030 4.67 614.0
2453882.85720 18.306 0.030 3.74 674.0
2453882.92588 18.141 0.028 4.16 678.0
2453883.58003 18.319 0.050 5.98 863.0
2453883.61735 18.241 0.039 5.62 710.0
2453883.68386 18.249 0.030 4.29 582.0
2453883.81443 18.258 0.028 3.88 584.0
2453886.57672 18.234 0.035 5.52 683.0
2453886.77789 18.196 0.025 3.58 561.0
2453886.85321 18.244 0.028 3.84 592.0
2453887.63051 18.344 0.031 4.14 579.0
2453887.75686 18.185 0.025 3.89 531.0
2453887.86104 18.299 0.033 4.58 625.0
2453887.93307 18.310 0.037 4.62 808.0
2453889.64449 18.180 0.027 4.21 570.0
2453889.91933 18.212 0.033 3.97 897.0
2453891.65387 18.239 0.028 3.98 625.0
2453891.77560 18.419 0.049 6.00 644.0
2453891.85786 18.268 0.035 4.82 662.0
2453892.72051 18.249 0.029 3.99 601.0
2453892.90939 18.300 0.035 4.40 740.0
2453893.59127 18.193 0.036 5.23 783.0
2453893.83776 18.384 0.049 6.03 668.0
2453894.64873 18.372 0.048 6.22 585.0
2453894.86401 18.296 0.039 5.50 585.0
2453896.58475 18.281 0.056 6.29 1109.0
2453896.84210 18.116 0.052 6.35 1123.0
2453900.51254 18.185 0.044 5.54 1172.0
2453900.69791 18.087 0.041 3.55 1038.0
2453900.78226 18.230 0.033 3.16 2785.0
2453900.85078 18.222 0.033 3.69 949.0
2453901.52733 18.322 0.040 5.13 760.0
2453901.70357 18.218 0.029 3.43 859.0
2453901.78134 18.285 0.031 3.95 689.0
2453901.85443 18.324 0.040 4.64 824.0
2453902.53893 18.252 0.038 5.25 758.0
2453902.72595 18.257 0.031 4.11 666.0
2453902.78944 18.232 0.034 4.59 737.0
2453902.82653 18.414 0.042 4.44 845.0
2453902.83882 18.233 0.039 4.71 888.0
2453902.87189 18.309 0.044 5.14 916.0
2453902.88688 18.180 0.040 5.43 922.0
2453902.90217 18.286 0.058 6.67 1003.0
2453903.62199 18.282 0.028 3.90 588.0
2453903.63090 18.419 0.033 3.87 611.0
2453903.64618 18.217 0.034 5.02 659.0
2453903.65788 18.146 0.028 4.10 706.0
2453903.67547 18.364 0.036 4.33 690.0
2453903.69024 18.228 0.033 4.24 715.0
2453903.70481 18.321 0.033 3.87 706.0
2453903.71991 18.186 0.032 4.34 707.0
2453903.74076 18.308 0.034 4.17 663.0
2453903.75389 18.260 0.032 4.30 637.0
2453903.75980 18.282 0.032 4.20 631.0
2453903.76874 18.355 0.031 3.78 629.0
2453903.78069 18.234 0.031 4.35 638.0
2453903.78957 18.273 0.034 4.56 637.0
2453903.80202 18.233 0.035 4.89 635.0
2453903.81235 18.207 0.030 4.25 650.0
2453903.82448 18.207 0.033 4.67 652.0
2453903.83371 18.169 0.037 5.67 659.0
2453903.84312 18.279 0.039 5.28 675.0
2453903.85223 18.275 0.033 4.40 689.0
2453903.86150 18.287 0.038 4.88 737.0
2453903.86784 18.136 0.032 4.62 750.0
2453903.87985 18.339 0.047 5.51 813.0
2453903.88867 18.223 0.039 5.10 814.0
2453903.90095 18.208 0.040 5.37 910.0
2453904.53830 18.278 0.036 5.04 720.0
2453904.70073 18.253 0.024 3.03 634.0
2453904.77017 18.274 0.027 3.56 600.0
2453904.84293 18.332 0.034 4.01 744.0
2453905.51378 18.224 0.038 4.90 886.0
2453905.53514 18.250 0.032 4.33 772.0
2453905.62721 18.292 0.028 3.74 560.0
2453905.71147 18.210 0.024 3.29 643.0
2453905.78169 18.253 0.025 3.39 655.0
2453905.85032 18.182 0.024 3.28 685.0
2453906.54296 18.205 0.036 4.75 788.0
2453906.73580 18.263 0.027 3.73 585.0
2453906.80900 18.336 0.034 4.02 662.0
2453906.89762 18.285 0.037 4.76 821.0
2453907.57727 18.211 0.032 4.82 585.0
2453907.76257 18.358 0.041 5.40 591.0
2453907.84704 18.177 0.036 4.94 758.0
2453908.51524 18.292 0.043 4.75 989.0
2453908.70138 18.279 0.028 3.56 634.0
2453908.77899 18.250 0.028 3.77 602.0
2453908.86172 18.319 0.034 4.25 712.0
2453909.51491 18.228 0.047 5.74 1002.0
2453909.69330 18.305 0.025 3.60 477.0
2453909.78810 18.230 0.025 3.75 511.0
2453909.86768 18.231 0.034 4.64 717.0
2453910.53535 18.264 0.039 5.07 846.0
2453912.50979 18.175 0.031 4.51 802.0
2453912.70127 18.234 0.021 3.08 479.0
2453912.79253 18.247 0.023 3.26 496.0
2453912.88042 18.320 0.035 4.75 667.0
2453913.50268 18.288 0.030 3.86 682.0
2453913.70456 18.241 0.027 3.60 543.0
2453913.80009 18.175 0.026 3.93 643.0
2453914.76025 18.277 0.028 3.88 608.0
2453915.50442 18.249 0.038 4.94 828.0
2453915.70876 18.288 0.028 4.10 518.0
2453915.80062 18.328 0.030 4.23 520.0
2453916.54917 18.141 0.038 6.01 724.0
2453917.52728 18.331 0.041 5.67 704.0
2453917.80013 18.207 0.035 5.02 690.0
2453918.54831 18.422 0.038 4.38 754.0
2453918.79486 18.298 0.039 5.22 652.0
2453919.50225 18.245 0.048 5.68 1010.0
2453919.73475 18.226 0.024 3.59 559.0
2453920.49203 18.194 0.041 5.92 770.0
2453920.68859 18.127 0.033 6.09 535.0
2453920.77059 18.324 0.028 3.43 598.0
2453921.49199 18.366 0.042 4.39 916.0
2453921.68951 18.180 0.040 5.90 646.0
2453921.77783 18.404 0.053 6.41 628.0
2453922.68921 18.284 0.043 6.18 612.0
2453930.49215 18.236 0.038 4.96 830.0
2453930.76630 18.145 0.044 6.02 1006.0
2453931.47704 18.426 0.060 6.29 934.0
2453932.50856 18.252 0.039 4.75 814.0
2453932.78388 18.272 0.036 4.67 719.0
2453933.48962 18.230 0.032 3.96 835.0
2453933.67941 18.282 0.025 3.45 510.0
2453933.75498 18.222 0.026 3.33 657.0
2453934.47237 18.265 0.034 4.14 875.0
2453934.68911 18.298 0.029 4.10 521.0
2453934.75819 18.301 0.031 4.09 603.0
2453935.52230 18.298 0.033 4.38 669.0
2453935.69354 18.296 0.038 5.68 567.0
2453935.76218 18.258 0.030 4.54 532.0
2453936.47568 18.373 0.052 5.64 873.0
2453936.64100 18.218 0.026 3.46 618.0
2453936.71752 18.251 0.034 4.28 668.0
2453937.48192 18.277 0.047 4.97 1027.0
2453937.76201 18.257 0.043 6.53 617.0
2453938.48039 18.155 0.042 5.42 848.0
2453938.75714 18.188 0.037 5.54 595.0
2453939.54772 18.216 0.029 4.37 617.0
2453940.66601 18.257 0.026 3.90 528.0
2453940.79686 18.248 0.030 4.52 586.0
2453944.52071 18.183 0.028 4.22 711.0
2453945.49357 18.272 0.033 4.37 695.0
2453945.69608 18.226 0.027 3.85 574.0
2453945.75195 18.242 0.039 5.87 608.0
2453946.49494 18.384 0.045 5.65 714.0
2453946.68416 18.334 0.034 4.82 530.0
2453946.76566 18.101 0.034 6.09 532.0
2453950.49989 18.197 0.030 4.63 609.0
2453950.70544 18.236 0.032 5.00 545.0
2453951.49555 18.199 0.034 4.57 715.0
2453951.72804 18.372 0.045 4.78 974.0
2453955.66379 18.176 0.049 6.06 1072.0
2453956.52665 18.344 0.057 6.49 919.0
2453957.48870 18.358 0.044 4.87 951.0
2453959.48522 18.397 0.042 4.92 721.0
2453959.66655 18.151 0.033 4.87 679.0
2453960.48151 18.188 0.031 4.21 721.0
2453960.66054 18.215 0.025 3.35 620.0
2453960.73268 18.317 0.038 4.43 872.0
2453961.55229 18.280 0.037 4.84 670.0
2453963.51421 18.233 0.033 4.76 617.0
2453963.69154 18.289 0.032 4.73 569.0
2453964.49940 18.146 0.029 4.50 635.0
2453964.70719 18.139 0.029 5.10 549.0
2453965.48756 18.294 0.031 4.16 581.0
2453965.68005 18.237 0.028 4.21 519.0
2453966.51749 18.290 0.031 3.75 682.0
2453966.67054 18.193 0.030 4.47 569.0
2453967.49900 18.399 0.049 5.81 653.0
2453967.69593 18.203 0.029 4.93 482.0
2453968.47929 18.259 0.037 4.55 810.0
2453968.65124 18.300 0.031 4.08 549.0
2453968.72036 18.365 0.041 5.21 702.0
2453969.50789 18.205 0.035 5.49 585.0
2453969.66177 18.283 0.035 5.12 541.0
2453970.48848 18.264 0.040 5.47 632.0
2453970.66940 18.291 0.045 6.53 562.0
2453971.52825 18.220 0.038 5.77 567.0
2453971.70265 18.226 0.032 5.05 548.0
2453973.55332 18.219 0.035 5.70 529.0
2453974.48831 18.390 0.043 5.19 656.0
2453974.66728 18.217 0.034 5.34 560.0
2453975.49099 18.340 0.042 5.76 597.0
2453975.66623 18.279 0.035 4.85 655.0
2453976.48769 18.192 0.025 3.37 642.0
2453976.65485 18.287 0.039 5.24 693.0
2453979.49077 18.213 0.044 6.42 655.0
2453982.54912 18.305 0.038 4.24 807.0
2453983.49724 18.154 0.058 5.59 1717.0
2453986.56049 18.172 0.037 4.76 800.0
2453987.48840 18.386 0.047 5.92 634.0
2453987.64935 18.160 0.033 4.91 803.0
2453988.49130 18.226 0.032 4.74 594.0
2453990.62247 18.298 0.040 5.55 619.0
2453995.54911 18.239 0.027 3.70 584.0
2453996.54762 18.158 0.037 5.87 608.0
2453999.56987 18.301 0.040 5.05 619.0
2454001.50011 18.212 0.036 4.54 787.0
2454003.52042 18.244 0.028 3.70 679.0
2454004.50658 18.152 0.031 4.43 704.0
2454006.50249 18.204 0.037 4.82 755.0
2454011.59924 18.348 0.049 5.50 947.0
2454012.55054 18.269 0.045 5.43 857.0
2454016.49803 18.256 0.039 4.76 813.0
2454018.52322 18.430 0.049 4.84 763.0
2454020.52109 18.211 0.043 5.88 687.0
2454023.52147 18.302 0.041 4.33 1020.0
2454025.54091 18.238 0.038 4.63 888.0
2454027.54579 18.243 0.037 4.72 818.0
2454030.53760 18.222 0.048 6.43 718.0
2454036.51883 18.358 0.059 5.63 1314.0
2454040.49996 18.174 0.051 5.09 1280.0
2454042.53002 18.313 0.061 6.24 1138.0
2454141.85999 18.246 0.040 4.62 941.0
2454149.87966 18.158 0.034 4.77 771.0
2454153.86598 18.250 0.035 4.52 721.0
2454156.84447 18.181 0.044 6.08 767.0
2454158.86391 18.236 0.036 4.52 817.0
2454161.83184 18.323 0.042 4.98 847.0
2454163.80606 18.227 0.039 3.80 1429.0
2454164.82041 18.295 0.042 4.30 1152.0
2454165.90076 18.317 0.054 5.16 1459.0
2454167.90472 18.240 0.035 3.80 992.0
2454169.90833 18.277 0.039 3.46 1291.0
2454174.91508 18.248 0.046 3.65 1898.0
2454176.88426 18.290 0.032 3.62 730.0
2454178.77655 18.204 0.034 4.74 694.0
2454179.83535 18.240 0.030 3.53 733.0
2454180.91472 18.163 0.055 6.07 1330.0
2454182.81658 18.240 0.027 3.48 594.0
2454183.85271 18.395 0.045 5.54 679.0
2454184.89317 18.236 0.028 4.10 579.0
2454185.86907 18.224 0.033 4.79 607.0
2454189.89913 18.208 0.041 5.83 693.0
2454191.85882 18.221 0.041 5.42 815.0
2454192.77406 18.224 0.044 5.37 946.0
2454194.77348 18.260 0.038 4.55 877.0
2454196.76374 18.243 0.051 6.23 963.0
2454202.74515 18.288 0.034 3.92 867.0
2454203.73333 18.230 0.029 3.94 626.0
2454203.91773 18.189 0.029 3.30 834.0
2454204.72165 18.175 0.034 4.69 781.0
2454205.72206 18.284 0.036 5.03 612.0
2454207.71155 18.271 0.037 4.77 778.0
2454207.88676 18.217 0.028 3.60 645.0
2454208.73367 18.176 0.029 3.93 674.0
2454211.74632 18.255 0.037 5.03 602.0
2454212.90765 18.308 0.040 5.15 636.0
2454213.74032 18.223 0.032 4.68 596.0
2454215.73027 18.319 0.038 4.82 689.0
2454216.68763 18.264 0.038 4.87 780.0
2454216.88071 18.240 0.023 4.89 287.0
2454217.69323 18.259 0.031 3.85 780.0
2454218.71743 18.225 0.047 6.57 739.0
2454219.73888 18.235 0.037 5.25 676.0
2454220.67859 18.320 0.049 5.88 874.0
2454221.72070 18.267 0.043 4.95 996.0
2454222.89895 18.223 0.035 3.90 996.0
2454223.72652 18.224 0.046 4.57 1462.0
2454224.77091 18.268 0.045 4.63 1134.0
2454228.66514 18.241 0.040 4.45 1012.0
2454228.89688 18.225 0.041 4.94 997.0
2454229.65996 18.275 0.048 6.15 855.0
2454229.85701 18.215 0.032 3.87 831.0
2454229.91864 18.186 0.033 4.25 847.0
2454230.66980 18.268 0.033 4.25 699.0
2454230.85776 18.210 0.032 4.13 740.0
2454230.91948 18.262 0.055 6.55 912.0
2454231.65415 18.168 0.033 4.95 783.0
2454231.82958 18.229 0.031 3.83 747.0
2454231.92248 18.174 0.036 4.39 909.0
2454232.73693 18.293 0.040 4.59 876.0
2454232.90399 18.226 0.041 5.27 802.0
2454233.78028 18.165 0.044 6.18 819.0
2454234.69700 18.423 0.046 5.20 793.0
2454235.87921 18.202 0.031 4.01 708.0
2454237.68025 18.169 0.033 4.92 720.0
2454238.71789 18.298 0.034 4.26 708.0
2454238.86386 18.336 0.038 4.16 932.0
2454239.60832 18.200 0.044 6.12 814.0
2454240.66536 18.270 0.032 3.99 699.0
2454240.79675 18.239 0.038 4.91 728.0
2454240.93092 18.207 0.038 4.95 836.0
2454243.62791 18.357 0.048 5.51 847.0
2454243.72418 18.216 0.033 4.47 676.0
2454243.81776 18.259 0.039 5.12 726.0
2454243.93543 18.230 0.039 4.71 949.0
2454244.60372 18.178 0.042 5.55 957.0
2454244.69978 18.161 0.031 4.30 739.0
2454244.79264 18.298 0.033 3.88 737.0
2454245.59642 18.163 0.031 5.51 474.0
2454245.69011 18.318 0.031 4.06 572.0
2454245.78329 18.321 0.030 3.82 567.0
2454246.65515 18.224 0.032 4.45 699.0
2454246.74817 18.201 0.035 4.95 697.0
2454246.84140 18.267 0.039 4.59 876.0
2454247.63811 18.417 0.067 5.24 1718.0
2454247.80336 18.273 0.033 4.10 772.0
2454250.71847 18.312 0.039 4.05 992.0
2454251.79003 18.161 0.046 4.49 1452.0
2454256.60528 18.307 0.047 5.36 1000.0
2454256.75215 18.266 0.048 5.76 878.0
2454256.84996 18.257 0.057 6.34 1056.0
2454257.63718 18.232 0.044 5.76 805.0
2454258.62069 18.328 0.050 6.58 696.0
2454258.74338 18.297 0.036 4.37 717.0
2454258.83866 18.201 0.038 4.99 854.0
2454267.58072 18.324 0.045 5.65 782.0
2454268.76813 18.222 0.033 4.40 689.0
2454268.88851 18.246 0.042 4.97 900.0
2454269.56306 18.254 0.037 4.54 817.0
2454269.68410 18.236 0.031 4.47 566.0
2454269.77483 18.199 0.031 4.55 659.0
2454270.55858 18.143 0.036 4.79 934.0
2454272.62699 18.272 0.030 3.68 732.0
2454272.77612 18.213 0.032 3.95 780.0
2454272.84762 18.317 0.048 5.36 987.0
2454273.60399 18.289 0.053 6.53 850.0
2454273.78485 18.301 0.046 4.74 1015.0
2454273.84463 18.213 0.041 4.45 1074.0
2454274.59645 18.230 0.046 5.36 1033.0
2454274.75099 18.289 0.034 3.81 800.0
2454274.81011 18.232 0.041 4.96 943.0
2454275.58919 18.318 0.038 4.35 878.0
2454275.76460 18.263 0.039 4.41 881.0
2454275.82307 18.238 0.044 4.93 1024.0
2454275.88425 18.234 0.060 6.48 1242.0
2454276.57397 18.241 0.044 5.54 822.0
2454277.51781 18.261 0.053 5.23 1265.0
2454277.69299 18.270 0.035 4.21 764.0
2454277.75347 18.264 0.039 5.20 752.0
2454277.81204 18.175 0.048 5.94 1004.0
2454278.55161 18.283 0.056 5.89 1185.0
2454278.73883 18.149 0.042 5.57 865.0
2454278.81183 18.220 0.051 5.77 1131.0
2454283.49728 18.305 0.051 4.50 1469.0
2454283.70747 18.138 0.052 4.35 1990.0
2454284.49231 18.211 0.043 4.86 1034.0
2454284.72277 18.257 0.031 3.21 921.0
2454284.78499 18.273 0.040 4.10 1083.0
2454284.85007 18.226 0.051 4.79 1469.0
2454285.49078 18.202 0.044 4.63 1191.0
2454285.68269 18.347 0.043 4.57 871.0
2454285.74736 18.180 0.033 4.52 732.0
2454285.81512 18.168 0.037 4.78 877.0
2454286.49461 18.192 0.053 5.92 1211.0
2454286.78506 18.242 0.040 3.89 1493.0
2454289.49881 18.296 0.052 6.04 944.0
2454289.71815 18.257 0.044 5.50 793.0
2454289.78321 18.189 0.040 5.22 824.0
2454289.85001 18.215 0.040 4.99 850.0
2454290.54922 18.301 0.041 5.50 651.0
2454291.65161 18.202 0.032 4.74 618.0
2454291.77400 18.272 0.041 5.52 680.0
2454292.47733 18.253 0.036 4.10 943.0
2454292.65543 18.250 0.030 3.76 657.0
2454292.71506 18.275 0.027 3.19 651.0
2454292.77381 18.240 0.030 3.60 729.0
2454292.83777 18.291 0.042 4.80 963.0
2454293.47767 18.280 0.039 4.47 868.0
2454293.68359 18.240 0.029 3.73 634.0
2454293.74236 18.274 0.028 3.47 616.0
2454293.81997 18.272 0.036 4.76 712.0
2454294.47694 18.251 0.039 4.61 942.0
2454295.47848 18.279 0.054 6.91 800.0
2454295.68198 18.225 0.031 4.87 493.0
2454295.74068 18.209 0.026 4.01 504.0
2454295.82293 18.198 0.037 5.40 679.0
2454296.47975 18.331 0.047 5.61 770.0
2454296.66821 18.255 0.029 4.25 499.0
2454296.76317 18.287 0.037 5.26 578.0
2454297.50056 18.336 0.044 5.31 745.0
2454297.70144 18.231 0.030 4.18 539.0
2454297.80640 18.255 0.042 6.08 640.0
2454298.53526 18.233 0.037 5.40 610.0
2454298.64108 18.244 0.032 4.84 515.0
2454298.73460 18.252 0.035 4.95 587.0
2454299.51808 18.335 0.039 4.92 664.0
2454299.61146 18.284 0.028 3.83 529.0
2454299.70364 18.192 0.027 4.23 516.0
2454299.79383 18.218 0.037 5.63 607.0
2454300.50969 18.292 0.038 4.98 680.0
2454300.63342 18.252 0.028 3.92 512.0
2454300.72985 18.217 0.031 4.30 576.0
2454301.50405 18.286 0.034 3.93 852.0
2454301.59634 18.268 0.027 3.27 672.0
2454301.69296 18.234 0.031 4.48 594.0
2454301.79154 18.260 0.030 4.12 625.0
2454302.57984 18.334 0.043 4.97 802.0
2454302.67171 18.156 0.034 5.29 604.0
2454303.65269 18.195 0.038 5.87 559.0
2454304.53781 18.219 0.044 4.98 1055.0
2454304.64722 18.296 0.043 5.04 859.0
2454306.52611 18.257 0.050 5.95 916.0
2454306.66261 18.146 0.036 5.07 775.0
2454307.76314 18.362 0.043 4.22 1100.0
2454311.73863 18.335 0.063 6.01 1380.0
2454312.50842 18.290 0.053 5.15 1212.0
2454312.70362 18.252 0.034 4.02 872.0
2454312.80118 18.220 0.048 5.50 1097.0
2454315.54257 18.257 0.033 4.19 712.0
2454316.57143 18.235 0.029 4.11 586.0
2454317.49382 18.229 0.032 4.20 700.0
2454319.50289 18.291 0.040 4.90 759.0
2454319.75734 18.236 0.041 5.44 802.0
2454320.52589 18.258 0.036 4.95 631.0
2454326.48144 18.250 0.036 4.69 722.0
2454327.57486 18.333 0.047 6.02 636.0
2454328.50194 18.342 0.042 4.44 882.0
2454328.67890 18.203 0.035 4.62 717.0
2454329.51232 18.313 0.038 4.67 688.0
2454329.66015 18.225 0.038 5.12 666.0
2454329.71893 18.315 0.047 5.83 788.0
2454330.52465 18.316 0.034 4.37 633.0
2454330.67563 18.244 0.031 4.13 626.0
2454331.50484 18.262 0.033 4.28 673.0
2454331.67138 18.207 0.037 5.51 610.0
2454332.48260 18.232 0.029 3.50 749.0
2454333.51367 18.274 0.041 4.68 828.0
2454333.67472 18.168 0.035 4.65 757.0
2454334.48688 18.320 0.066 5.57 1709.0
2454334.58451 18.384 0.078 4.36 3323.0
2454338.48703 18.245 0.045 4.28 1291.0
2454339.50648 18.350 0.045 4.25 1120.0
2454339.67766 18.220 0.053 6.17 1098.0
2454340.57515 18.381 0.054 5.16 1074.0
2454341.48743 18.201 0.049 5.72 994.0
2454342.51674 18.254 0.040 5.07 760.0
2454343.48484 18.318 0.032 3.51 843.0
2454343.69257 18.253 0.044 5.66 874.0
2454344.52345 18.252 0.046 5.59 847.0
2454345.48888 18.232 0.030 3.69 783.0
2454346.49748 18.189 0.037 4.82 835.0
2454347.51646 18.294 0.042 5.40 687.0
2454348.51319 18.255 0.038 4.91 707.0
2454350.51205 18.223 0.034 4.15 769.0
2454351.48729 18.258 0.035 4.32 729.0
2454352.53477 18.152 0.040 5.66 743.0
2454353.49468 18.223 0.034 4.07 826.0
2454354.52326 18.281 0.033 3.83 805.0
2454355.51385 18.314 0.039 4.43 896.0
2454356.49133 18.222 0.032 4.01 734.0
2454357.57459 18.300 0.052 6.45 754.0
2454358.53183 18.255 0.040 5.26 749.0
2454359.50064 18.266 0.038 4.77 774.0
2454361.55363 18.332 0.053 5.79 900.0
2454362.48901 18.271 0.053 4.15 2082.0
2454365.54601 18.318 0.059 6.08 1100.0
2454367.52233 18.190 0.037 4.25 1072.0
2454368.55791 18.293 0.048 5.21 977.0
2454369.56683 18.257 0.052 5.60 1161.0
2454370.54483 18.306 0.037 3.80 1018.0
2454371.51829 18.248 0.033 3.59 890.0
2454372.50281 18.236 0.030 3.77 737.0
2454373.56824 18.261 0.039 4.32 898.0
2454375.55441 18.207 0.051 6.44 940.0
2454377.59247 18.154 0.041 5.76 864.0
2454378.50250 18.304 0.040 4.92 708.0
2454379.51783 18.219 0.050 6.26 858.0
2454380.52936 18.180 0.035 4.53 777.0
2454381.50732 18.340 0.057 6.09 966.0
2454382.59587 18.310 0.051 5.61 958.0
2454383.52081 18.290 0.039 4.47 853.0
2454384.55781 18.278 0.049 6.13 780.0
2454387.55071 18.244 0.039 4.53 908.0
2454393.51516 18.207 0.034 3.86 1014.0
2454394.57255 18.277 0.055 5.27 1257.0
2454395.54396 18.170 0.042 4.51 1073.0
2454396.55650 18.311 0.062 5.38 1492.0
2454397.51534 18.228 0.045 4.66 1267.0
2454398.52297 18.335 0.049 4.36 1271.0
2454399.55854 18.191 0.049 5.12 1399.0
2454400.51793 18.335 0.062 5.79 1420.0
2454402.53256 18.205 0.056 6.34 1070.0
2454403.53355 18.253 0.049 5.03 1064.0
2454506.88460 18.212 0.054 5.80 1331.0
2454510.88139 18.192 0.039 5.03 914.0
2454513.84537 18.156 0.037 4.95 945.0
2454517.83944 18.417 0.074 6.42 1343.0
2454519.82536 18.193 0.048 5.53 1086.0
2454522.85422 18.254 0.055 6.44 1008.0
2454524.83789 18.199 0.037 4.43 1023.0
2454530.80003 18.232 0.029 3.50 845.0
2454533.83379 18.174 0.036 5.29 734.0
2454535.88378 18.283 0.036 4.77 723.0
2454537.78340 18.185 0.043 6.35 708.0
2454538.87735 18.311 0.041 4.99 729.0
2454539.83856 18.245 0.030 3.97 645.0
2454540.84847 18.330 0.033 3.83 721.0
2454541.77749 18.181 0.030 4.33 673.0
2454542.77203 18.188 0.047 6.24 876.0
2454543.76768 18.205 0.036 4.83 834.0
2454544.76454 18.224 0.042 4.89 1009.0
2454545.75125 18.274 0.048 5.61 1092.0
2454546.75786 18.161 0.042 4.81 1090.0
2454547.77203 18.239 0.035 3.80 1078.0
2454548.82491 18.233 0.038 4.58 913.0
2454550.79716 18.267 0.042 5.13 853.0
2454551.74349 18.259 0.051 5.37 1076.0
2454552.78714 18.319 0.072 4.89 2587.0
2454556.73982 18.273 0.032 4.42 644.0
2454557.75740 18.205 0.031 4.58 614.0
2454558.77758 18.235 0.028 3.89 621.0
2454559.73044 18.161 0.028 4.25 566.0
2454559.91935 18.167 0.037 4.45 1038.0
2454560.73279 18.241 0.036 5.48 571.0
2454560.91997 18.243 0.034 3.56 1028.0
2454561.72323 18.219 0.030 4.15 700.0
2454561.90932 18.162 0.027 3.49 634.0
2454564.71344 18.356 0.046 5.76 623.0
2454564.91371 18.218 0.030 4.18 612.0
2454565.71161 18.224 0.028 3.86 633.0
2454565.90219 18.226 0.024 3.06 621.0
2454566.71091 18.314 0.031 4.12 617.0
2454566.90397 18.161 0.024 3.30 618.0
2454567.70309 18.223 0.032 4.24 753.0
2454567.90982 18.295 0.031 3.74 689.0
2454568.70863 18.327 0.043 5.73 670.0
2454569.71829 18.280 0.036 4.91 654.0
2454570.70961 18.278 0.040 5.26 755.0
2454571.69742 18.207 0.046 6.34 836.0
2454571.89540 18.204 0.026 3.62 632.0
2454572.72058 18.258 0.046 6.13 785.0
2454573.72300 18.222 0.037 4.91 872.0
2454574.72543 18.088 0.033 4.57 900.0
2454575.73083 18.233 0.035 3.91 949.0
2454576.73852 18.186 0.039 4.46 1097.0
2454577.82271 18.231 0.037 4.45 871.0
2454578.77383 18.275 0.055 5.51 1301.0
2454579.85051 18.166 0.038 4.49 1016.0
2454583.71750 18.312 0.048 5.40 971.0
2454583.90265 18.279 0.035 4.61 715.0
2454585.73798 18.265 0.041 5.36 732.0
2454586.74587 18.204 0.037 5.39 682.0
2454587.75412 18.345 0.048 6.21 678.0
2454587.91253 18.260 0.039 4.89 786.0
2454588.71930 18.203 0.032 4.70 664.0
2454589.70163 18.342 0.042 5.41 700.0
2454589.85692 18.193 0.034 4.55 684.0
2454589.91894 18.174 0.034 4.35 755.0
2454590.67900 18.259 0.034 4.27 762.0
2454590.88466 18.223 0.033 4.07 796.0
2454591.69081 18.179 0.034 4.43 853.0
2454591.86284 18.190 0.032 4.36 800.0
2454591.92496 18.154 0.034 3.97 1010.0
2454592.64929 18.214 0.034 3.87 1036.0
2454592.83847 18.189 0.039 4.47 1047.0
2454592.90184 18.219 0.037 3.99 1055.0
2454593.63858 18.264 0.036 4.30 869.0
2454593.84806 18.147 0.030 3.99 816.0
2454593.91016 18.247 0.036 4.09 910.0
2454594.65961 18.171 0.036 5.02 767.0
2454594.85435 18.184 0.032 4.38 766.0
2454594.92016 18.175 0.035 4.85 762.0
2454595.64509 18.281 0.043 5.70 772.0
2454595.84324 18.226 0.033 4.69 645.0
2454595.90534 18.155 0.036 5.33 694.0
2454596.63840 18.336 0.041 5.15 763.0
2454596.91809 18.214 0.031 4.40 706.0
2454597.66887 18.282 0.035 4.79 639.0
2454597.86020 18.223 0.031 4.05 753.0
2454597.93127 18.059 0.036 5.20 940.0
2454598.63866 18.142 0.025 3.85 600.0
2454598.88345 18.203 0.029 4.35 676.0
2454599.61748 18.273 0.045 5.33 888.0
2454599.82150 18.261 0.027 3.59 615.0
2454600.62667 18.273 0.031 4.17 649.0
2454600.93322 18.145 0.033 3.82 1112.0
2454601.63227 18.225 0.034 4.16 865.0
2454601.84855 18.211 0.026 3.76 558.0
2454601.91050 18.256 0.032 4.51 633.0
2454602.61968 18.214 0.032 3.92 863.0
2454602.83427 18.151 0.027 3.80 756.0
2454603.75229 18.267 0.033 4.17 709.0
2454606.62004 18.178 0.041 4.58 1352.0
2454610.72178 18.249 0.034 3.92 886.0
2454610.92921 18.261 0.042 4.37 1165.0
2454611.61180 18.321 0.049 5.38 913.0
2454611.84472 18.247 0.031 3.35 924.0
2454612.63322 18.426 0.054 5.63 944.0
2454615.77488 18.248 0.040 5.37 705.0
2454615.82641 18.209 0.038 5.16 743.0
2454615.90485 18.259 0.052 6.29 974.0
2454616.58392 18.169 0.043 6.14 798.0
2454616.60929 18.200 0.034 4.88 739.0
2454616.63785 18.258 0.031 4.43 625.0
2454616.67059 18.156 0.028 4.22 626.0
2454616.69357 18.205 0.030 4.30 626.0
2454616.71380 18.304 0.032 4.30 614.0
2454616.73963 18.265 0.030 4.24 549.0
2454616.76868 18.289 0.029 4.14 545.0
2454616.78612 18.239 0.032 4.84 567.0
2454616.80039 18.171 0.029 4.68 576.0
2454616.83142 18.180 0.033 4.97 643.0
2454616.85437 18.200 0.031 4.57 660.0
2454616.87018 18.242 0.035 4.67 732.0
2454616.89582 18.335 0.044 5.03 902.0
2454616.91426 18.286 0.043 5.04 929.0
2454616.93679 18.472 0.061 5.66 1084.0
2454617.62598 18.313 0.036 4.59 689.0
2454617.63006 18.188 0.029 3.96 720.0
2454617.64173 18.212 0.030 4.24 655.0
2454617.64743 18.242 0.032 4.45 642.0
2454617.65566 18.257 0.031 4.06 630.0
2454617.66417 18.267 0.030 3.93 630.0
2454617.67242 18.221 0.029 4.15 623.0
2454617.68080 18.264 0.031 4.03 636.0
2454617.68910 18.242 0.026 3.39 630.0
2454617.72173 18.241 0.031 4.22 629.0
2454617.73294 18.258 0.039 5.37 659.0
2454617.74507 18.185 0.031 4.50 638.0
2454617.75627 18.209 0.031 4.41 648.0
2454617.76739 18.292 0.035 4.64 654.0
2454617.77857 18.305 0.034 4.51 649.0
2454617.79410 18.246 0.036 4.94 686.0
2454617.80513 18.202 0.041 5.66 725.0
2454617.82537 18.224 0.040 5.65 718.0
2454617.84045 18.241 0.045 6.19 726.0
2454617.89024 18.258 0.047 6.03 831.0
2454617.90156 18.057 0.043 6.53 851.0
2454617.92351 18.310 0.054 6.30 933.0
2454617.93884 18.174 0.057 6.87 1092.0
2454618.59547 18.328 0.044 5.83 730.0
2454618.65244 18.216 0.033 4.94 645.0
2454618.71727 18.241 0.031 4.48 632.0
2454621.68464 18.353 0.030 4.11 615.0
2454622.77721 18.258 0.037 5.11 711.0
2454622.89542 18.262 0.045 5.23 930.0
2454623.60882 18.271 0.043 6.00 648.0
2454623.84918 18.339 0.046 5.37 866.0
2454623.92010 18.237 0.051 6.20 993.0
2454624.56095 18.264 0.048 5.97 920.0
2454624.79281 18.248 0.032 4.46 613.0
2454624.85943 18.138 0.030 4.27 663.0
2454624.92842 18.402 0.061 6.35 993.0
2454625.58716 18.378 0.046 5.66 681.0
2454625.77525 18.365 0.047 5.52 766.0
2454625.86917 18.238 0.039 5.12 751.0
2454626.58456 18.321 0.042 6.05 605.0
2454626.83756 18.280 0.034 4.70 634.0
2454627.54249 18.279 0.040 4.78 856.0
2454627.81103 18.242 0.026 3.80 520.0
2454627.89771 18.249 0.031 4.62 595.0
2454628.57579 18.265 0.037 5.07 721.0
2454628.73956 18.280 0.030 4.02 603.0
2454628.80516 18.201 0.031 4.52 616.0
2454628.86714 18.147 0.031 4.61 643.0
2454629.58901 18.308 0.040 5.43 650.0
2454629.80869 18.176 0.031 4.19 751.0
2454629.89098 18.203 0.032 4.20 793.0
2454630.54247 18.134 0.041 5.62 879.0
2454630.75251 18.296 0.032 4.00 699.0
2454630.83568 18.167 0.031 4.32 717.0
2454630.89868 18.241 0.042 5.34 828.0
2454631.54800 18.189 0.032 3.94 947.0
2454631.76383 18.192 0.031 4.57 671.0
2454631.84158 18.241 0.031 4.04 720.0
2454631.91654 18.185 0.041 4.80 1156.0
2454632.54532 18.261 0.045 5.02 1097.0
2454632.81037 18.247 0.031 3.77 796.0
2454633.55136 18.251 0.037 4.02 1017.0
2454633.65322 18.228 0.033 3.95 817.0
2454633.77481 18.304 0.041 3.83 1252.0
2454638.73689 18.260 0.043 5.26 843.0
2454638.83456 18.262 0.042 4.65 1018.0
2454639.54957 17.999 0.044 5.83 1175.0
2454639.65574 18.254 0.031 3.47 909.0
2454639.83513 18.393 0.074 5.65 1903.0
2454640.57566 18.206 0.030 3.91 747.0
2454640.70656 18.239 0.031 4.18 656.0
2454640.81385 18.158 0.037 5.51 726.0
2454641.59850 18.169 0.029 4.22 629.0
2454641.75411 18.250 0.034 4.52 712.0
2454642.57423 18.224 0.035 4.81 695.0
2454642.73474 18.244 0.032 4.69 603.0
2454642.81268 18.202 0.033 4.59 726.0
2454643.53440 18.253 0.044 5.68 822.0
2454644.64684 18.253 0.035 5.05 623.0
2454644.80902 18.217 0.034 4.89 672.0
2454644.82616 18.254 0.033 4.48 705.0
2454644.83461 18.203 0.029 4.03 697.0
2454644.83947 18.207 0.030 4.07 696.0
2454644.84238 18.187 0.030 4.23 693.0
2454644.85247 18.218 0.034 5.06 674.0
2454644.86069 18.110 0.031 4.95 692.0
2454644.87501 18.267 0.037 4.95 725.0
2454644.88041 18.226 0.037 5.23 717.0
2454644.89159 18.237 0.036 5.00 724.0
2454644.89777 18.245 0.040 5.34 774.0
2454644.90064 18.293 0.049 6.36 791.0
2454644.90351 18.297 0.058 7.46 793.0
2454644.90661 18.221 0.049 6.67 799.0
2454645.48646 18.236 0.050 5.30 1227.0
2454645.50103 18.297 0.044 4.52 1131.0
2454645.51029 18.111 0.039 4.83 1101.0
2454645.53687 18.311 0.057 6.28 1043.0
2454645.65563 18.243 0.028 3.80 520.0
2454645.75173 18.240 0.036 5.09 672.0
2454645.79045 18.224 0.038 5.31 720.0
2454645.82758 18.232 0.039 5.08 827.0
2454645.89235 18.209 0.049 5.71 1165.0
2454646.48812 18.173 0.034 3.89 1020.0
2454646.50287 18.235 0.035 4.10 921.0
2454646.83499 18.147 0.035 4.67 858.0
2454646.88846 18.216 0.045 5.24 1122.0
2454647.48175 18.292 0.045 4.01 1401.0
2454647.49740 18.253 0.045 4.23 1317.0
2454647.72224 18.280 0.038 4.52 770.0
2454647.82901 18.203 0.040 5.42 828.0
2454648.52579 18.150 0.036 4.55 863.0
2454648.61525 18.296 0.034 4.19 720.0
2454648.69149 18.225 0.032 4.49 634.0
2454648.84319 18.216 0.039 5.09 830.0
2454649.50595 18.232 0.043 5.13 950.0
2454649.71643 18.187 0.029 4.22 616.0
2454649.83095 18.193 0.035 5.09 700.0
2454650.53745 18.231 0.037 4.22 982.0
2454650.75490 18.194 0.029 4.28 568.0
2454650.83986 18.301 0.041 5.17 781.0
2454651.49767 18.225 0.043 4.73 1098.0
2454651.79049 18.168 0.038 5.23 768.0
2454652.48925 18.381 0.050 5.09 1073.0
2454652.69183 18.282 0.035 4.81 684.0
2454652.77342 18.198 0.033 4.89 636.0
2454652.82697 18.204 0.036 5.06 764.0
2454653.48568 18.321 0.054 5.38 1099.0
2454653.70478 18.248 0.036 4.63 759.0
2454653.77001 18.210 0.036 4.64 771.0
2454654.52102 18.173 0.038 5.71 726.0
2454654.73270 18.205 0.032 4.49 649.0
2454654.80097 18.225 0.042 5.23 911.0
2454655.48549 18.243 0.047 5.11 1176.0
2454655.70988 18.182 0.026 4.04 539.0
2454655.77179 18.169 0.030 4.55 668.0
2454656.48750 18.239 0.030 3.39 809.0
2454656.67727 18.254 0.039 4.71 830.0
2454656.79287 18.266 0.037 4.08 1046.0
2454657.56205 18.200 0.041 5.61 809.0
2454658.64583 18.158 0.033 4.93 708.0
2454659.57926 18.222 0.042 5.86 712.0
2454660.53524 18.341 0.057 6.45 935.0
2454661.47563 18.095 0.037 4.52 1275.0
2454661.67315 18.195 0.035 4.62 826.0
2454661.73774 18.219 0.035 4.33 944.0
2454661.80484 18.208 0.042 4.72 1117.0
2454665.64285 18.205 0.049 4.62 1496.0
2454666.48710 18.197 0.053 5.60 1312.0
2454666.67176 18.213 0.040 4.85 960.0
2454669.59718 18.383 0.056 5.86 1057.0
2454670.63318 18.196 0.035 5.26 655.0
2454671.55417 18.254 0.045 6.67 562.0
2454671.76113 18.229 0.038 5.30 690.0
2454672.48889 18.143 0.029 3.99 830.0
2454672.75235 18.131 0.032 4.26 813.0
2454672.79137 18.098 0.034 4.94 783.0
2454674.49334 18.202 0.042 6.01 724.0
2454675.64807 18.168 0.032 4.59 669.0
2454677.47394 18.197 0.034 3.96 990.0
2454677.62033 18.264 0.040 5.88 594.0
2454677.70407 18.178 0.031 4.71 634.0
2454678.67385 18.228 0.030 4.02 589.0
2454679.56669 18.127 0.037 5.99 636.0
2454681.51533 18.210 0.034 4.73 663.0
2454681.61544 18.308 0.037 5.46 556.0
2454682.48639 18.203 0.029 3.64 748.0
2454682.56231 18.138 0.030 4.19 686.0
2454682.73897 18.195 0.030 4.11 677.0
2454683.69179 18.212 0.037 5.42 638.0
2454684.48854 18.241 0.037 4.21 929.0
2454684.75334 18.179 0.032 4.63 710.0
2454685.53072 18.238 0.036 4.33 800.0
2454686.48601 18.227 0.036 4.32 824.0
2454687.51197 18.256 0.036 4.50 694.0
2454687.72535 18.322 0.044 5.24 847.0
2454688.48262 18.305 0.054 6.31 916.0
2454688.67260 18.194 0.029 4.01 641.0
2454688.73428 18.316 0.047 5.84 757.0
2454693.52707 18.258 0.037 4.16 955.0
2454694.52551 18.312 0.053 5.96 931.0
2454697.48621 18.290 0.037 4.99 675.0
2454698.48676 18.343 0.046 6.11 613.0
2454699.48565 18.288 0.036 4.62 685.0
2454700.49398 18.186 0.033 4.57 724.0
2454701.48931 18.353 0.043 5.15 762.0
2454702.48771 18.221 0.035 4.99 725.0
2454703.59562 18.275 0.036 5.18 651.0
2454704.60285 18.211 0.029 3.68 712.0
2454705.49158 18.276 0.037 4.67 746.0
2454707.59249 18.226 0.032 4.78 615.0
2454708.52424 18.184 0.034 5.14 690.0
2454709.50029 18.269 0.040 5.13 776.0
2454710.52780 18.249 0.041 5.24 769.0
2454711.50985 18.228 0.038 5.15 724.0
2454715.56990 18.209 0.040 5.52 774.0
2454716.56074 18.179 0.039 4.03 1340.0
2454720.51336 18.228 0.042 4.76 992.0
2454721.51423 18.167 0.050 6.20 1042.0
2454722.62650 18.172 0.040 4.85 1026.0
2454724.49333 18.166 0.045 5.88 935.0
2454725.56720 18.168 0.040 4.54 1061.0
2454726.53176 18.337 0.054 5.92 851.0
2454728.57623 18.029 0.034 5.19 717.0
2454729.51677 18.043 0.036 6.11 699.0
2454730.60263 18.301 0.038 4.63 722.0
2454731.53969 18.182 0.038 5.26 682.0
2454733.49128 18.247 0.038 4.80 726.0
2454734.53770 18.275 0.042 5.08 764.0
2454737.52592 18.126 0.033 5.09 646.0
2454740.53799 18.215 0.040 5.65 708.0
2454741.51080 18.162 0.030 4.23 702.0
2454743.51925 18.143 0.035 4.51 751.0
2454750.58588 18.304 0.061 6.22 1197.0
2454756.50170 18.151 0.041 5.22 867.0
2454765.50339 18.140 0.041 5.79 877.0
2454768.50488 18.106 0.047 5.66 1132.0
2454867.87886 17.761 0.029 4.48 1189.0
2454870.88785 17.664 0.029 3.94 1962.0
2454872.89017 17.670 0.039 5.64 1921.0
2454876.85159 17.649 0.024 4.99 857.0
2454884.83465 17.554 0.020 4.43 928.0
2454886.88534 17.467 0.018 4.19 786.0
2454890.86752 17.427 0.015 4.03 673.0
2454896.85517 17.480 0.016 4.15 615.0
2454899.82665 17.433 0.019 4.22 904.0
2454900.80637 17.437 0.020 4.06 1047.0
2454901.86650 17.462 0.017 3.87 840.0
2454902.86488 17.462 0.016 3.85 782.0
2454904.78929 17.479 0.020 4.47 898.0
2454905.89308 17.482 0.021 4.90 866.0
2454910.79514 17.530 0.023 3.86 1507.0
2454911.76577 17.502 0.015 3.78 577.0
2454912.76258 17.499 0.015 3.71 590.0
2454914.76556 17.501 0.016 4.48 537.0
2454918.76244 17.541 0.016 3.79 597.0
2454924.72450 17.533 0.017 4.10 671.0
2454925.77380 17.531 0.015 3.47 668.0
2454925.88983 17.538 0.015 3.51 648.0
2454926.73762 17.483 0.019 4.37 905.0
2454927.82514 17.506 0.018 4.24 689.0
2454928.71884 17.569 0.021 4.76 823.0
2454929.71874 17.577 0.027 5.63 1004.0
2454929.89931 17.559 0.019 4.62 730.0
2454930.77675 17.443 0.019 3.94 1018.0
2454930.81384 17.531 0.019 4.10 932.0
2454931.69868 17.481 0.029 5.81 1277.0
2454931.82104 17.577 0.020 3.97 899.0
2454932.77631 17.524 0.017 3.39 881.0
2454933.69642 17.592 0.028 5.38 1211.0
2454933.82459 17.523 0.019 4.27 891.0
2454934.70957 17.542 0.033 5.35 1831.0
2454934.78366 17.524 0.021 3.93 1262.0
2454934.79998 17.486 0.018 3.11 1153.0
2454938.70452 17.541 0.020 4.14 903.0
2454938.80443 17.547 0.021 4.90 914.0
2454939.73011 17.534 0.019 4.43 727.0
2454939.82503 17.570 0.021 5.03 713.0
2454940.72760 17.601 0.019 4.23 641.0
2454941.70229 17.542 0.020 4.88 714.0
2454941.82936 17.540 0.019 6.01 625.0
2454942.68182 17.524 0.020 4.86 766.0
2454942.85470 17.574 0.016 4.66 599.0
2454943.69416 17.532 0.016 4.03 594.0
2454943.76024 17.504 0.015 3.57 568.0
2454944.69953 17.531 0.017 4.06 690.0
2454944.77471 17.537 0.015 3.56 626.0
2454945.69628 17.538 0.019 4.35 736.0
2454945.85154 17.479 0.013 3.70 616.0
2454946.75637 17.542 0.016 3.85 607.0
2454947.84036 17.566 0.016 3.86 690.0
2454948.86356 17.594 0.016 4.92 565.0
2454949.65899 17.534 0.018 4.01 805.0
2454950.69999 17.584 0.019 4.61 641.0
2454951.70715 17.556 0.018 4.65 674.0
2454952.80451 17.536 0.017 4.93 590.0
2454953.66332 17.573 0.019 4.03 749.0
2454953.76903 17.535 0.017 4.15 664.0
2454954.68344 17.552 0.016 3.36 631.0
2454954.78892 17.564 0.016 3.90 576.0
2454955.68738 17.619 0.020 4.57 704.0
