2452125.64150 19.974 0.285 4.34 2611.0
2452128.57003 19.568 0.109 4.22 986.0
2452131.56674 19.406 0.092 3.83 1066.0
2452134.66975 19.552 0.177 7.56 990.0
2452138.54720 19.248 0.107 5.93 908.0
2452143.52040 19.411 0.170 6.95 1020.0
2452155.64720 19.093 0.147 7.11 1344.0
2452156.48627 19.403 0.146 5.89 1168.0
2452158.49461 19.387 0.116 5.48 921.0
2452158.53762 19.524 0.116 4.80 910.0
2452162.50413 19.110 0.092 5.05 994.0
2452168.53885 19.310 0.121 5.75 1021.0
2452173.49686 19.076 0.123 6.66 1088.0
2452184.50009 19.306 0.153 6.66 1171.0
2452194.55447 19.278 0.112 4.93 1110.0
2452321.87307 19.317 0.136 5.45 1408.0
2452324.87519 19.515 0.124 4.52 1211.0
2452341.83166 19.418 0.136 4.35 1820.0
2452350.84477 19.498 0.097 3.85 1131.0
2452358.88424 19.631 0.115 3.66 1063.0
2452370.81249 19.461 0.113 5.11 1001.0
2452381.80789 19.275 0.087 4.53 940.0
2452384.79037 19.629 0.121 4.38 1026.0
2452388.85023 19.564 0.118 4.55 1023.0
2452391.69275 19.530 0.211 6.02 1894.0
2452400.69063 19.681 0.141 4.66 1114.0
2452402.80557 19.623 0.113 3.93 1050.0
2452404.84251 19.436 0.087 3.57 1023.0
2452410.71524 19.984 0.167 4.55 841.0
2452414.86148 19.390 0.095 4.49 1013.0
2452415.72351 19.457 0.124 5.06 1101.0
2452416.74571 19.408 0.105 4.62 1046.0
2452417.72128 19.547 0.127 4.74 1112.0
2452424.76361 19.601 0.255 4.12 4638.0
2452426.67492 19.525 0.110 4.50 966.0
2452431.80926 19.682 0.122 4.29 900.0
2452434.80945 19.500 0.098 3.84 996.0
2452436.58220 19.526 0.133 4.71 1244.0
2452438.61435 19.898 0.160 4.46 1025.0
2452440.59561 19.542 0.119 4.57 1054.0
2452442.61343 19.449 0.103 4.15 999.0
2452444.70605 19.620 0.155 5.50 996.0
2452446.64060 19.490 0.115 3.75 1251.0
2452448.52739 19.618 0.282 4.35 4940.0
2452453.73666 19.601 0.135 4.73 1122.0
2452458.73393 19.401 0.116 5.52 887.0
2452462.72273 19.390 0.078 4.00 852.0
2452463.81981 19.459 0.098 4.23 1029.0
2452466.46291 19.538 0.194 5.76 1879.0
2452466.47175 19.515 0.143 5.67 1154.0
2452466.48065 19.549 0.130 5.38 1068.0
2452466.48963 19.404 0.105 4.86 1031.0
2452466.50234 19.562 0.117 4.53 1036.0
2452466.51152 19.577 0.122 4.51 1037.0
2452466.52054 19.768 0.163 5.24 1033.0
2452466.52952 19.268 0.092 4.57 1003.0
2452466.53998 19.493 0.098 3.95 975.0
2452466.54915 19.527 0.110 4.31 974.0
2452466.55848 19.509 0.095 3.73 947.0
2452466.56215 19.747 0.123 4.03 943.0
2452466.56808 19.641 0.108 3.93 934.0
2452466.57700 19.548 0.104 4.08 934.0
2452466.58895 19.731 0.119 4.04 916.0
2452466.59889 19.777 0.129 4.19 907.0
2452466.60791 19.555 0.101 3.99 876.0
2452466.61675 19.622 0.116 4.38 890.0
2452466.62753 19.493 0.123 5.43 906.0
2452466.63726 19.362 0.113 5.58 906.0
2452466.64749 19.461 0.125 5.53 919.0
2452466.65646 19.622 0.125 4.74 892.0
2452466.66539 19.321 0.100 4.95 904.0
2452466.67805 19.457 0.119 5.23 921.0
2452466.68691 19.460 0.106 4.60 901.0
2452466.69577 19.806 0.160 5.14 914.0
2452466.70568 19.515 0.107 4.56 905.0
2452466.71596 19.318 0.097 4.82 936.0
2452466.72507 19.575 0.134 5.34 958.0
2452466.73407 19.447 0.131 5.76 971.0
2452466.74332 19.674 0.159 5.70 980.0
2452466.74979 19.897 0.215 6.18 1003.0
2452466.75931 19.498 0.140 5.64 1015.0
2452466.76807 19.549 0.129 5.17 996.0
2452466.77743 19.787 0.160 4.99 1016.0
2452466.79001 19.499 0.133 5.47 1055.0
2452466.79904 19.198 0.121 6.15 1116.0
2452466.80971 19.678 0.152 5.04 1136.0
2452466.81862 19.200 0.123 5.97 1222.0
2452466.82854 19.590 0.173 5.97 1283.0
2452466.83737 19.657 0.181 5.70 1325.0
2452466.84634 19.121 0.133 6.63 1397.0
2452468.46484 19.478 0.179 6.12 1571.0
2452470.46516 19.275 0.156 6.30 1722.0
2452472.46938 19.003 0.132 5.83 1976.0
2452472.50776 19.626 0.179 4.19 1946.0
2452472.51680 19.635 0.165 4.07 1733.0
2452472.52644 19.353 0.125 3.95 1735.0
2452472.53536 19.355 0.137 4.42 1710.0
2452472.54500 19.600 0.157 4.22 1635.0
2452472.56293 19.751 0.184 4.02 1768.0
2452472.57271 19.638 0.162 4.13 1682.0
2452472.58320 19.631 0.158 4.08 1582.0
2452472.59228 19.641 0.152 4.13 1481.0
2452472.63373 19.982 0.187 4.11 1242.0
2452472.64301 19.640 0.137 4.18 1204.0
2452472.67213 19.662 0.114 3.68 1062.0
2452472.68097 19.482 0.099 4.17 962.0
2452472.69128 19.604 0.105 4.04 885.0
2452472.70023 19.316 0.081 4.20 865.0
2452472.70912 19.534 0.095 4.13 854.0
2452472.71931 19.557 0.097 4.22 825.0
2452472.73262 19.801 0.136 4.62 842.0
2452472.74220 19.464 0.094 4.21 904.0
2452472.75127 19.438 0.111 5.05 930.0
2452472.76016 19.525 0.111 4.85 837.0
2452472.76991 19.338 0.087 4.39 828.0
2452472.79293 19.709 0.140 4.99 869.0
2452472.81138 19.008 0.083 5.92 696.0
2452472.82079 19.303 0.123 6.03 933.0
2452474.46546 19.709 0.192 5.25 1643.0
2452482.62214 19.443 0.132 5.39 1121.0
2452485.63215 19.696 0.178 6.42 922.0
2452489.70299 19.314 0.090 4.17 952.0
2452492.64767 19.524 0.109 4.45 1002.0
2452494.70205 19.885 0.182 5.33 820.0
2452497.50460 19.386 0.110 4.74 1002.0
2452499.54039 19.615 0.119 4.25 973.0
2452501.56811 19.458 0.095 3.88 1007.0
2452503.49162 19.091 0.278 6.04 6244.0
2452511.54830 19.545 0.147 5.06 1108.0
2452517.48136 19.050 0.143 7.97 1215.0
2452521.51672 19.411 0.103 4.10 1156.0
2452526.54693 19.503 0.111 4.59 946.0
2452537.47811 19.873 0.277 6.10 1794.0
2452540.49470 19.475 0.161 5.65 1340.0
2452546.50525 19.290 0.114 4.86 1158.0
2452550.48652 19.863 0.213 5.60 1257.0
2452554.55841 19.488 0.125 4.69 1091.0
2452558.49496 19.449 0.160 5.26 1479.0
2452565.48782 19.493 0.241 6.44 2031.0
2452693.89219 19.523 0.122 4.47 1157.0
2452698.89013 19.471 0.106 4.77 863.0
2452711.87315 19.868 0.131 4.16 854.0
2452721.88060 19.180 0.219 4.60 5766.0
2452730.89389 19.555 0.105 4.09 994.0
2452743.77029 19.735 0.124 3.89 1105.0
2452748.78884 19.696 0.165 5.08 1397.0
2452755.77874 19.670 0.107 4.00 962.0
2452758.93016 19.476 0.156 5.20 1592.0
2452765.78688 19.385 0.097 4.69 1129.0
2452782.71004 19.516 0.152 6.62 1015.0
2452784.69899 19.360 0.073 3.41 921.0
2452786.58455 19.213 0.155 6.57 1558.0
2452788.68634 19.569 0.094 3.41 1068.0
2452790.79144 19.431 0.109 4.99 972.0
2452792.52842 19.288 0.160 7.00 1255.0
2452794.55466 19.674 0.225 6.64 1388.0
2452796.56337 19.353 0.096 4.17 1073.0
2452802.55824 19.233 0.156 6.54 1543.0
2452808.63079 19.514 0.123 5.06 1153.0
2452810.56903 19.514 0.122 4.49 1150.0
2452812.57090 19.408 0.110 4.08 1299.0
2452813.81465 19.405 0.103 4.32 1046.0
2452815.59325 19.597 0.111 4.20 929.0
2452816.65868 19.555 0.107 4.73 839.0
2452817.77333 19.408 0.112 5.00 1044.0
2452818.66818 19.521 0.116 4.90 1015.0
2452819.76228 19.474 0.121 4.71 1053.0
2452821.66052 19.484 0.108 4.15 1017.0
2452826.65119 19.685 0.179 6.25 801.0
2452830.78143 19.637 0.188 4.63 2045.0
2452838.72714 19.454 0.112 4.99 1004.0
2452840.49871 19.140 0.102 5.39 1146.0
2452842.53514 19.655 0.145 5.11 1022.0
2452844.61128 19.602 0.108 4.43 918.0
2452848.54648 19.082 0.116 6.90 1116.0
2452851.53374 19.446 0.117 4.85 1150.0
2452853.53159 19.463 0.118 5.01 1095.0
2452854.75453 19.693 0.170 5.61 1102.0
2452857.71747 19.212 0.102 5.05 1189.0
2452864.50077 19.343 0.152 6.14 1337.0
2452867.65598 19.446 0.122 5.37 987.0
2452867.69807 19.594 0.110 4.21 960.0
2452867.71936 19.600 0.133 5.12 994.0
2452867.72930 19.393 0.123 5.70 1008.0
2452867.73251 19.386 0.115 5.33 1009.0
2452867.73556 19.458 0.135 5.67 1041.0
2452867.73861 19.344 0.113 5.30 1042.0
2452868.51429 19.392 0.098 4.63 1038.0
2452869.56728 19.536 0.114 4.28 995.0
2452869.58857 19.394 0.098 4.10 984.0
2452870.65628 19.687 0.123 3.82 1042.0
2452871.47684 19.233 0.098 4.89 1157.0
2452871.51151 19.273 0.092 4.81 1005.0
2452871.52781 19.739 0.134 4.46 1002.0
2452871.54698 19.549 0.102 3.89 1001.0
2452871.55026 19.280 0.084 4.11 1026.0
2452871.55365 19.487 0.098 3.98 1030.0
2452871.55700 19.437 0.099 4.28 1039.0
2452871.56044 19.626 0.120 4.21 1052.0
2452871.56414 19.361 0.094 4.13 1069.0
2452871.56803 19.299 0.085 3.88 1063.0
2452871.57980 19.410 0.088 3.69 1068.0
2452871.58743 19.416 0.094 3.84 1125.0
2452871.59090 19.237 0.077 3.74 1112.0
2452871.59428 19.522 0.101 3.85 1094.0
2452871.59764 19.660 0.109 3.60 1097.0
2452871.60093 19.487 0.093 3.56 1100.0
2452871.60426 19.592 0.105 3.68 1091.0
2452871.60748 19.415 0.091 3.74 1102.0
2452871.61118 19.443 0.092 3.73 1077.0
2452871.61585 19.557 0.102 3.71 1069.0
2452871.63049 19.867 0.138 3.83 1051.0
2452871.71129 19.553 0.111 4.17 1015.0
2452872.50170 19.456 0.115 4.78 1031.0
2452872.67540 19.506 0.084 3.62 857.0
2452872.70262 19.556 0.102 4.10 936.0
2452874.57627 19.126 0.082 5.17 790.0
2452875.53658 19.483 0.098 4.83 869.0
2452875.61544 19.465 0.134 6.10 928.0
2452875.69346 19.846 0.197 6.10 1016.0
2452876.49411 19.443 0.109 5.65 980.0
2452876.65169 19.482 0.102 4.55 911.0
2452877.52165 19.282 0.108 5.25 1051.0
2452877.65100 19.364 0.099 4.22 1052.0
2452878.49816 19.439 0.095 3.80 1083.0
2452878.56930 19.466 0.089 3.75 961.0
2452879.55333 19.400 0.094 4.17 945.0
2452880.70010 19.359 0.117 5.42 1038.0
2452881.65634 19.198 0.078 4.84 733.0
2452882.50044 19.182 0.099 6.18 970.0
2452883.58619 19.382 0.091 4.49 918.0
2452884.47633 19.228 0.122 5.52 1338.0
2452892.51419 19.165 0.124 6.30 1195.0
2452896.58101 19.525 0.103 3.60 1106.0
2452899.60441 19.378 0.100 4.66 900.0
2452905.54431 19.099 0.118 6.33 1162.0
2452909.51514 19.237 0.113 5.73 1082.0
2452912.53773 19.481 0.117 4.30 1170.0
2452921.59831 19.499 0.187 5.80 1602.0
2452926.56551 19.787 0.175 4.41 1202.0
2453040.88363 19.113 0.147 5.33 2231.0
2453044.85820 19.407 0.144 5.41 1264.0
2453046.86814 19.578 0.151 4.74 1283.0
2453047.85686 19.711 0.129 4.06 1090.0
2453055.87452 19.586 0.122 4.64 977.0
2453058.89269 19.526 0.105 3.57 1134.0
2453064.81324 19.643 0.167 5.41 1185.0
2453067.88666 19.390 0.083 3.70 903.0
2453070.84819 19.233 0.103 4.88 1169.0
2453070.89257 19.343 0.091 3.93 1055.0
2453071.87693 19.613 0.119 4.01 1069.0
2453073.80367 19.335 0.107 4.50 1127.0
2453075.84225 19.459 0.106 3.97 1159.0
2453079.88686 19.677 0.159 3.83 1935.0
2453082.86016 19.437 0.098 4.16 914.0
2453084.89946 19.568 0.082 3.52 824.0
2453086.83181 19.510 0.083 3.88 810.0
2453088.78930 19.393 0.073 3.63 765.0
2453089.89856 19.551 0.107 4.79 894.0
2453091.81875 19.424 0.086 4.09 818.0
2453096.85686 19.361 0.107 5.73 930.0
2453098.83736 19.599 0.096 3.97 893.0
2453100.79783 19.706 0.112 3.72 995.0
2453101.90434 19.392 0.107 5.15 1032.0
2453103.76910 19.624 0.110 3.41 1159.0
2453104.88363 19.234 0.265 4.81 7988.0
2453108.76167 19.579 0.096 3.61 955.0
2453109.79661 19.559 0.099 4.25 834.0
2453110.82828 19.656 0.113 4.50 908.0
2453112.77709 19.551 0.092 4.31 736.0
2453113.86686 19.474 0.095 5.28 779.0
2453114.77838 19.390 0.081 3.97 820.0
2453115.86120 19.574 0.102 4.89 843.0
2453116.91732 19.610 0.122 4.92 901.0
2453122.90439 19.220 0.101 5.66 983.0
2453125.86465 19.110 0.093 5.66 973.0
2453126.89027 19.231 0.083 4.32 1020.0
2453127.79578 19.313 0.095 4.15 1059.0
2453128.81415 19.666 0.120 4.56 1054.0
2453130.69216 19.352 0.117 3.89 1441.0
2453138.69522 19.524 0.128 5.23 917.0
2453139.86654 19.484 0.094 4.51 858.0
2453140.87225 19.338 0.094 4.94 864.0
2453140.90258 19.487 0.109 5.09 859.0
2453142.76055 19.698 0.115 4.52 869.0
2453144.78149 19.430 0.103 5.27 816.0
2453146.78130 19.491 0.118 6.18 801.0
2453151.74408 19.589 0.136 5.86 832.0
2453151.89676 19.586 0.136 5.37 928.0
2453152.74737 19.191 0.087 4.86 907.0
2453153.75212 19.593 0.145 6.27 878.0
2453154.81363 19.264 0.109 6.06 891.0
2453156.83333 19.255 0.094 4.66 1086.0
2453158.90401 19.281 0.157 6.11 1480.0
2453162.80832 19.372 0.107 4.57 1138.0
2453163.62123 19.266 0.077 3.88 828.0
2453163.64006 19.655 0.107 4.13 819.0
2453164.72995 19.535 0.114 4.95 891.0
2453165.75076 19.416 0.085 4.42 802.0
2453166.89589 19.588 0.178 5.95 1118.0
2453167.74876 19.260 0.113 6.53 835.0
2453168.74394 19.549 0.108 5.49 840.0
2453169.71984 19.211 0.083 4.55 847.0
2453170.79736 19.684 0.104 4.08 782.0
2453172.74707 19.352 0.082 4.77 739.0
2453174.70336 19.593 0.091 3.77 800.0
2453175.71330 19.271 0.075 4.02 898.0
2453177.75044 19.368 0.148 8.39 956.0
2453179.78676 19.728 0.131 4.95 850.0
2453180.71510 19.318 0.074 4.32 753.0
2453182.76659 19.381 0.097 5.18 793.0
2453183.73524 19.416 0.105 5.19 834.0
2453184.69303 19.431 0.082 4.09 811.0
2453185.74569 19.724 0.138 4.34 995.0
2453185.76592 19.380 0.111 4.80 989.0
2453185.82991 19.833 0.140 3.82 1042.0
2453185.87937 19.417 0.126 4.88 1204.0
2453186.62474 19.426 0.132 4.88 1304.0
2453190.63676 19.249 0.102 5.01 1045.0
2453191.77823 19.444 0.128 5.64 973.0
2453193.53123 19.398 0.098 4.53 885.0
2453194.58989 19.309 0.110 5.10 1101.0
2453195.63717 19.990 0.134 4.22 753.0
2453195.79485 19.923 0.132 3.69 888.0
2453196.55746 19.246 0.100 5.45 921.0
2453197.50783 19.368 0.083 3.76 923.0
2453199.61760 19.513 0.113 5.62 750.0
2453201.50944 19.477 0.098 4.50 909.0
2453202.47390 19.479 0.140 5.96 969.0
2453202.52602 19.683 0.109 4.32 825.0
2453202.56388 19.513 0.100 4.94 774.0
2453202.63017 19.319 0.095 5.38 867.0
2453202.75567 19.839 0.151 5.08 816.0
2453202.79234 19.559 0.116 4.65 894.0
2453202.82853 19.479 0.156 6.23 1038.0
2453203.46962 19.036 0.085 5.29 962.0
2453203.65337 19.437 0.100 4.82 795.0
2453204.64660 19.293 0.077 4.78 725.0
2453206.71223 19.478 0.098 4.84 730.0
2453207.66076 19.331 0.115 6.23 761.0
2453210.53961 19.769 0.178 6.36 978.0
2453211.57807 19.363 0.101 5.69 772.0
2453217.47623 19.449 0.117 3.69 1633.0
2453218.64498 19.573 0.142 4.79 1244.0
2453219.59333 19.040 0.116 6.83 1038.0
2453223.64623 19.288 0.142 7.29 895.0
2453224.69175 19.489 0.096 3.77 930.0
2453226.60906 19.302 0.121 6.94 712.0
2453228.59549 19.380 0.105 5.69 763.0
2453229.62796 19.310 0.086 4.78 768.0
2453230.66154 19.491 0.093 4.36 730.0
2453231.56488 19.305 0.103 5.61 846.0
2453232.59277 19.635 0.195 7.62 842.0
2453238.61386 19.411 0.104 4.93 857.0
2453240.67375 19.055 0.101 6.48 896.0
2453245.54852 19.899 0.146 3.63 1150.0
2453246.65224 19.528 0.141 5.32 1047.0
2453247.61839 19.188 0.098 5.05 1047.0
2453249.52031 19.504 0.128 5.82 802.0
2453250.65307 19.504 0.131 4.82 1131.0
2453251.49826 19.139 0.096 5.79 871.0
2453251.59855 19.535 0.099 4.01 790.0
2453251.64976 19.666 0.134 5.09 828.0
2453253.51737 19.511 0.125 5.98 734.0
2453256.63014 19.388 0.123 5.82 824.0
2453259.61960 19.061 0.088 5.89 828.0
2453264.52709 19.642 0.130 4.55 956.0
2453267.52620 19.070 0.101 6.21 1060.0
2453272.58162 19.556 0.143 5.40 1012.0
2453275.56458 19.261 0.131 6.03 1072.0
2453278.59349 19.349 0.125 5.37 950.0
2453281.60025 19.501 0.089 4.84 493.0
2453288.54008 19.325 0.082 4.63 562.0
2453293.51065 19.939 0.147 5.27 520.0
2453295.52085 19.969 0.132 5.04 442.0
2453299.52446 19.914 0.122 4.80 414.0
2453305.54167 19.553 0.146 4.57 1348.0
2453309.51660 19.214 0.115 4.90 1326.0
2453310.52622 19.552 0.167 5.09 1527.0
2453314.51011 19.311 0.178 6.67 1424.0
2453408.88462 19.454 0.126 5.47 967.0
2453410.88473 19.546 0.141 4.97 1094.0
2453413.88556 19.369 0.127 5.70 1012.0
2453421.89178 19.854 0.113 3.47 778.0
2453422.86168 19.472 0.116 5.25 802.0
2453426.85731 19.478 0.109 4.09 1043.0
2453429.83041 19.505 0.168 5.18 1554.0
2453432.88273 19.521 0.129 3.22 2173.0
2453442.88513 19.207 0.075 4.45 829.0
2453445.79797 19.482 0.078 3.58 724.0
2453447.84859 19.670 0.122 4.34 839.0
2453449.86122 19.648 0.121 4.90 756.0
2453452.88183 19.362 0.075 3.84 783.0
2453455.81607 19.339 0.106 4.64 1111.0
2453457.84953 19.509 0.098 3.89 915.0
2453459.84475 19.752 0.123 3.59 1115.0
2453469.78051 19.682 0.097 3.59 790.0
2453470.79348 19.409 0.082 4.03 730.0
2453472.75591 19.552 0.103 4.29 822.0
2453473.77571 19.416 0.100 4.91 790.0
2453474.77237 19.582 0.125 5.44 728.0
2453475.79793 19.690 0.104 4.16 733.0
2453477.75977 19.529 0.097 3.89 797.0
2453479.75860 19.666 0.089 3.34 742.0
2453480.71874 19.391 0.078 3.78 747.0
2453481.73667 19.424 0.095 4.51 832.0
2453482.67900 19.152 0.093 4.40 1190.0
2453496.71626 19.593 0.112 4.41 884.0
2453497.78781 19.444 0.132 5.93 918.0
2453498.91109 19.594 0.135 4.92 960.0
2453499.85893 19.505 0.091 4.07 780.0
2453500.72514 19.362 0.087 4.09 815.0
2453502.71742 19.517 0.084 3.42 840.0
2453503.68661 19.637 0.095 3.59 760.0
2453504.70133 19.494 0.107 4.68 730.0
2453506.74514 19.326 0.093 4.93 812.0
2453508.74935 19.598 0.122 4.96 852.0
2453509.72782 19.362 0.085 4.66 748.0
2453510.79760 19.401 0.092 4.53 812.0
2453511.83673 19.474 0.097 3.75 1056.0
2453512.70641 19.494 0.121 4.61 1082.0
2453517.68222 19.383 0.142 4.61 1921.0
2453520.75750 19.884 0.172 4.93 898.0
2453521.71471 19.639 0.093 3.37 918.0
2453522.74274 19.425 0.070 3.45 728.0
2453522.93395 19.578 0.125 4.25 1004.0
2453523.74723 19.603 0.078 3.29 743.0
2453524.89241 19.389 0.125 5.24 1022.0
2453525.74562 19.436 0.083 4.20 722.0
2453526.74905 19.404 0.100 4.83 829.0
2453528.66990 19.676 0.103 3.99 743.0
2453529.69227 19.121 0.051 4.19 441.0
2453530.60734 19.557 0.084 3.41 775.0
2453537.73817 20.047 0.168 5.00 732.0
2453538.52750 18.994 0.117 7.31 1005.0
2453538.55386 19.488 0.125 5.49 888.0
2453538.60102 19.631 0.129 5.23 833.0
2453538.63175 19.693 0.118 4.52 819.0
2453538.68725 19.439 0.085 4.23 816.0
2453538.73637 19.391 0.084 4.33 865.0
2453538.78384 19.447 0.090 4.32 865.0
2453538.81495 19.475 0.095 4.42 842.0
2453538.87524 20.013 0.210 5.16 1008.0
2453538.90769 19.726 0.194 5.79 1109.0
2453539.51083 19.174 0.129 6.06 1285.0
2453539.53042 20.012 0.292 7.05 1077.0
2453539.56304 19.764 0.155 5.12 952.0
2453539.59305 19.584 0.130 4.93 922.0
2453539.61593 19.474 0.155 4.90 1507.0
2453539.68199 19.211 0.088 4.42 1044.0
2453539.73745 19.460 0.088 4.17 845.0
2453539.80860 19.286 0.085 4.09 983.0
2453540.51620 19.157 0.129 5.92 1386.0
2453540.61626 19.414 0.109 4.73 952.0
2453540.73621 19.003 0.106 4.16 2389.0
2453540.83437 19.646 0.170 4.97 1368.0
2453541.63152 19.423 0.118 4.62 1174.0
2453541.78057 19.533 0.113 4.00 1112.0
2453542.56565 19.499 0.151 4.97 1464.0
2453542.83831 19.220 0.195 5.34 3375.0
2453544.61196 19.782 0.212 3.54 2830.0
2453544.72499 19.458 0.120 4.34 1325.0
2453546.84410 19.237 0.150 6.55 1097.0
2453547.80836 19.465 0.149 6.09 969.0
2453549.84020 19.030 0.084 5.09 956.0
2453550.63202 19.326 0.098 4.69 911.0
2453551.63161 19.640 0.095 4.07 785.0
2453552.66733 19.470 0.089 4.19 704.0
2453553.71738 19.365 0.117 5.41 906.0
2453554.65271 19.235 0.099 5.54 836.0
2453555.66479 19.219 0.089 5.68 716.0
2453556.67254 19.606 0.110 4.68 756.0
2453558.52735 19.288 0.099 4.86 937.0
2453558.82609 19.398 0.108 5.28 797.0
2453559.69603 19.412 0.095 4.67 757.0
2453560.59735 19.551 0.097 4.13 759.0
2453561.54511 19.206 0.075 3.64 954.0
2453562.58579 19.303 0.110 5.77 825.0
2453563.63648 19.794 0.103 3.57 694.0
2453564.57425 19.648 0.140 5.49 788.0
2453569.55961 19.498 0.159 4.58 1776.0
2453573.64605 19.857 0.188 5.22 1027.0
2453574.68595 19.402 0.098 4.33 920.0
2453575.53344 19.371 0.078 3.67 795.0
2453575.77005 19.468 0.104 4.23 928.0
2453576.68735 19.582 0.139 5.71 821.0
2453577.58745 19.204 0.097 5.67 747.0
2453578.67206 19.633 0.111 4.73 681.0
2453579.61750 19.451 0.088 4.39 729.0
2453580.65072 19.476 0.103 4.74 769.0
2453581.67061 19.443 0.081 3.85 701.0
2453582.64244 19.351 0.087 4.43 696.0
2453583.63288 19.221 0.073 4.49 656.0
2453584.64156 19.303 0.069 3.85 673.0
2453584.75615 19.650 0.134 5.32 757.0
2453585.63187 19.455 0.083 4.26 628.0
2453585.77460 19.563 0.109 4.99 673.0
2453586.46947 19.087 0.089 4.03 1352.0
2453586.56846 19.454 0.077 3.47 728.0
2453586.67493 19.517 0.082 3.40 739.0
2453586.71697 19.695 0.091 3.34 728.0
2453587.59338 19.623 0.171 6.97 773.0
2453587.64873 19.531 0.132 5.71 758.0
2453587.71438 19.382 0.114 5.80 767.0
2453589.49306 19.600 0.098 3.66 828.0
2453589.54506 19.356 0.074 3.63 757.0
2453589.67054 19.587 0.088 3.86 677.0
2453589.69740 19.438 0.084 4.07 722.0
2453590.65448 19.497 0.087 3.91 726.0
2453591.49752 19.462 0.097 4.31 815.0
2453591.54072 19.280 0.064 3.18 737.0
2453591.64564 19.385 0.077 3.45 825.0
2453591.67802 19.486 0.079 3.21 810.0
2453591.75825 19.498 0.100 4.29 838.0
2453592.75423 19.669 0.125 4.70 856.0
2453593.74495 19.715 0.140 4.65 1017.0
2453594.70716 19.762 0.165 5.48 839.0
2453601.65572 19.472 0.104 3.83 1135.0
2453601.72213 19.497 0.126 4.22 1385.0
2453602.61631 19.388 0.098 3.93 1104.0
2453603.63634 19.495 0.116 4.72 887.0
2453607.63470 19.270 0.083 4.67 731.0
2453609.63060 19.974 0.167 5.00 699.0
2453615.57781 19.368 0.095 5.37 718.0
2453618.57944 19.868 0.167 4.75 892.0
2453620.54264 19.359 0.076 3.91 744.0
2453622.52050 19.106 0.089 5.65 817.0
2453628.59671 19.022 0.099 5.23 1287.0
2453630.53603 19.599 0.184 5.99 1182.0
2453632.58615 19.450 0.127 4.69 1201.0
2453634.48675 19.210 0.104 5.87 844.0
2453639.54561 19.313 0.073 3.50 843.0
2453641.54407 19.391 0.132 5.50 996.0
2453644.50439 19.642 0.155 5.47 984.0
2453648.53623 19.574 0.141 5.73 878.0
2453650.57858 19.972 0.143 4.84 546.0
2453654.54028 19.926 0.239 4.15 1907.0
2453656.52150 19.543 0.126 3.92 1181.0
2453660.52593 19.416 0.144 4.91 1452.0
2453664.50273 19.574 0.121 3.84 1108.0
2453675.52524 19.698 0.175 4.66 1268.0
2453676.49774 19.297 0.170 4.88 2289.0
2453776.86666 19.634 0.145 5.64 896.0
2453782.85138 19.579 0.142 5.24 1001.0
2453786.89627 19.567 0.152 4.79 1310.0
2453788.84686 19.100 0.092 4.16 1412.0
2453790.88929 19.220 0.084 3.42 1291.0
2453793.85656 19.853 0.122 3.46 952.0
2453795.84399 19.744 0.138 4.30 1016.0
2453798.80720 19.617 0.117 4.42 845.0
2453799.83136 19.209 0.094 4.60 1125.0
2453800.82630 19.402 0.127 6.14 860.0
2453801.88578 19.221 0.085 4.69 837.0
2453802.85137 19.430 0.094 4.06 853.0
2453803.88664 19.701 0.112 3.84 880.0
2453805.80308 19.584 0.111 4.07 897.0
2453806.76939 19.619 0.132 4.98 958.0
2453807.78847 19.418 0.133 5.40 1097.0
2453808.79614 19.601 0.123 4.29 1078.0
2453809.88126 19.404 0.097 4.29 993.0
2453810.84788 19.627 0.108 3.75 1011.0
2453811.83947 19.530 0.109 4.36 876.0
2453812.83558 19.351 0.108 4.83 980.0
2453813.82552 19.252 0.074 3.70 926.0
2453814.82739 19.582 0.113 4.17 960.0
2453817.85893 19.490 0.102 3.72 1113.0
2453818.88802 19.611 0.099 3.91 802.0
2453819.80573 19.429 0.069 3.22 696.0
2453820.77237 19.394 0.078 3.74 755.0
2453821.77549 19.723 0.110 4.10 738.0
2453822.81491 19.392 0.091 4.29 786.0
2453822.86280 19.530 0.092 3.89 769.0
2453822.88373 19.294 0.074 4.01 756.0
2453822.91798 19.465 0.103 3.83 1108.0
2453823.74126 19.488 0.109 4.88 785.0
2453823.79522 19.567 0.095 4.14 727.0
2453823.83900 19.862 0.105 3.51 700.0
2453823.88712 19.599 0.095 4.29 724.0
2453823.92038 19.392 0.108 3.83 1558.0
2453824.74127 19.647 0.137 5.31 841.0
2453824.82034 19.176 0.108 6.27 834.0
2453824.86053 19.704 0.132 4.98 776.0
2453824.89538 19.828 0.155 5.14 785.0
2453825.80613 19.050 0.080 5.57 779.0
2453825.84993 19.495 0.103 4.68 772.0
2453825.88261 19.303 0.094 5.16 778.0
2453825.91910 19.621 0.146 4.84 1149.0
2453826.73466 18.896 0.063 6.21 453.0
2453826.77342 19.682 0.115 4.49 738.0
2453826.82792 19.500 0.106 4.88 729.0
2453827.76609 19.596 0.124 5.36 681.0
2453827.80246 19.694 0.104 4.19 677.0
2453827.85050 19.645 0.092 3.95 646.0
2453827.92210 19.536 0.099 4.24 866.0
2453828.75189 19.370 0.120 6.02 805.0
2453828.79947 19.696 0.153 5.55 777.0
2453828.86375 19.425 0.095 4.80 732.0
2453829.73331 19.782 0.127 4.34 740.0
2453829.77952 19.465 0.106 4.80 759.0
2453829.84867 19.617 0.102 4.28 712.0
2453829.89464 19.506 0.086 4.06 727.0
2453829.92346 19.666 0.128 3.64 1270.0
2453830.69453 19.880 0.172 4.95 975.0
2453830.70868 19.534 0.108 4.36 904.0
2453830.73142 19.473 0.092 3.91 846.0
2453830.74754 19.304 0.073 3.54 836.0
2453830.76319 19.370 0.081 3.68 824.0
2453830.77736 19.625 0.095 3.41 833.0
2453830.79213 19.524 0.101 4.11 839.0
2453830.80630 19.655 0.107 3.81 808.0
2453830.82027 19.734 0.108 3.87 779.0
2453830.83216 19.533 0.102 4.56 788.0
2453830.84383 19.407 0.076 3.77 773.0
2453830.85761 19.778 0.124 4.18 811.0
2453830.86987 19.731 0.110 3.82 812.0
2453830.88120 19.399 0.085 3.95 792.0
2453830.89251 19.236 0.065 3.70 752.0
2453830.90230 19.722 0.107 3.82 756.0
2453830.91349 19.384 0.080 4.18 754.0
2453830.92325 19.370 0.096 4.33 1005.0
2453830.92650 19.276 0.110 4.48 1476.0
2453831.69282 19.180 0.077 4.19 945.0
2453831.70232 19.416 0.087 3.93 890.0
2453831.71506 19.623 0.095 3.57 836.0
2453831.72433 19.529 0.080 3.24 835.0
2453831.72722 19.740 0.097 3.26 837.0
2453831.73049 19.552 0.081 3.19 839.0
2453831.73328 19.588 0.087 3.27 854.0
2453831.73606 19.444 0.075 3.18 853.0
2453831.73915 19.604 0.083 3.13 832.0
2453831.74194 19.568 0.079 3.06 848.0
2453831.74473 19.632 0.086 3.07 853.0
2453831.74789 19.656 0.088 3.05 857.0
2453831.75069 19.526 0.085 3.39 865.0
2453831.75349 19.487 0.083 3.40 862.0
2453831.75671 19.721 0.093 3.09 841.0
2453831.75945 19.769 0.099 3.22 830.0
2453831.76226 19.879 0.106 3.07 838.0
2453831.76573 19.654 0.083 3.08 823.0
2453831.76901 19.652 0.080 3.06 804.0
2453831.77236 19.568 0.074 3.06 795.0
2453831.77516 19.616 0.083 3.15 771.0
2453831.77794 19.499 0.072 3.09 767.0
2453831.78134 19.600 0.076 3.00 748.0
2453831.78451 19.534 0.074 3.09 773.0
2453831.78811 19.541 0.076 3.16 778.0
2453831.79136 19.359 0.070 3.37 801.0
2453831.79413 19.711 0.092 3.18 819.0
2453831.79693 19.534 0.082 3.25 824.0
2453831.80037 19.501 0.082 3.30 825.0
2453831.80352 19.778 0.101 3.34 808.0
2453831.80663 19.642 0.094 3.40 833.0
2453831.80942 19.465 0.078 3.39 820.0
2453831.81220 19.734 0.100 3.37 833.0
2453831.81540 19.591 0.097 3.78 835.0
2453831.81820 19.618 0.105 3.99 841.0
2453831.82100 19.988 0.134 3.61 825.0
2453831.82421 19.541 0.090 3.63 829.0
2453831.82701 19.424 0.087 3.92 828.0
2453831.82981 19.472 0.091 3.94 832.0
2453831.83338 19.411 0.085 4.00 832.0
2453831.83682 19.680 0.103 3.67 821.0
2453831.83960 19.681 0.102 3.81 812.0
2453831.84239 19.529 0.094 4.00 820.0
2453831.84590 19.676 0.102 3.56 823.0
2453831.84895 19.704 0.109 3.68 846.0
2453831.85173 19.354 0.086 4.08 860.0
2453831.85453 19.501 0.090 3.65 875.0
2453831.85733 19.521 0.094 3.82 859.0
2453831.86047 19.487 0.097 4.00 881.0
2453831.86326 19.442 0.091 4.10 856.0
2453831.86606 19.647 0.115 4.23 855.0
2453831.87571 19.585 0.097 3.80 820.0
2453831.88127 19.435 0.089 4.20 819.0
2453831.88685 19.664 0.103 3.89 810.0
2453831.89242 19.228 0.075 4.39 811.0
2453831.90378 19.574 0.095 4.07 811.0
2453831.91135 19.348 0.073 3.80 777.0
2453831.91778 19.600 0.090 3.50 793.0
2453831.92417 19.368 0.089 3.80 1029.0
2453831.92728 19.493 0.116 3.58 1441.0
2453831.93025 19.572 0.191 4.47 2298.0
2453832.69746 19.428 0.128 5.78 894.0
2453832.70964 19.384 0.103 4.99 837.0
2453832.73347 19.644 0.107 4.27 752.0
2453832.77960 19.330 0.076 3.90 718.0
2453832.82546 19.320 0.080 4.50 723.0
2453832.86883 19.572 0.103 4.43 746.0
2453832.91484 19.219 0.085 5.01 803.0
2453833.69203 19.329 0.105 5.25 932.0
2453833.71386 19.411 0.082 3.97 803.0
2453833.73818 19.486 0.080 3.90 696.0
2453833.78086 19.951 0.117 3.70 699.0
2453833.82362 19.472 0.071 3.34 708.0
2453833.84562 19.341 0.068 3.47 740.0
2453833.87403 19.725 0.106 3.66 799.0
2453833.90449 19.450 0.094 4.13 831.0
2453833.92084 19.453 0.099 4.08 936.0
2453834.69807 19.304 0.107 5.14 969.0
2453834.71734 19.679 0.143 5.01 906.0
2453834.74118 19.206 0.082 4.46 864.0
2453834.79019 19.543 0.085 3.57 752.0
2453834.87001 19.733 0.112 3.87 810.0
2453834.91248 19.505 0.114 4.92 862.0
2453835.70754 19.458 0.104 4.29 958.0
2453835.77773 19.741 0.118 4.11 787.0
2453835.85155 19.561 0.079 3.42 710.0
2453835.88133 19.587 0.081 3.58 708.0
2453835.92110 19.418 0.089 4.32 893.0
2453836.70365 19.669 0.188 6.16 1065.0
2453836.80968 19.230 0.080 4.40 878.0
2453836.84025 19.560 0.097 4.00 833.0
2453836.89700 19.435 0.086 4.11 804.0
2453837.70232 19.339 0.138 5.88 1103.0
2453837.73259 19.413 0.104 4.53 948.0
2453837.90433 19.586 0.095 3.87 903.0
2453838.74437 19.240 0.114 5.68 1002.0
2453838.91167 20.001 0.233 5.66 1055.0
2453839.74014 19.132 0.116 6.17 1074.0
2453839.81869 19.442 0.106 4.39 997.0
2453839.86286 20.040 0.241 5.72 1042.0
2453839.92328 19.350 0.107 4.83 1163.0
2453840.70612 19.143 0.099 4.93 1227.0
2453840.78725 20.009 0.161 3.80 1011.0
2453840.91107 19.806 0.147 4.46 1028.0
2453841.74464 19.416 0.105 4.28 1049.0
2453841.83337 19.659 0.125 4.15 1083.0
2453841.89524 19.430 0.107 4.20 1235.0
2453842.84722 19.494 0.102 3.82 1127.0
2453845.72015 19.043 0.139 5.23 2374.0
2453845.90886 19.627 0.189 5.12 1650.0
2453846.73085 19.729 0.106 3.63 759.0
2453846.91520 19.451 0.096 4.18 870.0
2453847.79698 19.264 0.111 5.99 839.0
2453848.75195 19.312 0.102 5.62 724.0
2453849.75102 19.520 0.096 3.97 777.0
2453849.92157 19.576 0.111 4.37 852.0
2453850.69508 19.670 0.103 3.61 785.0
2453850.86679 19.396 0.090 4.67 818.0
2453851.71023 19.711 0.134 4.93 791.0
2453851.87509 19.195 0.084 5.25 796.0
2453851.92125 19.630 0.131 5.12 840.0
2453852.69879 19.310 0.116 5.84 815.0
2453852.87008 19.352 0.095 5.05 756.0
2453853.68722 19.807 0.108 3.78 743.0
2453853.85556 19.514 0.083 3.94 681.0
2453853.92630 19.446 0.078 3.66 822.0
2453856.67728 19.435 0.085 3.42 904.0
2453856.84401 19.658 0.107 4.19 815.0
2453857.91495 19.378 0.088 4.17 867.0
2453858.76365 20.052 0.122 3.60 660.0
2453859.80186 19.272 0.072 4.18 699.0
2453860.67032 19.285 0.101 5.61 822.0
2453860.91020 19.703 0.145 5.24 896.0
2453861.66778 19.430 0.104 4.67 881.0
2453861.77301 19.503 0.089 4.06 725.0
2453862.70115 19.510 0.090 3.64 845.0
2453862.86513 19.583 0.102 4.14 917.0
2453863.63658 19.234 0.090 4.69 970.0
2453863.85422 19.553 0.085 3.76 723.0
2453863.93351 19.680 0.123 3.98 979.0
2453864.67711 19.321 0.094 4.44 874.0
2453864.86713 19.540 0.088 4.26 714.0
2453865.68793 19.543 0.108 4.14 909.0
2453865.82339 19.956 0.143 4.28 829.0
2453865.90139 19.666 0.110 4.55 790.0
2453866.68633 19.638 0.108 3.96 864.0
2453866.82582 19.606 0.106 4.23 794.0
2453866.90472 19.319 0.074 3.49 841.0
2453867.62923 19.870 0.220 4.37 1886.0
2453867.81489 19.422 0.115 4.27 1287.0
2453867.88795 19.416 0.094 3.93 1070.0
2453868.71231 19.611 0.139 3.96 1243.0
2453868.86399 19.189 0.108 5.26 1175.0
2453869.69210 19.563 0.109 3.33 1302.0
2453869.87310 19.742 0.169 4.25 1510.0
2453872.88947 19.585 0.117 4.20 1058.0
2453873.64441 19.662 0.116 4.17 837.0
2453873.78712 19.545 0.105 3.84 976.0
2453873.85985 19.546 0.119 5.28 850.0
2453873.92942 19.607 0.133 4.80 966.0
2453874.74408 19.383 0.104 5.25 764.0
2453875.65777 19.522 0.072 3.17 658.0
2453875.80525 19.346 0.070 3.64 767.0
2453875.90419 19.488 0.093 4.30 819.0
2453876.63502 19.587 0.096 4.25 676.0
2453877.63314 19.587 0.095 4.41 635.0
2453877.78382 19.525 0.083 4.08 700.0
2453877.85836 19.701 0.113 4.55 825.0
2453879.66460 19.932 0.105 3.70 573.0
2453880.83400 19.509 0.118 5.42 828.0
2453880.91278 19.634 0.128 4.81 898.0
2453881.66319 19.587 0.095 3.82 805.0
2453881.87469 19.960 0.135 3.98 837.0
2453881.92144 19.757 0.118 3.58 993.0
2453882.75148 19.833 0.133 4.22 754.0
2453882.82572 19.461 0.101 4.59 848.0
2453882.89458 19.367 0.078 3.72 823.0
2453883.64089 19.506 0.113 4.90 819.0
2453883.83854 19.318 0.074 4.21 770.0
2453886.60296 19.516 0.107 4.58 869.0
2453886.79572 19.518 0.094 4.78 682.0
2453886.86759 19.583 0.128 5.57 759.0
2453887.57628 19.239 0.087 4.84 882.0
2453887.77883 19.595 0.096 4.47 691.0
2453887.87851 19.354 0.086 4.46 818.0
2453889.65877 19.450 0.089 4.44 702.0
2453889.93701 19.649 0.128 4.43 1003.0
2453890.63801 20.039 0.146 3.64 842.0
2453891.66836 19.677 0.108 4.25 759.0
2453891.79664 19.269 0.093 5.12 802.0
2453891.87862 19.376 0.095 4.42 842.0
2453892.56996 19.302 0.107 5.13 1063.0
2453892.93307 19.680 0.169 5.91 930.0
2453893.61937 19.609 0.123 4.81 850.0
2453894.67263 19.472 0.126 6.08 738.0
2453896.61021 19.312 0.130 5.77 1109.0
2453900.53154 19.774 0.215 5.76 1359.0
2453900.71721 19.388 0.166 3.63 1200.0
2453900.79651 19.714 0.136 3.59 4360.0
2453900.86518 19.536 0.111 4.28 1032.0
2453901.54164 19.471 0.102 4.52 860.0
2453901.72296 19.422 0.104 4.85 839.0
2453901.80026 18.971 0.078 5.52 861.0
2453901.86919 19.620 0.121 4.24 979.0
2453902.56432 19.202 0.077 4.48 756.0
2453902.74384 19.935 0.143 4.42 817.0
2453902.86280 19.944 0.194 5.18 1002.0
2453903.65200 19.505 0.106 4.53 834.0
2453903.89770 19.640 0.148 4.99 1045.0
2453904.55258 19.544 0.087 3.68 795.0
2453904.71569 19.725 0.107 3.73 810.0
2453904.78472 19.623 0.103 4.26 758.0
2453904.88687 19.548 0.110 4.09 944.0
2453905.54940 19.248 0.072 3.75 821.0
2453905.72600 19.563 0.088 3.81 772.0
2453905.79609 19.456 0.075 3.51 785.0
2453905.86464 19.512 0.090 3.50 934.0
2453906.56391 19.281 0.095 4.79 854.0
2453906.70373 19.451 0.092 4.26 740.0
2453906.77686 19.233 0.084 4.69 751.0
2453906.85606 19.754 0.132 4.15 847.0
2453907.59466 19.519 0.110 5.05 741.0
2453907.77690 19.686 0.166 6.34 775.0
2453908.53081 19.696 0.131 4.17 1021.0
2453908.71642 19.201 0.079 4.41 796.0
2453908.79650 19.402 0.088 4.45 734.0
2453908.87610 19.428 0.100 4.38 885.0
2453909.53255 19.436 0.113 4.76 957.0
2453909.71536 19.589 0.079 3.87 628.0
2453909.80585 19.762 0.107 4.05 693.0
2453909.88209 19.717 0.136 4.54 910.0
2453910.56201 19.422 0.110 4.88 883.0
2453912.53181 19.480 0.068 3.08 841.0
2453912.71911 19.652 0.083 3.96 629.0
2453912.81298 19.482 0.080 4.16 648.0
2453913.52327 19.671 0.091 3.15 795.0
2453913.72868 19.404 0.087 4.30 730.0
2453913.81763 19.541 0.084 3.49 746.0
2453914.54703 19.193 0.087 5.06 822.0
2453915.52479 19.306 0.090 4.38 879.0
2453915.72677 19.382 0.084 4.96 670.0
2453915.82500 19.680 0.104 4.16 699.0
2453916.56350 19.345 0.113 5.84 793.0
2453916.80737 19.470 0.111 5.53 737.0
2453917.55117 20.092 0.183 4.88 726.0
2453917.81791 19.545 0.133 5.47 875.0
2453918.59191 19.609 0.106 4.17 791.0
2453918.81566 19.386 0.114 5.52 835.0
2453919.54241 19.291 0.105 4.91 949.0
2453919.75241 19.670 0.108 4.87 633.0
2453920.51012 19.236 0.081 4.22 812.0
2453920.70621 19.669 0.130 5.31 783.0
2453920.79156 19.449 0.084 3.96 775.0
2453921.50629 19.359 0.095 3.92 991.0
2453921.70554 18.828 0.087 6.71 841.0
2453921.72000 19.083 0.108 6.91 856.0
2453922.70997 19.181 0.104 6.35 789.0
2453930.53762 19.461 0.093 3.83 818.0
2453930.78501 19.523 0.152 5.90 986.0
2453931.49555 19.086 0.092 5.49 958.0
2453931.82270 19.447 0.130 5.27 1085.0
2453932.52644 19.306 0.086 4.06 887.0
2453932.79819 19.333 0.108 5.10 909.0
2453933.51288 19.161 0.074 4.08 875.0
2453933.69729 18.989 0.055 4.26 705.0
2453933.76931 19.699 0.119 4.40 815.0
2453934.48675 19.491 0.104 4.26 892.0
2453934.65679 19.485 0.081 4.13 663.0
2453934.72662 19.600 0.090 4.00 707.0
2453935.53665 19.627 0.111 4.48 767.0
2453935.70795 19.325 0.112 6.41 726.0
2453935.80551 19.357 0.101 4.65 901.0
2453936.49004 19.350 0.109 5.09 861.0
2453936.65553 19.511 0.099 4.70 769.0
2453936.73190 19.721 0.143 4.42 918.0
2453937.55431 18.971 0.095 6.83 740.0
2453938.49782 19.142 0.095 5.18 909.0
2453940.57805 19.747 0.102 3.85 741.0
2453941.69904 19.319 0.116 6.69 674.0
2453944.55038 19.512 0.107 5.29 785.0
2453945.51209 19.272 0.092 5.15 823.0
2453945.77859 19.862 0.150 4.86 775.0
2453946.50948 19.487 0.117 5.28 813.0
2453946.70167 19.515 0.105 5.02 687.0
2453950.51836 19.597 0.105 4.43 775.0
2453950.73340 19.219 0.081 5.00 725.0
2453951.51106 19.609 0.128 4.74 839.0
2453951.74233 19.275 0.141 5.67 1360.0
2453956.56358 19.015 0.099 6.12 1011.0
2453957.50269 19.891 0.217 5.33 1275.0
2453958.57350 19.220 0.086 4.83 845.0
2453959.50625 19.206 0.087 5.18 802.0
2453959.68067 19.697 0.125 4.49 853.0
2453960.49552 19.604 0.104 4.17 784.0
2453960.67458 19.556 0.084 3.43 787.0
2453961.56682 19.414 0.117 5.16 902.0
2453963.52813 19.623 0.115 4.88 733.0
2453963.70552 19.263 0.093 5.35 721.0
2453964.52323 19.168 0.066 3.91 767.0
2453964.72811 19.357 0.091 4.77 729.0
2453965.50767 19.461 0.081 3.85 732.0
2453965.69897 19.493 0.084 3.80 706.0
2453966.48285 19.176 0.088 4.89 890.0
2453966.68461 19.389 0.096 4.78 726.0
2453967.51722 19.325 0.119 5.83 788.0
2453967.71002 19.857 0.139 4.72 704.0
2453968.49534 19.634 0.147 5.76 896.0
2453968.57205 19.425 0.105 5.51 755.0
2453968.66525 19.562 0.112 4.70 745.0
2453969.47696 19.228 0.098 5.85 811.0
2453969.67764 19.445 0.120 5.87 707.0
2453970.50608 19.752 0.174 6.33 784.0
2453970.68464 19.686 0.121 4.88 700.0
2453971.54996 19.061 0.090 5.92 727.0
2453973.56806 19.615 0.147 6.47 678.0
2453974.50540 19.496 0.122 5.51 777.0
2453974.68840 19.390 0.116 5.95 759.0
2453975.50832 19.380 0.093 4.92 765.0
2453975.68018 19.413 0.111 5.45 803.0
2453976.50287 19.412 0.080 4.12 754.0
2453976.67889 19.481 0.133 5.86 898.0
2453979.50514 19.117 0.167 6.60 2024.0
2453982.56575 19.498 0.111 4.61 919.0
2453983.51944 18.937 0.115 5.11 1840.0
2453986.58020 19.438 0.122 5.07 934.0
2453987.50256 20.028 0.192 5.35 808.0
2453988.50840 19.510 0.095 4.61 719.0
2453989.52606 19.431 0.112 5.12 809.0
2453989.59339 19.530 0.141 5.48 847.0
2453989.65912 19.424 0.143 6.37 939.0
2453990.54287 19.101 0.092 6.06 773.0
2453990.60769 19.711 0.152 5.69 781.0
2453990.63502 19.555 0.124 5.09 847.0
2453990.66921 19.324 0.109 5.27 979.0
2453991.49865 19.634 0.158 6.40 804.0
2453991.64194 19.258 0.104 5.97 776.0
2453993.55037 19.858 0.163 5.60 728.0
2453994.56103 19.278 0.105 5.69 825.0
2453995.56860 19.683 0.116 4.74 755.0
2453999.58387 19.444 0.104 4.43 788.0
2454002.49208 19.174 0.080 4.52 804.0
2454003.48958 19.334 0.084 4.55 816.0
2454004.52370 19.933 0.133 3.76 832.0
2454006.51665 19.604 0.120 4.62 824.0
2454012.49654 19.189 0.121 6.85 926.0
2454016.51218 19.261 0.109 5.54 964.0
2454018.54847 19.410 0.124 4.96 915.0
2454020.53521 19.573 0.148 5.77 835.0
2454023.53555 19.596 0.152 5.03 1166.0
2454025.55494 19.758 0.167 5.13 1017.0
2454028.49433 19.877 0.208 5.58 1031.0
2454031.49442 19.214 0.126 5.74 1276.0
2454038.49978 19.815 0.247 6.19 1240.0
2454040.51413 19.811 0.226 5.94 1163.0
2454043.50658 19.340 0.147 5.09 1532.0
2454141.87425 19.420 0.115 4.32 1229.0
2454143.89158 19.221 0.162 4.61 3136.0
2454150.88943 19.721 0.155 5.12 1149.0
2454153.87732 19.437 0.111 5.09 1014.0
2454156.85575 19.545 0.145 5.77 1046.0
2454158.87533 19.390 0.117 5.65 1109.0
2454161.84330 19.437 0.143 5.69 1297.0
2454163.80945 19.551 0.127 3.85 1625.0
2454163.82618 19.486 0.121 3.99 1573.0
2454165.80755 19.074 0.127 5.75 1651.0
2454168.80086 19.569 0.135 4.34 1327.0
2454170.79671 19.660 0.273 4.48 4553.0
2454175.78733 19.197 0.106 5.75 1042.0
2454176.89869 19.515 0.097 3.90 985.0
2454178.80243 19.540 0.114 4.68 933.0
2454179.84679 19.385 0.091 3.88 991.0
2454181.78315 19.493 0.118 5.22 957.0
2454182.82815 19.504 0.095 4.22 878.0
2454183.86427 19.485 0.115 5.21 949.0
2454184.90489 19.548 0.098 4.50 829.0
2454189.83630 19.139 0.107 6.21 973.0
2454191.80518 19.275 0.125 5.98 1146.0
2454193.73955 19.176 0.137 6.05 1483.0
2454194.78508 19.398 0.110 4.75 1097.0
2454196.77521 19.584 0.154 5.39 1214.0
2454202.75669 19.415 0.101 4.85 1079.0
2454203.74471 19.552 0.088 3.87 864.0
2454204.73698 19.478 0.106 4.46 1015.0
2454204.91930 19.517 0.093 3.67 976.0
2454205.73353 19.578 0.115 4.96 846.0
2454207.72299 19.459 0.107 4.78 1000.0
2454208.74507 19.586 0.122 5.24 922.0
2454211.78923 19.386 0.117 5.62 900.0
2454212.86641 19.421 0.141 6.41 901.0
2454213.70960 19.617 0.150 5.98 947.0
2454213.91318 19.581 0.103 3.88 989.0
2454215.74231 19.635 0.137 5.40 930.0
2454216.70011 19.420 0.115 5.18 1014.0
2454216.92447 19.638 0.136 4.92 1005.0
2454217.70755 19.575 0.104 4.00 1003.0
2454217.91117 19.435 0.082 3.70 947.0
2454218.75716 18.943 0.079 5.33 959.0
2454219.75533 19.512 0.115 4.96 925.0
2454220.70006 19.296 0.113 5.64 1045.0
2454222.66603 19.542 0.171 5.66 1446.0
2454222.91352 19.480 0.117 4.32 1287.0
2454224.78224 19.770 0.153 4.09 1382.0
2454228.67769 19.677 0.129 4.26 1142.0
2454228.91127 19.277 0.115 5.41 1274.0
2454229.67133 19.476 0.127 5.39 1047.0
2454229.86831 19.356 0.101 4.67 1094.0
2454229.93550 19.549 0.136 4.58 1390.0
2454230.68107 19.760 0.137 4.80 920.0
2454230.86912 19.420 0.112 4.79 1052.0
2454230.93399 19.532 0.185 6.06 1346.0
2454231.62340 19.233 0.103 5.08 1097.0
2454231.76761 19.542 0.117 4.44 1066.0
2454231.89179 19.617 0.138 4.74 1113.0
2454231.93490 19.515 0.144 4.76 1441.0
2454232.67545 19.587 0.175 5.98 1175.0
2454232.83648 19.331 0.152 6.34 1210.0
2454233.80725 19.403 0.139 5.95 1061.0
2454234.70891 19.647 0.137 5.09 981.0
2454235.63696 19.912 0.173 4.59 1136.0
2454235.79816 19.540 0.101 4.16 933.0
2454235.89058 19.418 0.100 4.28 1006.0
2454238.62283 19.098 0.135 7.40 1183.0
2454238.87527 19.235 0.102 5.06 1200.0
2454239.62372 19.472 0.127 5.42 1001.0
2454240.67695 19.479 0.101 4.46 915.0
2454240.81133 19.330 0.100 5.10 945.0
2454243.64276 19.669 0.149 5.24 1022.0
2454243.73547 19.521 0.140 5.97 945.0
2454243.82923 19.596 0.142 5.42 1006.0
2454244.61516 19.499 0.167 6.31 1140.0
2454244.71136 19.597 0.111 4.21 976.0
2454244.80419 19.293 0.104 5.04 1051.0
2454244.91602 19.574 0.133 4.56 1174.0
2454245.60820 19.299 0.100 5.59 798.0
2454245.70212 19.555 0.094 4.15 822.0
2454245.79797 19.552 0.098 4.39 839.0
2454246.66654 19.569 0.127 5.13 970.0
2454246.75941 19.674 0.156 5.69 983.0
2454246.85272 19.514 0.126 4.98 1127.0
2454247.68174 19.628 0.125 4.65 1048.0
2454247.82259 19.552 0.112 4.88 953.0
2454250.72988 19.424 0.116 4.51 1227.0
2454251.80147 19.354 0.201 5.99 2144.0
2454256.61760 19.465 0.131 5.27 1149.0
2454256.76362 19.692 0.173 5.58 1152.0
2454256.86143 19.272 0.165 6.76 1438.0
2454257.64927 19.566 0.150 5.48 1098.0
2454258.63292 19.594 0.165 6.41 988.0
2454258.75541 19.461 0.116 5.08 1025.0
2454258.84951 19.554 0.148 5.59 1141.0
2454267.59350 19.354 0.114 5.34 1008.0
2454268.55670 19.021 0.092 6.11 866.0
2454268.83957 19.272 0.098 4.78 1078.0
2454269.57593 19.454 0.114 4.92 1000.0
2454269.69646 19.310 0.084 4.45 825.0
2454269.78570 19.180 0.073 4.37 805.0
2454270.56946 19.413 0.113 4.74 1112.0
2454272.59781 19.810 0.126 3.65 1068.0
2454272.74695 19.376 0.088 4.34 887.0
2454272.80620 19.523 0.106 4.14 949.0
2454272.87774 19.483 0.157 5.49 1411.0
2454273.61494 19.510 0.160 6.40 1056.0
2454273.79560 19.620 0.166 5.58 1291.0
2454273.85674 19.652 0.184 5.68 1431.0
2454274.54757 19.255 0.109 4.98 1236.0
2454274.69991 19.515 0.126 4.90 1087.0
2454274.76248 19.621 0.141 4.97 1097.0
2454274.82088 19.530 0.134 5.04 1144.0
2454275.60002 19.480 0.105 4.41 1037.0
2454275.77537 19.225 0.102 4.67 1241.0
2454275.83384 19.727 0.187 5.26 1391.0
2454276.58481 19.604 0.141 5.11 1065.0
2454277.52860 19.233 0.128 5.41 1400.0
2454277.70549 19.568 0.120 4.46 1055.0
2454277.76419 19.574 0.151 5.62 1094.0
2454277.82283 19.407 0.157 6.33 1276.0
2454278.57236 19.546 0.175 5.93 1317.0
2454278.74964 19.532 0.149 5.49 1149.0
2454278.82870 19.391 0.159 5.57 1405.0
2454283.50801 19.010 0.097 4.76 1542.0
2454283.72834 19.341 0.134 4.93 1422.0
2454284.50297 19.472 0.136 4.79 1232.0
2454284.69312 19.290 0.106 4.56 1174.0
2454284.75590 19.778 0.156 4.45 1196.0
2454284.81484 19.509 0.145 4.75 1412.0
2454285.50605 19.154 0.127 5.85 1329.0
2454285.69418 19.986 0.218 5.84 1073.0
2454285.76062 19.570 0.115 4.30 992.0
2454285.82594 19.355 0.124 5.42 1171.0
2454286.50575 19.376 0.134 5.36 1332.0
2454286.80293 19.524 0.159 4.75 1804.0
2454289.51356 19.072 0.108 6.09 1114.0
2454289.73212 19.246 0.105 5.56 1044.0
2454289.79724 19.764 0.158 4.91 1067.0
2454290.55988 19.280 0.119 6.31 929.0
2454291.62250 19.744 0.123 4.19 926.0
2454291.78520 19.358 0.134 6.52 980.0
2454292.48816 19.544 0.110 4.11 1102.0
2454292.66732 19.555 0.121 5.34 954.0
2454292.72592 19.496 0.094 4.10 923.0
2454292.78445 19.512 0.094 3.89 986.0
2454293.48847 19.232 0.088 4.42 1028.0
2454293.71307 19.609 0.118 5.04 860.0
2454294.48765 19.550 0.118 4.40 1095.0
2454295.49476 19.718 0.136 4.84 950.0
2454295.69278 19.461 0.084 4.29 756.0
2454295.75137 19.674 0.100 4.08 748.0
2454296.49173 19.301 0.096 4.45 1014.0
2454296.68443 19.458 0.092 4.71 783.0
2454296.81270 19.469 0.132 6.02 917.0
2454297.51134 19.347 0.109 5.17 950.0
2454297.71294 19.417 0.090 4.69 782.0
2454298.54621 19.798 0.185 6.40 883.0
2454298.65195 19.622 0.128 5.42 789.0
2454298.75155 19.028 0.090 6.21 875.0
2454299.52924 19.432 0.094 4.46 877.0
2454299.62223 19.375 0.084 4.53 788.0
2454299.71442 19.642 0.114 4.71 778.0
2454299.80517 19.375 0.125 6.41 868.0
2454300.52491 19.072 0.076 4.53 902.0
2454300.64499 19.264 0.079 4.40 800.0
2454300.74051 19.786 0.142 4.91 864.0
2454301.51578 19.578 0.111 4.13 1056.0
2454301.61155 19.732 0.111 4.03 903.0
2454301.71129 19.488 0.103 5.14 860.0
2454301.80251 19.518 0.097 4.33 847.0
2454302.58876 19.422 0.108 4.87 873.0
2454302.68896 19.375 0.112 5.83 865.0
2454303.67480 19.291 0.115 6.43 829.0
2454304.54890 19.361 0.126 5.19 1285.0
2454304.65959 19.698 0.236 6.89 1229.0
2454306.63285 19.585 0.133 5.10 1052.0
2454306.68565 19.264 0.108 5.73 1029.0
2454310.61207 19.482 0.144 4.15 1721.0
2454311.76074 19.421 0.189 6.31 1769.0
2454312.54435 19.375 0.132 5.14 1435.0
2454312.74280 19.683 0.131 4.57 1082.0
2454315.63534 19.589 0.159 5.78 1108.0
2454316.70852 19.295 0.105 5.12 1029.0
2454317.55659 19.501 0.098 4.37 868.0
2454319.51385 19.326 0.115 5.43 1017.0
2454319.76870 19.316 0.108 5.21 1017.0
2454320.54067 19.784 0.139 4.49 899.0
2454320.59554 19.352 0.105 5.48 889.0
2454320.77207 19.277 0.132 6.37 1034.0
2454326.50790 19.378 0.109 5.21 957.0
2454326.70510 19.403 0.128 6.36 872.0
2454327.58629 19.142 0.111 6.57 925.0
2454327.72759 19.246 0.131 6.76 1032.0
2454328.51309 19.361 0.122 5.22 1117.0
2454328.69113 19.118 0.099 5.66 1038.0
2454329.52309 19.280 0.104 5.41 972.0
2454329.67097 19.465 0.132 6.06 955.0
2454330.49401 19.747 0.150 5.03 987.0
2454330.68727 19.725 0.135 4.58 911.0
2454331.47409 19.548 0.186 6.20 1390.0
2454331.68295 19.519 0.150 6.57 906.0
2454332.50388 19.500 0.105 4.38 976.0
2454333.52495 19.537 0.138 5.09 1096.0
2454333.68609 19.607 0.139 5.10 1007.0
2454338.49820 19.500 0.137 4.29 1521.0
2454339.47556 19.876 0.239 5.37 1768.0
2454339.69197 19.654 0.197 5.92 1388.0
2454340.59585 19.156 0.099 5.05 1291.0
2454341.49886 19.509 0.171 6.44 1260.0
2454342.52808 19.317 0.106 4.98 1036.0
2454343.50688 19.729 0.114 3.76 1038.0
2454344.53510 19.345 0.137 5.83 1114.0
2454345.49997 19.577 0.111 4.58 1028.0
2454346.51297 19.832 0.172 5.00 1088.0
2454347.52770 19.453 0.124 5.41 944.0
2454349.48892 19.537 0.150 5.79 1021.0
2454350.53598 19.109 0.080 4.50 1000.0
2454351.50187 19.472 0.105 4.28 951.0
2454352.55243 19.276 0.127 6.42 1034.0
2454353.50579 19.349 0.097 4.43 1075.0
2454354.53451 19.616 0.117 4.41 1041.0
2454355.53613 19.302 0.098 4.56 1058.0
2454356.50250 19.547 0.127 4.89 989.0
2454357.53158 19.635 0.170 6.29 1034.0
2454358.49461 19.102 0.114 6.70 1104.0
2454359.53217 19.434 0.116 5.18 1004.0
2454360.51960 19.503 0.163 6.52 1042.0
2454361.56492 19.475 0.184 6.80 1239.0
2454362.50666 19.497 0.146 4.82 1646.0
2454365.55748 19.826 0.255 6.36 1355.0
2454367.48358 19.624 0.145 4.75 1441.0
2454368.52723 19.366 0.147 5.95 1267.0
2454369.60659 19.408 0.193 6.61 1597.0
2454370.48450 19.116 0.111 5.53 1361.0
2454371.52966 19.357 0.100 4.39 1155.0
2454372.51542 19.419 0.090 4.00 998.0
2454373.48991 19.354 0.138 5.68 1215.0
2454376.56630 19.449 0.156 6.11 1156.0
2454377.60358 19.745 0.188 5.90 1099.0
2454378.51410 19.309 0.105 5.50 985.0
2454379.52915 19.707 0.203 6.45 1093.0
2454380.54064 19.459 0.117 4.80 1050.0
2454381.51930 19.118 0.125 6.25 1270.0
2454382.56131 19.401 0.130 5.27 1196.0
2454383.55241 19.526 0.158 5.68 1275.0
2454384.52658 19.326 0.126 5.90 1050.0
2454387.58054 19.344 0.122 5.48 1183.0
2454393.52643 19.454 0.121 4.59 1270.0
2454394.54178 19.231 0.108 4.83 1353.0
2454395.51318 19.264 0.129 5.73 1360.0
2454396.50517 19.396 0.165 5.81 1540.0
2454397.52950 19.331 0.127 5.03 1590.0
2454398.53441 19.453 0.145 4.84 1555.0
2454399.52707 19.399 0.161 5.76 1487.0
2454400.52917 19.369 0.173 6.08 1738.0
2454402.54558 19.564 0.200 6.64 1305.0
2454403.54462 19.464 0.174 5.98 1319.0
2454407.52056 19.319 0.151 6.65 1220.0
2454507.85096 19.531 0.152 5.95 1069.0
2454510.85622 19.262 0.113 5.61 1069.0
2454513.85736 19.248 0.085 4.42 969.0
2454517.85647 19.265 0.170 7.02 1373.0
2454519.87741 19.598 0.121 4.88 998.0
2454522.87132 19.528 0.146 5.65 1105.0
2454524.80722 19.563 0.138 4.67 1250.0
2454530.81482 19.451 0.092 3.96 970.0
2454533.84845 19.422 0.113 5.33 875.0
2454535.80187 19.295 0.121 6.44 881.0
2454536.89110 19.475 0.099 4.69 853.0
2454537.87675 19.535 0.096 4.64 774.0
2454538.81187 19.508 0.123 4.91 980.0
2454539.84992 19.477 0.113 5.46 830.0
2454540.79607 19.471 0.093 3.96 972.0
2454541.78880 19.316 0.081 4.38 856.0
2454542.78349 19.209 0.112 6.59 947.0
2454543.77903 19.697 0.140 5.13 960.0
2454544.77593 19.447 0.127 5.34 1099.0
2454545.78221 19.512 0.117 4.56 1094.0
2454546.78936 19.551 0.136 5.47 1106.0
2454547.78333 19.790 0.154 4.49 1188.0
2454548.79431 19.330 0.128 5.61 1157.0
2454550.73734 19.307 0.135 6.23 1149.0
2454551.76054 19.319 0.101 4.65 1120.0
2454552.75644 19.631 0.261 4.96 3373.0
2454556.75256 19.555 0.100 4.53 816.0
2454557.76983 19.579 0.122 5.32 832.0
2454558.74677 19.551 0.098 4.49 813.0
2454558.91653 19.414 0.090 3.64 1017.0
2454559.74466 19.440 0.093 4.70 757.0
2454560.74477 19.465 0.108 5.24 741.0
2454561.73482 19.300 0.091 4.94 846.0
2454561.92101 19.678 0.132 3.83 1229.0
2454564.72502 19.424 0.094 4.78 793.0
2454564.92553 19.914 0.178 4.68 1058.0
2454565.72309 19.477 0.085 4.15 801.0
2454565.91395 19.613 0.078 3.11 807.0
2454566.72257 19.537 0.109 5.14 808.0
2454566.91943 19.542 0.085 3.19 897.0
2454567.71554 19.545 0.127 5.42 895.0
2454567.92144 19.543 0.103 3.58 1063.0
2454568.72145 19.075 0.080 5.11 870.0
2454569.73047 19.796 0.184 6.60 842.0
2454570.72389 19.508 0.133 5.91 915.0
2454571.71852 19.213 0.126 6.96 961.0
2454571.90711 19.822 0.129 4.20 828.0
2454572.74601 19.454 0.107 5.04 904.0
2454573.73441 19.380 0.098 4.65 996.0
2454573.90077 19.652 0.096 3.75 767.0
2454574.73680 19.420 0.132 5.64 1043.0
2454575.74229 19.540 0.112 4.09 1072.0
2454576.75240 19.680 0.124 3.98 1178.0
2454577.83408 19.554 0.111 4.01 1059.0
2454578.78513 19.241 0.146 6.80 1138.0
2454579.86203 19.264 0.146 4.68 2368.0
2454583.72884 19.622 0.153 5.46 1031.0
2454583.91498 19.524 0.111 4.73 919.0
2454585.75258 19.369 0.124 6.23 894.0
2454586.77776 19.524 0.125 5.41 890.0
2454587.76544 19.444 0.114 5.33 875.0
2454587.92403 19.021 0.100 6.00 1055.0
2454588.68795 19.745 0.160 5.45 926.0
2454588.91884 19.564 0.103 3.84 938.0
2454589.67089 19.414 0.111 5.30 926.0
2454589.82630 19.418 0.100 4.80 845.0
2454589.88829 19.676 0.140 4.91 916.0
2454590.69049 19.225 0.100 5.37 985.0
2454590.89615 19.333 0.087 3.84 1024.0
2454591.70215 19.388 0.115 5.32 1017.0
2454591.82705 19.537 0.107 4.43 947.0
2454591.89416 19.773 0.150 4.52 1054.0
2454592.66075 19.447 0.122 5.16 1191.0
2454592.85004 19.406 0.122 4.50 1183.0
2454592.92836 19.555 0.140 4.50 1331.0
2454593.64992 19.582 0.140 5.31 989.0
2454593.85961 19.342 0.088 3.90 982.0
2454593.94178 19.565 0.230 4.12 4041.0
2454594.67097 19.185 0.100 5.88 920.0
2454594.86596 19.523 0.113 4.42 982.0
2454594.93148 19.742 0.149 4.77 1034.0
2454595.66048 19.596 0.125 5.33 899.0
2454595.85485 19.537 0.110 4.78 830.0
2454595.91674 19.310 0.098 4.92 878.0
2454596.65567 19.348 0.103 5.22 892.0
2454597.68013 19.341 0.098 5.23 822.0
2454597.87164 19.593 0.119 4.35 964.0
2454598.65642 19.438 0.078 3.92 742.0
2454598.92509 19.546 0.107 3.96 1002.0
2454599.62885 19.036 0.098 5.82 1038.0
2454599.91943 19.580 0.142 5.19 978.0
2454600.63812 19.573 0.097 4.26 821.0
2454600.84684 19.454 0.087 3.62 891.0
2454601.64370 19.262 0.082 4.21 982.0
2454601.85993 19.421 0.080 3.75 791.0
2454601.92178 19.326 0.099 5.35 826.0
2454602.63634 19.534 0.098 4.09 936.0
2454602.84575 19.515 0.093 3.80 874.0
2454603.76378 19.446 0.116 5.25 917.0
2454606.63762 19.598 0.136 4.26 1403.0
2454606.88897 19.414 0.114 3.93 1515.0
2454610.73377 19.883 0.137 3.77 1075.0
2454610.94100 19.339 0.129 4.69 1714.0
2454611.62311 19.575 0.155 5.49 1118.0
2454611.81395 19.533 0.100 3.62 1059.0
2454612.64448 19.487 0.156 5.77 1187.0
2454615.78621 19.352 0.110 4.96 1013.0
2454616.59523 19.907 0.212 5.95 1051.0
2454616.81174 19.745 0.129 4.45 862.0
2454616.88170 19.463 0.116 4.61 1085.0
2454617.66147 19.593 0.121 5.12 893.0
2454618.60696 19.335 0.104 5.18 943.0
2454621.73592 19.476 0.078 3.59 682.0
2454622.80539 19.375 0.101 4.41 957.0
2454622.90685 19.256 0.133 5.96 1242.0
2454623.64076 18.915 0.101 7.01 919.0
2454623.86454 19.549 0.165 5.77 1188.0
2454624.58447 19.566 0.138 5.17 1093.0
2454624.80866 19.737 0.165 5.51 936.0
2454624.87501 19.413 0.108 4.92 942.0
2454625.59857 19.735 0.185 6.62 978.0
2454625.78893 19.310 0.115 5.37 1043.0
2454625.90369 19.238 0.141 6.80 1115.0
2454626.59709 19.587 0.148 6.13 878.0
2454626.85240 19.273 0.128 6.54 932.0
2454627.55754 19.692 0.137 4.43 1048.0
2454627.82975 19.697 0.104 4.08 769.0
2454627.91410 19.608 0.109 4.63 830.0
2454628.54325 19.341 0.107 5.02 1104.0
2454628.75111 19.537 0.116 4.91 868.0
2454628.81654 19.483 0.121 5.06 885.0
2454628.88643 19.257 0.098 5.07 963.0
2454629.62222 19.517 0.100 4.16 865.0
2454629.82486 19.595 0.123 4.56 1008.0
2454629.90286 19.523 0.134 5.63 1005.0
2454630.55817 19.364 0.117 5.42 1078.0
2454630.76401 19.498 0.094 3.72 965.0
2454630.84735 19.564 0.111 4.28 992.0
2454630.91014 19.245 0.121 6.04 1103.0
2454631.55957 19.434 0.088 3.83 1053.0
2454631.77533 19.539 0.094 3.79 901.0
2454631.86199 19.585 0.127 4.77 1129.0
2454632.56335 19.409 0.106 4.51 1177.0
2454632.85009 19.666 0.137 4.39 1214.0
2454633.56332 19.555 0.126 4.60 1220.0
2454633.67486 19.701 0.131 4.31 1058.0
2454633.79060 19.523 0.129 4.13 1486.0
2454638.74837 19.787 0.157 4.34 1157.0
2454638.85858 19.015 0.094 4.80 1525.0
2454639.57093 19.633 0.162 5.28 1270.0
2454639.66871 19.688 0.136 4.13 1222.0
2454640.59044 19.743 0.137 4.71 957.0
2454640.72261 19.434 0.095 4.23 883.0
2454640.82762 19.658 0.162 5.61 1012.0
2454641.66443 19.620 0.111 4.09 915.0
2454641.77439 19.610 0.126 4.61 977.0
2454642.58832 19.442 0.114 4.99 988.0
2454642.75085 19.636 0.143 5.57 857.0
2454642.82592 19.279 0.113 5.67 1012.0
2454643.54611 19.606 0.160 6.20 958.0
2454644.59349 19.534 0.148 6.19 962.0
2454644.84970 19.450 0.099 4.46 899.0
2454645.51655 19.220 0.111 4.91 1369.0
2454645.76503 19.171 0.088 4.64 979.0
2454645.83977 19.395 0.132 5.50 1171.0
2454646.51461 19.458 0.112 4.58 1139.0
2454646.84700 19.033 0.086 5.26 1139.0
2454647.51098 19.062 0.092 4.16 1491.0
2454647.73402 19.482 0.133 5.26 1038.0
2454647.84504 19.147 0.105 5.63 1118.0
2454648.49412 19.262 0.116 5.39 1261.0
2454648.70775 19.308 0.098 4.79 894.0
2454648.81164 19.425 0.125 5.78 950.0
2454649.52021 19.381 0.131 5.64 1152.0
2454649.72891 19.275 0.080 4.09 850.0
2454649.85532 19.474 0.140 5.95 1090.0
2454650.50620 19.401 0.129 5.23 1310.0
2454650.77012 19.461 0.112 5.22 857.0
2454650.86381 19.359 0.131 5.86 1118.0
2454651.50953 19.460 0.160 5.83 1288.0
2454651.80468 19.355 0.116 5.41 1053.0
2454652.50059 19.320 0.118 5.22 1222.0
2454652.71373 19.577 0.112 4.42 885.0
2454652.78861 19.445 0.105 4.71 923.0
2454652.83834 19.429 0.136 5.78 1049.0
2454653.49694 19.592 0.196 6.60 1259.0
2454653.71612 19.536 0.129 5.01 1010.0
2454653.78129 19.488 0.147 5.90 1047.0
2454654.53574 19.537 0.155 6.49 1012.0
2454654.74719 19.635 0.128 4.76 905.0
2454654.81232 19.453 0.166 6.46 1189.0
2454655.49681 19.434 0.142 5.38 1332.0
2454655.72130 19.578 0.094 3.86 793.0
2454655.78309 19.607 0.118 4.47 920.0
2454656.49875 19.391 0.086 3.89 985.0
2454656.68849 19.700 0.133 3.86 1050.0
2454656.80777 19.818 0.189 4.71 1403.0
2454657.72310 19.532 0.133 5.48 899.0
2454658.65708 19.394 0.120 5.62 997.0
2454659.59119 19.380 0.149 6.65 984.0
2454660.60952 19.436 0.118 5.23 999.0
2454661.48681 19.955 0.204 4.42 1491.0
2454661.68750 19.315 0.112 4.38 1337.0
2454661.74898 19.451 0.133 4.39 1473.0
2454661.81617 19.320 0.125 4.61 1584.0
2454665.65426 19.269 0.127 4.64 1693.0
2454666.55968 19.678 0.164 5.09 1347.0
2454666.70276 19.349 0.107 4.49 1190.0
2454666.74491 19.403 0.126 4.95 1253.0
2454667.57123 19.331 0.145 6.42 1099.0
2454670.64440 19.411 0.121 5.68 902.0
2454671.57992 19.693 0.131 5.26 765.0
2454672.50540 19.400 0.091 4.10 984.0
2454672.69790 19.315 0.089 4.58 949.0
2454672.72018 19.656 0.123 4.55 965.0
2454674.50853 19.613 0.156 5.90 963.0
2454674.70164 19.535 0.117 4.72 902.0
2454674.74093 19.483 0.137 6.07 871.0
2454675.67582 19.641 0.115 4.07 937.0
2454677.48511 19.459 0.108 4.77 1047.0
2454677.63144 19.573 0.132 5.38 846.0
2454677.77402 19.379 0.116 5.83 879.0
2454678.68853 19.617 0.117 4.26 796.0
2454679.49073 19.265 0.130 6.60 946.0
2454681.52651 19.482 0.109 4.98 836.0
2454681.62653 19.533 0.113 4.93 801.0
2454681.75875 19.542 0.125 4.93 1004.0
2454682.49752 19.811 0.153 4.78 1000.0
2454682.65485 19.494 0.110 5.21 811.0
2454682.75007 19.450 0.110 5.10 874.0
2454683.51604 19.212 0.123 6.50 1123.0
2454683.70294 19.597 0.132 5.66 850.0
2454684.50859 19.409 0.107 4.65 1146.0
2454684.72229 19.622 0.124 5.42 832.0
2454685.49352 19.154 0.119 6.70 1085.0
2454685.51327 19.556 0.155 5.55 1091.0
2454685.57035 19.343 0.103 4.38 1002.0
2454685.60439 19.409 0.090 3.70 916.0
2454685.65929 19.684 0.119 4.25 859.0
2454685.72849 19.425 0.112 5.20 989.0
2454686.49730 19.394 0.115 5.15 1037.0
2454686.70129 19.387 0.125 5.92 908.0
2454687.48106 19.279 0.107 5.50 1044.0
2454687.73655 19.429 0.122 5.70 1065.0
2454688.49398 19.552 0.142 5.04 1095.0
2454688.68381 19.485 0.104 4.60 906.0
2454688.74562 19.494 0.137 5.66 1054.0
2454693.54156 19.598 0.108 3.82 1155.0
2454694.53679 19.171 0.133 6.86 1103.0
2454697.49745 19.167 0.086 5.01 916.0
2454698.50297 19.537 0.113 4.92 854.0
2454699.49911 19.972 0.185 5.20 945.0
2454700.50538 19.369 0.092 4.59 914.0
2454701.50066 19.752 0.155 5.02 999.0
2454702.49919 19.882 0.150 4.51 950.0
2454703.56967 19.570 0.111 4.37 907.0
2454704.63945 19.248 0.082 4.77 822.0
2454705.50288 19.324 0.099 5.22 958.0
2454708.53608 19.433 0.119 5.46 920.0
2454709.51218 18.906 0.098 7.08 1007.0
2454711.52116 19.296 0.105 5.69 750.0
2454715.58116 19.149 0.105 5.93 1006.0
2454716.58355 19.302 0.137 4.67 1931.0
2454720.55070 19.484 0.133 4.91 1200.0
2454721.48225 19.027 0.122 6.20 1341.0
2454722.51479 19.249 0.091 4.19 1087.0
2454724.50459 19.650 0.164 4.91 1154.0
2454725.48288 19.457 0.167 6.26 1238.0
2454726.54431 19.171 0.136 6.88 1104.0
2454728.58944 19.423 0.155 6.68 981.0
2454729.54492 19.154 0.112 6.44 939.0
2454730.56128 19.260 0.088 4.85 880.0
2454731.56818 19.263 0.106 6.01 881.0
2454733.51988 19.383 0.110 5.13 898.0
2454734.54926 19.229 0.105 5.50 982.0
2454737.54014 19.285 0.100 5.31 871.0
2454740.55065 19.371 0.133 6.49 992.0
2454741.55834 19.342 0.104 4.81 980.0
2454743.53330 19.337 0.113 5.05 984.0
2454753.54423 19.816 0.218 5.85 1227.0
2454756.52306 19.181 0.116 5.67 1131.0
2454758.50588 19.512 0.157 5.13 1240.0
2454868.87629 17.571 0.020 4.17 1036.0
2454869.86015 17.412 0.020 4.90 1106.0
2454873.84898 16.716 0.012 4.39 1295.0
2454877.84329 15.475 0.004 4.68 1087.0
2454883.84531 17.106 0.015 5.30 896.0
2454884.85082 17.295 0.016 3.78 1097.0
2454886.89396 17.481 0.022 4.65 1220.0
2454890.87888 17.881 0.024 4.21 854.0
2454896.86714 18.277 0.037 5.35 877.0
2454899.83804 18.362 0.041 4.17 1057.0
2454900.87949 18.450 0.048 5.47 1042.0
2454901.87787 18.426 0.040 4.24 1024.0
2454902.87659 18.539 0.042 3.96 991.0
2454904.80068 18.678 0.052 4.12 1068.0
2454905.90466 18.659 0.059 4.51 1152.0
2454910.80658 17.337 0.022 5.00 1607.0
2454910.82642 18.797 0.061 3.70 1479.0
2454911.77720 18.805 0.048 4.23 777.0
2454912.77411 18.738 0.041 3.71 790.0
2454914.79119 18.643 0.054 5.66 788.0
2454917.75222 18.862 0.053 3.89 876.0
2454920.73252 18.782 0.048 4.18 786.0
2454924.77358 19.049 0.064 3.96 899.0
2454925.81352 19.073 0.063 3.97 897.0
2454925.90056 19.049 0.051 3.12 851.0
2454927.70715 19.273 0.139 6.91 1169.0
2454927.86768 18.954 0.078 5.11 953.0
2454928.72968 19.125 0.095 5.24 1014.0
2454929.78595 19.132 0.072 3.93 996.0
2454930.70045 19.043 0.092 5.23 1390.0
2454930.81938 19.174 0.089 4.34 1169.0
2454931.71528 18.769 0.072 4.70 1367.0
2454931.86095 18.995 0.074 4.57 1093.0
2454932.71834 19.267 0.102 4.82 1253.0
2454932.78452 19.081 0.073 4.16 1093.0
2454932.81901 19.232 0.078 4.20 1080.0
2454933.76667 18.682 0.070 5.46 1210.0
2454934.76507 18.714 0.120 6.35 2364.0
2454934.83033 19.102 0.114 4.40 2168.0
2454938.67566 19.144 0.094 4.61 1209.0
2454938.88031 19.273 0.092 4.40 985.0
2454939.69457 18.976 0.082 5.68 948.0
2454940.69457 18.969 0.071 4.93 925.0
2454941.67332 19.254 0.107 5.21 1027.0
2454941.77132 19.268 0.089 4.60 884.0
2454941.88971 19.296 0.106 5.66 872.0
2454942.71109 19.174 0.081 4.82 887.0
2454943.66516 18.861 0.068 5.69 931.0
2454943.80465 19.216 0.076 3.85 827.0
2454944.66197 19.003 0.069 4.51 948.0
2454944.81741 19.291 0.071 3.36 825.0
2454945.71042 19.256 0.080 4.14 890.0
2454945.76687 19.100 0.058 3.66 836.0
2454946.66009 19.365 0.109 5.64 907.0
2454947.65375 19.216 0.075 4.53 846.0
2454947.85169 18.860 0.049 3.61 915.0
2454948.83430 19.346 0.074 3.88 788.0
2454949.78240 19.231 0.079 4.40 878.0
2454951.64246 19.328 0.117 5.84 1035.0
2454952.64068 19.184 0.099 6.42 911.0
2454953.63432 19.029 0.083 5.23 1074.0
2454953.80888 19.181 0.077 3.88 938.0
2454954.63584 19.111 0.100 5.55 977.0
2454954.82871 19.403 0.090 4.09 818.0
2454955.76991 19.475 0.125 5.74 850.0
