2452125.64444 18.706 0.109 5.40 2755.0
2452128.57483 18.786 0.059 4.38 926.0
2452131.56969 18.683 0.046 3.52 970.0
2452134.67355 18.846 0.086 6.43 927.0
2452138.55016 18.766 0.071 5.60 844.0
2452143.52312 18.879 0.108 6.88 964.0
2452155.65016 18.681 0.106 7.21 1245.0
2452156.48926 18.860 0.071 4.86 1002.0
2452158.49758 18.744 0.064 5.08 897.0
2452158.54059 18.710 0.055 4.57 859.0
2452162.50709 18.757 0.070 5.09 939.0
2452168.54179 18.735 0.080 6.09 962.0
2452173.49982 18.635 0.080 6.41 1015.0
2452180.49846 18.784 0.083 4.60 1804.0
2452184.50305 18.780 0.096 6.79 1090.0
2452194.55717 18.742 0.076 5.23 1043.0
2452321.87593 18.766 0.090 5.73 1353.0
2452324.87803 18.745 0.062 4.16 1146.0
2452341.83451 18.819 0.082 4.43 1666.0
2452350.84760 18.761 0.055 4.03 1083.0
2452358.88707 18.661 0.064 5.19 1020.0
2452370.81535 18.715 0.063 5.13 953.0
2452381.81073 18.718 0.056 4.49 884.0
2452384.79319 18.744 0.063 4.79 997.0
2452388.85311 18.740 0.056 4.23 951.0
2452391.69565 18.662 0.096 5.85 1823.0
2452399.77684 18.699 0.042 3.23 868.0
2452399.78569 18.711 0.044 3.42 889.0
2452399.92776 18.826 0.058 3.97 1050.0
2452399.93076 18.651 0.052 3.91 1076.0
2452399.93365 18.748 0.058 3.96 1127.0
2452399.93660 18.788 0.061 3.76 1253.0
2452399.93974 18.849 0.073 3.74 1628.0
2452400.69352 18.749 0.064 4.93 1040.0
2452402.80844 18.718 0.053 3.99 1016.0
2452404.84541 18.707 0.048 3.55 954.0
2452414.86438 18.613 0.049 4.04 956.0
2452415.72643 18.606 0.068 5.68 1038.0
2452416.74862 18.745 0.066 4.92 995.0
2452417.72417 18.664 0.064 5.01 1052.0
2452424.76653 18.693 0.057 4.30 1014.0
2452426.67781 18.766 0.059 4.70 903.0
2452431.81215 18.676 0.051 4.15 912.0
2452433.73934 18.731 0.065 4.74 989.0
2452434.81238 18.759 0.057 3.91 1007.0
2452436.58511 18.762 0.064 4.23 1165.0
2452437.55430 18.801 0.126 7.92 1290.0
2452437.56312 18.818 0.118 7.43 1233.0
2452437.56574 18.684 0.110 7.90 1222.0
2452437.56835 18.894 0.123 7.38 1203.0
2452437.57098 18.704 0.111 7.76 1211.0
2452437.57362 18.707 0.094 6.91 1175.0
2452437.57670 18.674 0.083 6.32 1140.0
2452437.57934 18.672 0.086 6.52 1136.0
2452437.58196 18.729 0.099 7.17 1134.0
2452437.58458 18.552 0.084 7.05 1134.0
2452437.58718 18.816 0.106 6.93 1124.0
2452437.59571 18.719 0.093 6.97 1066.0
2452437.59832 18.628 0.092 7.16 1073.0
2452437.60095 18.767 0.089 6.35 1051.0
2452437.60357 18.661 0.077 6.14 1046.0
2452437.60618 18.855 0.112 7.27 1061.0
2452437.60880 18.845 0.109 7.17 1066.0
2452437.61873 18.818 0.095 6.40 1040.0
2452437.62848 18.696 0.086 6.38 1044.0
2452437.63754 18.777 0.088 6.27 1031.0
2452437.64761 18.807 0.089 6.20 1007.0
2452437.65661 18.592 0.066 5.65 1006.0
2452437.66659 18.686 0.084 6.46 1022.0
2452437.67545 18.943 0.129 7.78 1027.0
2452437.68846 18.676 0.094 7.24 997.0
2452437.69751 18.685 0.074 5.91 969.0
2452437.70639 18.727 0.093 6.71 995.0
2452437.71759 18.750 0.078 5.83 989.0
2452437.72671 18.699 0.072 5.71 992.0
2452437.73579 18.776 0.071 5.26 985.0
2452437.74531 18.829 0.071 4.82 1006.0
2452437.75749 18.810 0.076 5.04 1032.0
2452437.76634 18.673 0.066 4.97 1032.0
2452437.77511 18.735 0.066 4.75 1023.0
2452437.78391 18.745 0.070 5.00 1037.0
2452437.79318 18.644 0.072 5.60 1050.0
2452437.80198 18.759 0.067 4.64 1029.0
2452437.81079 18.745 0.061 4.26 988.0
2452437.81961 18.694 0.062 4.53 1038.0
2452437.83385 18.706 0.065 4.68 1046.0
2452437.84311 18.745 0.074 5.19 1066.0
2452437.85638 18.718 0.075 5.33 1087.0
2452437.86531 18.863 0.087 5.42 1091.0
2452437.87444 18.973 0.111 6.13 1136.0
2452437.89072 18.730 0.096 6.30 1196.0
2452437.90277 18.758 0.102 6.54 1237.0
2452437.92338 18.624 0.095 6.68 1388.0
2452438.61729 18.746 0.058 4.33 943.0
2452439.61425 18.799 0.059 4.07 1059.0
2452439.64705 18.760 0.052 3.87 997.0
2452439.65316 18.840 0.055 3.84 979.0
2452439.67545 18.778 0.053 4.09 958.0
2452439.71185 18.715 0.050 3.83 916.0
2452439.72999 18.695 0.047 3.56 894.0
2452439.74557 18.843 0.054 3.53 922.0
2452439.76107 18.716 0.051 3.59 951.0
2452439.77542 18.780 0.054 3.73 973.0
2452439.79468 18.732 0.049 3.55 947.0
2452439.80498 18.666 0.050 3.79 1025.0
2452439.82101 18.690 0.051 3.91 1015.0
2452439.83329 18.673 0.054 4.21 994.0
2452439.84904 18.743 0.060 4.32 956.0
2452439.86112 18.755 0.059 4.24 972.0
2452439.87114 18.807 0.071 4.88 971.0
2452439.88000 18.750 0.068 4.88 972.0
2452439.88953 18.780 0.069 4.80 1006.0
2452439.89850 18.921 0.082 4.97 1049.0
2452439.90543 18.804 0.084 5.59 1073.0
2452439.91441 18.747 0.095 6.76 1115.0
2452439.92386 18.882 0.101 6.07 1121.0
2452440.59852 18.697 0.060 4.69 986.0
2452440.64529 18.745 0.060 4.63 941.0
2452440.67410 18.708 0.057 4.54 944.0
2452440.69282 18.736 0.070 5.38 961.0
2452440.71253 18.754 0.048 3.80 865.0
2452440.72815 18.791 0.058 4.38 891.0
2452440.74608 18.713 0.048 3.69 897.0
2452440.75814 18.746 0.048 3.62 882.0
2452440.77410 18.715 0.046 3.63 853.0
2452440.82826 18.737 0.067 4.82 1059.0
2452440.84056 18.788 0.077 5.13 1071.0
2452440.84939 18.716 0.079 5.57 1116.0
2452440.88179 18.731 0.090 5.83 1254.0
2452440.89139 18.732 0.092 6.01 1242.0
2452440.89825 18.974 0.106 5.61 1235.0
2452440.91082 18.696 0.095 6.30 1343.0
2452442.61611 18.654 0.056 4.20 962.0
2452444.57469 18.722 0.070 4.66 1180.0
2452444.58280 18.689 0.061 4.37 1124.0
2452444.59123 18.729 0.061 4.21 1094.0
2452444.60539 18.746 0.071 4.77 1072.0
2452444.61617 18.776 0.073 5.15 1052.0
2452444.62427 18.624 0.055 4.35 1035.0
2452444.63471 18.673 0.060 4.65 1022.0
2452444.64278 18.667 0.066 5.13 1015.0
2452444.65085 18.824 0.074 5.22 1014.0
2452444.65894 18.693 0.067 5.23 1007.0
2452444.66810 18.658 0.062 4.75 1000.0
2452444.67619 18.681 0.074 5.73 975.0
2452444.68427 18.704 0.068 5.09 970.0
2452444.69234 18.823 0.076 5.06 1006.0
2452444.70044 18.817 0.076 5.08 965.0
2452444.70874 18.891 0.084 5.43 968.0
2452444.71583 18.701 0.065 4.38 1167.0
2452444.72388 18.841 0.077 4.41 1195.0
2452444.73060 18.720 0.069 4.83 1132.0
2452444.73892 18.797 0.075 4.66 1136.0
2452444.74495 18.696 0.071 4.97 1098.0
2452444.75321 18.770 0.075 5.39 1070.0
2452444.76037 18.736 0.061 4.06 999.0
2452444.76585 18.716 0.062 4.17 1015.0
2452444.77166 18.748 0.066 4.73 1006.0
2452444.78036 18.752 0.063 4.73 1019.0
2452444.79173 18.753 0.062 4.42 1041.0
2452444.79979 18.781 0.070 4.72 1059.0
2452444.80784 18.870 0.080 4.82 1069.0
2452444.81769 18.844 0.090 5.50 1088.0
2452444.82572 18.590 0.076 5.95 1122.0
2452444.83377 18.670 0.076 5.42 1142.0
2452444.85002 18.657 0.069 5.13 1172.0
2452444.86082 18.660 0.073 5.40 1200.0
2452444.87164 18.689 0.076 5.53 1234.0
2452444.88398 18.726 0.078 5.10 1284.0
2452444.89478 18.700 0.090 6.09 1322.0
2452446.64653 18.925 0.074 4.04 1206.0
2452448.53031 18.850 0.145 4.46 5084.0
2452453.73962 18.750 0.065 4.82 1041.0
2452454.52766 18.598 0.074 6.51 1038.0
2452454.55153 18.791 0.065 4.91 1049.0
2452454.56050 18.726 0.055 4.32 1030.0
2452454.56946 18.849 0.063 4.40 1063.0
2452454.58016 18.861 0.054 3.88 993.0
2452454.58901 18.850 0.053 3.76 975.0
2452454.59788 18.704 0.053 4.10 1052.0
2452454.60682 18.799 0.059 4.05 1135.0
2452454.61927 18.747 0.061 4.10 1219.0
2452454.63361 18.692 0.056 3.54 1553.0
2452454.64263 18.787 0.061 3.81 1359.0
2452454.65158 18.745 0.060 4.23 1154.0
2452454.66204 18.828 0.066 3.96 1393.0
2452454.67117 18.700 0.059 4.34 1194.0
2452454.68003 18.844 0.067 4.03 1302.0
2452454.68976 18.839 0.056 3.53 1113.0
2452454.69951 18.841 0.057 3.62 1066.0
2452454.70831 18.651 0.051 3.88 1055.0
2452454.71899 18.741 0.057 4.02 1072.0
2452454.72789 18.693 0.052 3.59 1199.0
2452454.73683 18.892 0.073 3.50 1880.0
2452454.74756 18.732 0.060 3.59 1643.0
2452454.75642 18.811 0.063 3.63 1512.0
2452454.76527 18.880 0.076 3.77 1714.0
2452458.73688 18.730 0.059 4.81 806.0
2452462.72567 18.734 0.045 3.73 786.0
2452463.82277 18.807 0.058 4.19 977.0
2452465.46804 18.998 0.126 6.52 1424.0
2452465.47702 18.819 0.095 6.21 1267.0
2452465.48621 18.797 0.092 6.08 1228.0
2452465.49519 18.848 0.082 5.36 1171.0
2452465.50422 18.689 0.062 4.67 1120.0
2452465.51321 18.889 0.078 4.97 1110.0
2452465.52328 18.778 0.065 4.49 1065.0
2452465.53353 18.665 0.067 5.50 1047.0
2452465.54247 18.729 0.066 5.50 997.0
2452465.55150 18.559 0.049 4.52 951.0
2452465.56049 18.740 0.059 4.62 928.0
2452465.56943 18.716 0.059 4.98 908.0
2452465.58392 18.772 0.059 4.54 896.0
2452465.59298 18.694 0.059 5.08 895.0
2452465.60220 18.696 0.053 4.41 858.0
2452465.61124 18.762 0.053 4.13 840.0
2452465.62159 18.740 0.053 4.32 820.0
2452465.63121 18.756 0.052 4.31 794.0
2452465.64094 18.708 0.050 4.34 787.0
2452465.65093 18.721 0.049 4.17 780.0
2452465.66020 18.793 0.060 4.91 790.0
2452465.66910 18.810 0.059 4.55 784.0
2452465.67898 18.722 0.053 4.48 774.0
2452465.68792 18.711 0.052 4.40 782.0
2452465.69697 18.738 0.054 4.42 774.0
2452465.70599 18.714 0.053 4.53 783.0
2452465.71516 18.657 0.050 4.45 787.0
2452465.72441 18.772 0.056 4.49 793.0
2452465.73340 18.694 0.054 4.54 806.0
2452465.74366 18.739 0.053 4.32 794.0
2452465.75259 18.781 0.054 4.18 806.0
2452465.76854 18.764 0.083 6.50 890.0
2452465.78893 18.740 0.086 6.64 919.0
2452465.79779 18.801 0.079 5.78 916.0
2452465.80665 18.835 0.082 5.76 927.0
2452465.82552 18.867 0.090 5.80 1002.0
2452465.83450 18.730 0.073 5.42 1020.0
2452465.84545 18.806 0.104 6.99 1133.0
2452466.75276 18.702 0.070 5.48 941.0
2452468.45903 18.650 0.156 6.82 3668.0
2452468.46778 18.671 0.081 6.21 1266.0
2452468.47755 18.751 0.089 6.71 1056.0
2452468.48821 18.736 0.063 4.72 998.0
2452468.49703 18.731 0.060 4.66 957.0
2452468.50704 18.777 0.062 4.76 910.0
2452468.51629 18.661 0.052 4.39 886.0
2452468.52620 18.745 0.053 4.16 899.0
2452468.53520 18.734 0.055 4.35 893.0
2452468.54491 18.785 0.052 3.97 848.0
2452468.55375 18.675 0.047 3.81 876.0
2452468.56267 18.740 0.051 4.13 900.0
2452468.57153 18.725 0.052 4.31 872.0
2452468.58249 18.732 0.046 3.63 837.0
2452468.59148 18.666 0.043 3.68 806.0
2452468.60056 18.720 0.051 4.10 819.0
2452468.60949 18.888 0.060 4.54 803.0
2452468.62033 18.717 0.051 4.23 800.0
2452468.62912 18.712 0.050 4.32 806.0
2452468.63801 18.777 0.049 3.91 782.0
2452468.64867 18.747 0.047 3.92 778.0
2452468.65802 18.743 0.048 3.87 779.0
2452468.66797 18.724 0.045 3.84 767.0
2452468.67782 18.742 0.046 3.68 787.0
2452468.68670 18.861 0.058 4.30 817.0
2452468.69554 18.815 0.058 4.39 865.0
2452468.70433 18.739 0.051 4.14 844.0
2452468.71433 18.770 0.048 3.83 843.0
2452468.72347 18.746 0.046 3.73 853.0
2452468.73419 18.762 0.048 3.82 857.0
2452468.74299 18.734 0.051 3.98 900.0
2452468.75270 18.853 0.057 4.00 920.0
2452468.76160 18.782 0.056 4.14 944.0
2452468.77057 18.918 0.066 4.20 992.0
2452468.77948 18.676 0.056 4.36 1028.0
2452468.78949 18.769 0.066 4.61 1098.0
2452468.79858 18.810 0.063 4.29 1075.0
2452468.80783 18.776 0.063 4.74 946.0
2452468.81823 18.799 0.076 4.93 1243.0
2452468.82704 18.865 0.085 5.06 1304.0
2452468.83594 18.754 0.073 4.99 1304.0
2452470.46813 18.640 0.089 6.61 1466.0
2452472.46287 18.662 0.090 5.39 2031.0
2452474.46843 18.792 0.088 5.64 1415.0
2452482.62514 18.745 0.066 4.88 1043.0
2452485.63512 18.826 0.091 6.78 868.0
2452489.70596 18.754 0.054 4.08 940.0
2452492.65064 18.758 0.057 4.32 959.0
2452494.70501 18.710 0.064 5.38 844.0
2452497.50757 18.835 0.069 4.60 947.0
2452499.54335 18.797 0.061 4.21 948.0
2452501.57111 18.710 0.055 4.25 989.0
2452511.55130 18.727 0.087 6.22 1153.0
2452517.48432 18.650 0.100 7.55 1120.0
2452521.52055 18.834 0.062 3.99 1092.0
2452526.54989 18.682 0.055 4.42 887.0
2452537.48108 18.808 0.095 5.55 1446.0
2452540.49766 18.769 0.088 5.55 1303.0
2452546.50825 18.838 0.084 5.18 1157.0
2452550.48952 18.706 0.075 5.45 1127.0
2452554.56141 18.880 0.080 4.78 1058.0
2452558.49794 18.721 0.082 5.12 1388.0
2452565.49080 18.719 0.137 7.66 1704.0
2452693.89508 18.657 0.060 4.41 1232.0
2452698.89301 18.722 0.063 5.27 886.0
2452711.87605 18.662 0.052 4.65 880.0
2452721.88350 18.600 0.125 4.47 5205.0
2452730.89673 18.774 0.057 4.14 964.0
2452743.77314 18.833 0.063 4.06 1068.0
2452748.79167 18.682 0.070 4.80 1334.0
2452755.78159 18.740 0.054 4.23 934.0
2452758.93298 18.913 0.120 5.81 1673.0
2452765.78972 18.691 0.051 3.93 1082.0
2452769.77432 18.757 0.056 4.41 919.0
2452782.71288 18.695 0.075 6.15 969.0
2452784.70184 18.804 0.054 3.88 910.0
2452786.59189 18.705 0.093 6.05 1548.0
2452788.68920 18.804 0.052 3.63 1008.0
2452790.79429 18.776 0.060 4.16 935.0
2452792.53122 18.825 0.109 6.87 1242.0
2452794.55734 18.761 0.115 7.34 1350.0
2452796.56624 18.840 0.064 4.36 1035.0
2452808.63366 18.788 0.069 4.75 1132.0
2452810.57192 18.777 0.070 4.69 1156.0
2452810.63534 18.684 0.056 4.40 966.0
2452810.66493 18.853 0.066 4.24 1005.0
2452810.69467 18.642 0.059 4.71 987.0
2452810.70696 18.630 0.063 4.94 1043.0
2452810.72318 18.770 0.056 3.98 1007.0
2452810.73549 18.843 0.056 3.61 995.0
2452810.74845 18.740 0.059 4.25 1038.0
2452810.76275 18.757 0.057 3.91 1032.0
2452810.77423 18.684 0.052 3.73 1084.0
2452810.79275 18.717 0.056 3.79 1127.0
2452810.81026 18.641 0.058 3.94 1274.0
2452810.83773 18.685 0.059 3.91 1297.0
2452810.87029 18.742 0.070 4.57 1369.0
2452812.57375 18.742 0.066 4.31 1251.0
2452813.81751 18.685 0.055 3.91 1026.0
2452815.59612 18.657 0.056 4.62 907.0
2452816.66155 18.657 0.049 4.13 794.0
2452817.77620 18.697 0.062 4.69 1022.0
2452818.67105 18.768 0.059 4.40 974.0
2452819.76515 18.768 0.071 5.18 1042.0
2452821.66344 18.722 0.062 4.52 995.0
2452826.65410 18.567 0.064 5.97 854.0
2452830.78431 18.599 0.071 4.13 2089.0
2452835.48072 18.688 0.094 4.66 2465.0
2452837.49953 18.740 0.094 5.90 1349.0
2452838.73005 18.552 0.053 4.56 990.0
2452840.50159 18.812 0.077 4.98 1100.0
2452842.53805 18.630 0.059 5.14 930.0
2452844.61419 18.794 0.054 3.90 903.0
2452848.54942 18.602 0.080 6.66 1092.0
2452851.53666 18.696 0.062 4.58 1122.0
2452853.54357 18.667 0.060 4.78 1036.0
2452854.75743 18.663 0.079 6.31 1079.0
2452857.72037 18.776 0.080 5.18 1138.0
2452862.49667 18.816 0.104 5.64 1437.0
2452864.50369 18.555 0.082 6.25 1326.0
2452867.65893 18.702 0.061 4.63 959.0
2452868.51719 18.722 0.056 4.27 1001.0
2452869.59148 18.728 0.060 4.31 971.0
2452871.47977 18.629 0.068 5.74 1073.0
2452875.61836 18.687 0.082 6.65 922.0
2452877.65395 18.828 0.063 3.83 1019.0
2452879.55623 18.759 0.060 4.30 938.0
2452882.49650 18.888 0.085 5.78 973.0
2452883.58961 18.786 0.054 3.93 880.0
2452884.47929 18.737 0.074 4.89 1168.0
2452885.55802 18.825 0.077 5.10 1076.0
2452886.54646 18.736 0.118 5.67 4223.0
2452890.64567 18.499 0.101 6.53 1648.0
2452891.48161 18.800 0.149 7.82 1764.0
2452892.51710 18.734 0.074 5.03 1183.0
2452893.56091 18.726 0.053 3.24 1349.0
2452893.60246 18.751 0.054 3.34 703.0
2452893.60978 18.756 0.049 3.03 607.0
2452893.61258 18.819 0.052 3.06 400.0
2452894.49744 18.626 0.072 5.30 851.0
2452894.54748 18.738 0.062 4.06 916.0
2452894.64610 18.585 0.082 5.87 1392.0
2452895.47930 18.609 0.087 6.38 1072.0
2452895.59426 18.705 0.057 3.94 530.0
2452895.66739 18.787 0.062 4.09 823.0
2452896.47694 18.866 0.111 5.68 1286.0
2452896.57063 18.716 0.056 3.67 639.0
2452896.57348 18.737 0.057 3.81 456.0
2452896.64434 18.569 0.057 4.73 859.0
2452896.64809 18.619 0.064 4.96 587.0
2452897.58008 18.794 0.072 4.72 585.0
2452897.64167 18.791 0.092 6.15 1133.0
2452898.48451 18.718 0.089 5.81 974.0
2452898.52991 18.693 0.073 4.97 1160.0
2452898.60483 18.749 0.073 4.84 873.0
2452898.64873 18.675 0.083 5.46 996.0
2452899.60735 18.842 0.066 4.42 982.0
2452899.61415 18.996 0.081 5.02 667.0
2452899.65292 18.691 0.067 5.15 837.0
2452900.47663 18.659 0.099 6.18 1130.0
2452900.52970 18.722 0.072 5.09 805.0
2452900.57982 18.780 0.080 5.42 799.0
2452900.62115 18.562 0.066 5.17 816.0
2452901.50081 18.621 0.089 6.60 825.0
2452901.58654 18.891 0.080 4.92 746.0
2452902.47152 18.682 0.134 6.53 1807.0
2452902.51448 18.628 0.076 5.75 844.0
2452902.55931 18.623 0.094 6.84 916.0
2452902.62342 18.755 0.096 5.71 1090.0
2452903.48807 18.811 0.100 6.79 722.0
2452904.52879 18.542 0.095 7.26 898.0
2452904.57842 18.810 0.094 6.33 786.0
2452904.60835 18.815 0.094 6.54 731.0
2452904.64523 18.507 0.080 7.46 717.0
2452905.49133 18.636 0.081 6.22 845.0
2452905.52244 18.619 0.072 5.31 864.0
2452905.54726 18.738 0.100 6.72 1156.0
2452905.55556 18.693 0.085 6.38 855.0
2452905.61083 18.706 0.087 6.43 839.0
2452906.49519 18.764 0.076 5.38 841.0
2452906.52858 18.670 0.070 5.27 825.0
2452906.56238 18.713 0.073 5.25 835.0
2452906.58942 18.668 0.067 5.01 821.0
2452907.48277 18.774 0.106 6.77 920.0
2452907.54656 18.699 0.090 6.45 826.0
2452907.60266 18.787 0.089 5.60 840.0
2452908.49559 18.736 0.097 6.57 819.0
2452908.52767 18.626 0.090 6.77 829.0
2452908.61000 18.697 0.100 7.03 836.0
2452909.49743 18.685 0.072 5.13 788.0
2452909.51807 18.585 0.070 5.48 1079.0
2452909.54226 18.619 0.072 5.32 837.0
2452909.58033 18.653 0.106 7.47 917.0
2452910.48939 18.759 0.087 5.78 899.0
2452910.52248 18.752 0.083 5.74 815.0
2452911.48488 18.511 0.084 7.13 825.0
2452911.52930 18.630 0.075 5.63 828.0
2452911.55696 18.642 0.059 4.49 786.0
2452912.49649 18.738 0.077 4.98 872.0
2452912.54067 18.609 0.059 4.31 1166.0
2452912.54357 18.678 0.062 4.29 871.0
2452912.58268 18.624 0.068 4.85 953.0
2452915.47632 18.595 0.124 4.22 3896.0
2452915.49109 18.766 0.092 4.56 1522.0
2452916.48454 18.928 0.106 3.97 1714.0
2452916.52748 18.648 0.069 4.69 992.0
2452916.56804 18.770 0.074 4.49 1026.0
2452917.50299 18.813 0.088 5.10 1040.0
2452917.53351 18.750 0.083 4.57 1075.0
2452917.57314 18.648 0.068 5.01 867.0
2452918.49613 18.671 0.099 6.46 991.0
2452918.52337 18.708 0.085 5.33 972.0
2452918.58192 18.810 0.094 5.55 1059.0
2452920.50720 18.712 0.089 5.51 1177.0
2452920.54363 18.708 0.109 6.92 1124.0
2452921.49291 18.572 0.092 6.88 941.0
2452921.53170 18.869 0.084 4.86 876.0
2452921.58281 18.738 0.094 5.77 1097.0
2452922.49862 18.800 0.102 5.74 1041.0
2452922.56976 18.808 0.103 5.58 1125.0
2452923.51166 18.616 0.058 4.09 956.0
2452923.53901 18.588 0.063 4.06 943.0
2452923.57432 18.803 0.080 4.47 968.0
2452924.50846 18.782 0.062 3.87 816.0
2452924.57833 18.939 0.090 4.68 860.0
2452925.50343 18.798 0.082 5.50 856.0
2452925.56018 18.589 0.059 4.55 815.0
2452926.53332 18.641 0.067 5.14 789.0
2452927.50096 18.700 0.082 5.96 668.0
2452927.57786 18.702 0.083 6.66 945.0
2452928.50956 18.803 0.087 5.66 715.0
2452928.56406 18.856 0.109 6.22 1071.0
2452929.50420 18.644 0.100 6.85 970.0
2452929.57875 18.727 0.088 5.34 1095.0
2452930.50304 18.787 0.068 4.39 736.0
2452930.55453 18.680 0.072 4.47 814.0
2452931.50582 18.665 0.062 4.33 677.0
2452931.58143 18.815 0.077 5.02 762.0
2452932.52041 18.837 0.075 4.32 725.0
2452933.50956 18.825 0.075 4.39 792.0
2452933.56828 18.706 0.082 5.37 1022.0
2452934.51272 18.958 0.122 6.48 902.0
2452934.55815 18.706 0.082 5.24 1018.0
2452935.51496 18.597 0.085 5.95 985.0
2452936.49613 18.659 0.099 6.54 1040.0
2452937.51839 18.610 0.083 6.15 1211.0
2452939.50679 18.870 0.098 5.76 2483.0
2452941.51167 18.796 0.118 6.02 1921.0
2452942.50036 18.757 0.087 4.38 2051.0
2452943.54598 18.824 0.133 6.47 1969.0
2452944.53943 18.652 0.117 6.61 1895.0
2452945.49631 18.757 0.140 5.37 3159.0
2452946.50629 18.565 0.085 5.74 1616.0
2452947.52722 18.592 0.106 6.47 1782.0
2452950.49937 18.680 0.123 5.25 3152.0
2452951.49939 18.787 0.154 5.43 3956.0
2452952.50421 18.749 0.128 6.71 1916.0
2452952.51611 18.505 0.084 6.49 1471.0
2452953.49871 18.782 0.118 4.71 3380.0
2453040.87630 18.819 0.079 4.13 1667.0
2453041.88099 18.501 0.062 3.91 1704.0
2453042.88085 18.608 0.074 4.60 1455.0
2453043.86538 18.519 0.058 4.39 1170.0
2453044.86100 18.596 0.076 5.65 1284.0
2453045.86011 18.675 0.071 5.30 1143.0
2453046.87092 18.663 0.088 5.96 1329.0
2453047.85966 18.623 0.058 4.58 1134.0
2453048.85818 18.641 0.058 4.18 941.0
2453049.84332 18.782 0.061 3.36 955.0
2453050.83649 18.811 0.081 4.68 791.0
2453052.83937 18.619 0.060 5.02 585.0
2453053.82316 18.883 0.070 4.65 546.0
2453054.83895 18.913 0.088 5.51 560.0
2453055.83515 18.751 0.069 5.12 549.0
2453055.87732 18.696 0.068 5.22 1019.0
2453056.84894 18.708 0.080 5.90 546.0
2453057.83580 18.640 0.057 4.39 598.0
2453058.83339 18.794 0.062 4.37 574.0
2453058.89545 18.754 0.066 3.85 1383.0
2453059.83889 18.844 0.070 4.41 533.0
2453060.81814 18.673 0.077 6.11 539.0
2453061.84736 18.674 0.067 5.49 481.0
2453064.81598 18.607 0.063 4.94 1189.0
2453064.83012 18.792 0.081 5.43 664.0
2453067.78582 18.881 0.077 4.95 630.0
2453067.88943 18.686 0.047 3.50 890.0
2453069.80106 18.995 0.102 5.91 600.0
2453070.85093 18.849 0.089 5.46 1193.0
2453073.80640 18.808 0.069 4.59 1153.0
2453075.84508 18.774 0.062 4.03 1168.0
2453076.89507 18.836 0.078 4.91 612.0
2453079.88960 18.653 0.075 4.54 1891.0
2453081.77121 18.648 0.065 5.37 534.0
2453082.86291 18.692 0.061 4.58 918.0
2453083.80387 18.599 0.042 3.52 445.0
2453084.90219 18.777 0.046 3.56 815.0
2453085.86512 18.765 0.051 4.23 321.0
2453086.83455 18.695 0.047 3.86 811.0
2453087.89913 18.683 0.068 6.10 337.0
2453088.79203 18.745 0.048 3.87 765.0
2453088.80610 18.669 0.046 3.92 322.0
2453089.90130 18.738 0.054 4.42 882.0
2453091.82147 18.651 0.050 4.25 813.0
2453091.83519 18.842 0.064 4.83 307.0
2453093.89685 18.654 0.068 5.93 409.0
2453096.85960 18.619 0.067 6.07 919.0
2453097.88053 18.815 0.050 3.94 307.0
2453098.84703 18.653 0.045 3.87 872.0
2453100.80057 18.707 0.054 4.10 994.0
2453101.91414 18.680 0.062 4.79 1081.0
2453103.77188 18.618 0.056 4.29 1182.0
2453106.83118 18.764 0.092 5.18 1919.0
2453106.85656 18.655 0.075 3.98 810.0
2453108.76441 18.664 0.049 4.06 956.0
2453108.80681 18.683 0.049 3.85 903.0
2453109.78801 18.585 0.043 3.92 814.0
2453110.74735 18.551 0.048 3.99 380.0
2453110.83103 18.625 0.047 4.34 890.0
2453111.86220 18.826 0.053 4.87 631.0
2453112.77986 18.631 0.047 4.96 731.0
2453113.73635 18.781 0.045 3.38 269.0
2453113.86961 18.650 0.048 4.65 763.0
2453114.78114 18.689 0.047 4.15 796.0
2453115.86397 18.724 0.052 4.46 824.0
2453116.92008 18.730 0.056 4.22 907.0
2453122.90713 18.784 0.062 4.57 953.0
2453125.86742 18.593 0.081 6.70 989.0
2453126.89311 18.708 0.052 3.61 1006.0
2453127.80393 18.641 0.054 4.07 1051.0
2453128.81693 18.654 0.052 4.31 1053.0
2453130.69488 18.884 0.083 4.27 1444.0
2453131.88642 18.567 0.082 4.33 2458.0
2453135.89626 18.771 0.064 4.59 1036.0
2453137.93528 18.747 0.068 4.28 1358.0
2453138.69800 18.652 0.065 5.35 913.0
2453138.83513 18.930 0.066 4.15 328.0
2453139.87521 18.700 0.046 3.85 830.0
2453140.87505 18.738 0.055 4.40 821.0
2453142.76332 18.688 0.051 4.41 854.0
2453144.78426 18.753 0.063 5.31 795.0
2453146.78409 18.542 0.050 5.38 764.0
2453151.74688 18.770 0.076 6.15 815.0
2453151.89955 18.862 0.074 5.04 912.0
2453152.75097 18.670 0.055 4.54 872.0
2453153.75489 18.735 0.069 5.73 857.0
2453153.89781 18.935 0.079 4.63 418.0
2453154.81642 18.718 0.067 5.43 873.0
2453156.83614 18.753 0.063 4.31 1075.0
2453158.90680 18.733 0.111 6.62 1478.0
2453162.81114 18.703 0.064 4.38 1127.0
2453163.62405 18.607 0.047 4.12 801.0
2453163.64288 18.813 0.056 4.21 800.0
2453164.73273 18.749 0.053 4.06 846.0
2453165.75355 18.711 0.042 3.55 768.0
2453166.74110 18.595 0.065 5.60 540.0
2453166.89870 18.850 0.106 6.91 1066.0
2453167.75157 18.655 0.069 6.17 796.0
2453168.74674 18.724 0.055 4.97 807.0
2453169.72263 18.515 0.046 4.19 807.0
2453170.80016 18.669 0.042 3.69 743.0
2453171.82287 18.689 0.042 3.39 800.0
2453172.74986 18.636 0.043 3.82 709.0
2453174.70617 18.701 0.044 3.68 816.0
2453175.71610 18.724 0.045 3.47 858.0
2453177.75325 18.850 0.089 7.01 900.0
2453178.77983 18.751 0.051 4.20 746.0
2453179.78954 18.682 0.056 4.74 826.0
2453180.71792 18.705 0.045 3.90 711.0
2453182.76941 18.655 0.050 4.45 774.0
2453183.73807 18.678 0.060 5.04 802.0
2453184.69582 18.771 0.046 3.61 775.0
2453185.48520 18.856 0.087 5.04 1386.0
2453185.53363 18.611 0.058 4.51 1144.0
2453185.57921 18.679 0.054 4.33 996.0
2453185.61509 18.774 0.050 3.47 962.0
2453185.66442 18.682 0.053 3.95 977.0
2453185.71390 18.811 0.062 4.23 970.0
2453185.74850 18.680 0.058 4.11 960.0
2453185.83318 18.755 0.059 4.17 1021.0
2453185.86109 18.670 0.060 4.83 1026.0
2453185.88236 18.743 0.078 5.29 1227.0
2453190.64003 18.674 0.073 5.53 1040.0
2453191.80061 18.792 0.067 4.73 965.0
2453193.53404 18.673 0.054 4.32 860.0
2453194.59270 18.755 0.066 4.67 1067.0
2453195.64001 18.777 0.044 3.55 711.0
2453195.79765 18.765 0.058 4.39 852.0
2453196.54308 18.726 0.068 5.14 1002.0
2453197.51064 18.790 0.057 4.27 903.0
2453199.62045 18.768 0.061 5.33 722.0
2453201.51226 18.498 0.048 5.00 893.0
2453202.56669 18.597 0.053 5.23 760.0
2453203.65621 18.760 0.050 4.00 737.0
2453204.64944 18.759 0.049 4.09 685.0
2453205.75804 18.782 0.054 4.61 686.0
2453206.71506 18.764 0.065 5.78 707.0
2453207.66360 18.640 0.066 6.09 741.0
2453210.54248 18.622 0.070 6.16 974.0
2453211.58088 18.729 0.063 5.80 742.0
2453217.47219 18.724 0.074 4.08 1789.0
2453217.64947 18.661 0.055 3.83 1182.0
2453218.64783 18.637 0.062 4.55 1237.0
2453219.60272 18.587 0.076 6.18 1009.0
2453223.64905 18.566 0.071 6.63 857.0
2453224.69460 18.670 0.049 3.95 898.0
2453226.61191 18.489 0.060 6.61 673.0
2453228.59832 18.790 0.063 5.20 723.0
2453229.63079 18.688 0.059 5.20 753.0
2453230.66438 18.683 0.054 4.83 712.0
2453231.56771 18.706 0.057 4.72 803.0
2453231.60599 18.846 0.064 4.71 820.0
2453232.59561 18.983 0.095 6.53 783.0
2453238.61675 18.847 0.080 5.92 832.0
2453239.69548 18.947 0.094 6.79 816.0
2453240.67660 18.729 0.087 7.02 858.0
2453241.65152 18.748 0.090 3.89 2783.0
2453245.55139 18.742 0.066 4.70 1147.0
2453246.65508 18.710 0.072 5.37 1031.0
2453247.62127 18.551 0.056 4.69 1006.0
2453249.52320 18.550 0.064 6.19 790.0
2453250.65595 18.636 0.069 5.43 1134.0
2453253.52022 18.764 0.055 4.85 690.0
2453256.63298 18.942 0.090 6.23 793.0
2453259.62245 18.584 0.077 7.16 807.0
2453264.52996 18.701 0.064 4.99 916.0
2453267.52908 18.593 0.058 4.91 1026.0
2453272.58449 18.800 0.076 5.22 1002.0
2453275.56745 18.644 0.080 6.06 1066.0
2453278.59637 18.625 0.071 5.51 982.0
2453282.57038 18.788 0.051 4.58 531.0
2453288.54293 18.754 0.053 4.78 575.0
2453293.51351 18.585 0.044 5.21 524.0
2453295.52371 18.779 0.046 4.55 458.0
2453299.52823 18.494 0.034 4.49 422.0
2453305.54481 18.814 0.079 5.01 1330.0
2453309.53356 18.751 0.083 5.35 1313.0
2453314.51334 18.751 0.120 7.36 1372.0
2453408.88738 18.710 0.071 5.43 1009.0
2453410.88749 18.629 0.071 5.09 1304.0
2453413.88832 18.606 0.067 5.59 1070.0
2453421.89456 18.801 0.051 4.02 763.0
2453422.86444 18.841 0.061 5.02 728.0
2453426.86004 18.806 0.060 4.20 964.0
2453429.84208 18.595 0.070 5.68 1090.0
2453432.88547 18.721 0.054 3.40 1394.0
2453442.88789 18.818 0.055 4.48 741.0
2453445.80069 18.758 0.044 3.82 669.0
2453447.85131 18.691 0.055 4.89 771.0
2453449.86397 18.719 0.052 4.77 693.0
2453452.88459 18.726 0.044 3.80 718.0
2453455.81879 18.647 0.063 5.14 1040.0
2453457.85232 18.749 0.052 4.11 840.0
2453459.84750 18.743 0.054 3.94 1009.0
2453467.87738 18.578 0.045 4.70 669.0
2453469.78327 18.737 0.046 4.02 714.0
2453470.79620 18.669 0.043 4.27 659.0
2453472.75866 18.552 0.044 4.40 747.0
2453473.77846 18.708 0.061 5.43 713.0
2453474.77509 18.679 0.059 5.48 666.0
2453475.80069 18.798 0.052 4.52 673.0
2453477.76250 18.600 0.045 4.01 722.0
2453479.76136 18.980 0.051 3.65 665.0
2453480.72150 18.777 0.045 3.95 668.0
2453481.73944 18.746 0.054 4.63 747.0
2453482.71620 18.694 0.055 4.16 949.0
2453496.71902 18.798 0.062 4.95 820.0
2453497.79054 18.750 0.069 5.65 827.0
2453498.91487 18.747 0.075 5.89 868.0
2453499.86170 18.689 0.054 4.83 714.0
2453500.72790 18.786 0.053 4.19 746.0
2453501.82433 18.770 0.045 3.52 779.0
2453502.72020 18.945 0.052 3.61 772.0
2453503.68935 18.654 0.046 4.40 690.0
2453504.70410 18.656 0.053 4.91 655.0
2453506.74789 18.745 0.047 3.99 727.0
2453508.75750 18.725 0.057 4.95 743.0
2453509.73058 18.744 0.054 5.02 672.0
2453510.80035 18.646 0.044 3.83 729.0
2453511.83949 18.776 0.052 3.60 954.0
2453512.70918 18.654 0.056 4.61 982.0
2453512.72354 18.959 0.083 4.96 999.0
2453512.75911 18.694 0.063 4.95 999.0
2453512.80676 18.777 0.065 4.13 1139.0
2453512.82404 18.626 0.057 4.18 1146.0
2453512.84158 18.760 0.062 4.16 1137.0
2453512.85946 18.649 0.061 4.35 1155.0
2453512.87964 18.737 0.066 4.36 1142.0
2453512.90212 18.642 0.055 4.13 1112.0
2453512.91106 18.709 0.067 5.03 1058.0
2453512.92556 18.947 0.089 5.52 976.0
2453512.93818 18.724 0.058 4.32 1045.0
2453517.68500 18.752 0.076 4.82 1400.0
2453520.76028 18.724 0.055 4.47 776.0
2453521.71751 18.818 0.046 3.39 842.0
2453522.74553 18.846 0.043 3.36 646.0
2453522.93675 18.650 0.058 4.67 935.0
2453523.75000 18.654 0.034 3.16 663.0
2453524.89520 18.863 0.075 5.16 924.0
2453525.74840 18.764 0.046 3.90 624.0
2453526.75183 18.725 0.054 4.65 741.0
2453528.67275 18.744 0.047 4.09 673.0
2453529.69504 18.836 0.039 3.53 470.0
2453529.86940 18.753 0.055 4.23 761.0
2453530.61015 18.670 0.039 3.50 687.0
2453530.77230 18.677 0.038 3.32 693.0
2453530.85411 18.718 0.040 3.47 696.0
2453530.88081 18.769 0.045 3.74 536.0
2453536.86852 18.591 0.052 5.62 707.0
2453536.88544 18.883 0.078 5.89 1272.0
2453537.67546 18.658 0.057 5.41 552.0
2453538.52440 18.550 0.068 6.64 677.0
2453538.59711 18.665 0.062 5.71 567.0
2453538.75285 18.942 0.054 3.94 223.0
2453538.86915 18.881 0.064 4.34 333.0
2453539.55571 18.929 0.085 5.88 441.0
2453540.52377 18.640 0.081 6.10 482.0
2453540.65000 18.646 0.048 4.11 828.0
2453540.69161 18.737 0.049 3.74 211.0
2453541.62437 18.732 0.060 4.42 333.0
2453541.78322 18.838 0.060 3.94 328.0
2453542.83049 18.913 0.111 4.14 1231.0
2453544.60930 18.665 0.062 3.41 741.0
2453544.80767 18.742 0.076 4.70 826.0
2453547.74612 18.675 0.056 5.07 600.0
2453550.63483 18.804 0.054 4.17 820.0
2453552.67011 18.666 0.043 4.15 626.0
2453553.72018 18.617 0.067 5.94 843.0
2453554.65872 18.755 0.074 6.17 780.0
2453555.66762 18.710 0.050 4.94 614.0
2453556.67536 18.669 0.046 4.32 678.0
2453558.53014 18.739 0.054 4.37 837.0
2453558.82889 18.811 0.062 5.16 720.0
2453559.69885 18.726 0.053 4.55 708.0
2453560.60019 18.791 0.055 4.50 719.0
2453561.54791 18.598 0.046 3.92 878.0
2453562.58860 18.837 0.060 4.69 751.0
2453563.63933 18.719 0.040 3.45 650.0
2453564.57710 18.563 0.061 5.98 740.0
2453569.56243 18.686 0.055 4.05 1056.0
2453572.81792 18.636 0.123 5.52 3954.0
2453573.64887 18.807 0.078 5.53 952.0
2453574.68880 18.680 0.052 4.16 838.0
2453575.53628 18.667 0.043 3.76 744.0
2453575.77288 18.771 0.065 4.96 862.0
2453576.69016 18.606 0.064 6.03 774.0
2453577.59028 18.689 0.050 4.78 661.0
2453578.67488 18.845 0.054 4.62 636.0
2453579.62032 18.698 0.045 4.15 668.0
2453580.65357 18.601 0.039 3.81 693.0
2453581.67344 18.677 0.041 3.88 643.0
2453582.64530 18.563 0.043 4.53 638.0
2453583.63572 18.723 0.047 4.47 604.0
2453583.75564 18.502 0.064 6.60 806.0
2453584.64440 18.747 0.043 3.81 634.0
2453584.75899 18.717 0.064 5.93 696.0
2453585.63473 18.693 0.044 4.18 575.0
2453586.71980 18.828 0.046 3.74 676.0
2453589.67337 18.815 0.043 3.63 633.0
2453590.65731 18.640 0.038 3.60 669.0
2453591.68087 18.827 0.047 3.50 726.0
2453593.74779 18.780 0.073 5.70 923.0
2453594.71002 18.681 0.054 4.97 743.0
2453601.65856 18.645 0.052 4.00 1048.0
2453602.61914 18.643 0.052 3.96 1013.0
2453603.63921 18.724 0.061 5.19 809.0
2453607.63755 18.711 0.052 4.80 675.0
2453608.65292 18.676 0.055 5.33 680.0
2453615.58068 18.628 0.048 4.86 644.0
2453618.58229 18.632 0.055 4.63 826.0
2453620.54549 18.760 0.043 3.71 661.0
2453622.52335 18.600 0.054 4.95 731.0
2453628.59953 18.584 0.068 5.21 1178.0
2453630.53885 18.760 0.091 6.32 1068.0
2453632.58901 18.547 0.066 5.55 1097.0
2453634.48962 18.531 0.062 5.96 753.0
2453639.54848 18.745 0.047 3.77 774.0
2453641.54692 18.725 0.070 5.48 896.0
2453641.58705 18.923 0.087 5.51 914.0
2453644.50726 18.706 0.059 4.75 859.0
2453648.53906 18.682 0.067 5.88 784.0
2453650.58466 18.611 0.060 5.48 896.0
2453654.54309 18.560 0.081 4.86 2081.0
2453656.52434 18.567 0.054 3.89 1117.0
2453658.55616 18.647 0.091 6.60 1238.0
2453660.52877 18.695 0.076 4.75 1407.0
2453664.50560 18.543 0.056 4.43 1061.0
2453669.53117 18.587 0.072 6.31 944.0
2453675.51087 18.636 0.081 5.91 1249.0
2453776.86944 18.858 0.075 5.19 936.0
2453782.85414 18.713 0.087 6.00 1062.0
2453784.87943 18.712 0.052 3.86 1050.0
2453786.89903 18.734 0.084 4.38 1962.0
2453788.84959 18.746 0.074 4.10 1578.0
2453790.89202 18.811 0.065 3.60 1404.0
2453793.85932 18.721 0.050 3.75 992.0
2453795.84674 18.677 0.068 5.33 1074.0
2453798.80994 18.723 0.058 4.61 884.0
2453799.83411 18.717 0.066 4.76 1133.0
2453800.82904 18.550 0.055 5.09 901.0
2453801.88851 18.757 0.061 4.42 882.0
2453802.85410 18.768 0.059 4.17 900.0
2453803.88937 18.658 0.050 4.18 932.0
2453805.80584 18.721 0.064 5.02 936.0
2453806.77211 18.568 0.060 5.28 1023.0
2453807.79120 18.609 0.065 5.07 1157.0
2453808.79888 18.644 0.064 5.00 1152.0
2453809.88399 18.547 0.054 4.85 1072.0
2453810.85060 18.749 0.054 3.84 1063.0
2453811.84223 18.665 0.058 4.75 918.0
2453812.83832 18.609 0.062 4.94 1051.0
2453813.83115 18.703 0.053 4.21 982.0
2453814.83011 18.711 0.052 3.82 980.0
2453817.86165 18.796 0.067 4.22 1262.0
2453818.89073 18.829 0.058 4.03 934.0
2453819.80845 18.780 0.044 3.47 748.0
2453820.77509 18.689 0.049 4.24 788.0
2453821.77824 18.698 0.049 4.18 779.0
2453822.81764 18.685 0.051 4.18 826.0
2453824.74404 18.797 0.080 6.08 893.0
2453825.80887 18.680 0.060 5.26 806.0
2453826.73741 18.798 0.055 5.56 462.0
2453827.80521 18.604 0.041 3.85 696.0
2453828.77984 18.759 0.073 5.79 838.0
2453829.76202 18.729 0.064 5.48 797.0
2453830.73833 18.728 0.055 4.18 908.0
2453831.90748 18.842 0.056 4.18 819.0
2453832.71646 18.660 0.050 4.23 838.0
2453833.76212 18.684 0.051 4.64 737.0
2453834.74756 18.735 0.059 4.73 905.0
2453834.91875 18.656 0.060 4.50 985.0
2453835.73693 18.614 0.059 5.13 929.0
2453836.76797 18.499 0.066 5.98 1017.0
2453837.73533 18.645 0.069 5.48 1008.0
2453837.90709 18.697 0.046 3.55 936.0
2453838.74712 18.666 0.076 5.73 1068.0
2453838.91442 18.641 0.059 4.20 1140.0
2453839.74289 18.649 0.067 5.16 1125.0
2453840.70888 18.734 0.073 5.05 1266.0
2453840.91383 18.654 0.051 3.77 1088.0
2453841.74740 18.719 0.060 4.43 1097.0
2453841.89797 18.612 0.051 3.69 1279.0
2453842.85039 18.705 0.051 3.49 1169.0
2453845.72293 18.704 0.107 5.06 2829.0
2453845.91313 18.655 0.058 4.64 919.0
2453846.73358 18.670 0.045 3.77 765.0
2453846.92554 18.615 0.054 4.09 1001.0
2453847.79972 18.725 0.071 5.56 892.0
2453848.75468 18.551 0.048 4.66 749.0
2453849.75379 18.740 0.050 3.70 795.0
2453850.69785 18.636 0.048 4.06 832.0
2453850.86957 18.757 0.057 4.64 875.0
2453851.71300 18.743 0.061 5.16 803.0
2453851.87786 18.743 0.059 4.58 847.0
2453851.92400 18.762 0.066 4.97 917.0
2453852.70156 18.635 0.059 5.19 831.0
2453852.87280 18.674 0.055 4.71 804.0
2453853.68999 18.735 0.049 4.45 770.0
2453853.85829 18.693 0.048 4.14 722.0
2453853.92906 18.695 0.046 3.58 948.0
2453856.68002 18.712 0.051 3.85 955.0
2453856.84678 18.822 0.052 3.90 852.0
2453857.91768 18.508 0.047 4.42 904.0
2453858.76642 18.684 0.042 3.98 680.0
2453859.80460 18.665 0.044 4.19 620.0
2453860.67413 18.719 0.062 5.00 880.0
2453860.91296 18.561 0.052 4.71 913.0
2453861.67120 18.624 0.052 4.60 898.0
2453861.77578 18.678 0.047 4.13 761.0
2453862.70488 18.734 0.050 3.93 881.0
2453862.86788 18.649 0.048 3.84 952.0
2453863.63932 18.828 0.068 4.64 987.0
2453863.85701 18.697 0.042 3.57 747.0
2453863.93625 18.707 0.064 3.99 1293.0
2453864.67984 18.908 0.073 4.64 922.0
2453864.86991 18.754 0.045 3.57 736.0
2453865.69067 18.745 0.059 4.42 977.0
2453865.82738 18.838 0.053 3.75 851.0
2453865.90416 18.789 0.049 3.78 798.0
2453866.68911 18.690 0.050 3.85 899.0
2453866.82859 18.752 0.048 3.70 823.0
2453866.90748 18.641 0.042 3.50 845.0
2453867.63197 18.607 0.059 3.98 1482.0
2453867.81763 18.854 0.069 4.34 1117.0
2453867.89070 18.862 0.057 3.27 1127.0
2453868.71508 18.798 0.074 4.08 1306.0
2453868.86676 18.637 0.063 4.24 1237.0
2453869.69490 18.643 0.053 3.55 1362.0
2453869.87586 18.636 0.062 3.95 1565.0
2453872.89224 18.543 0.058 4.03 1517.0
2453873.64779 18.760 0.060 4.55 880.0
2453873.78988 18.627 0.048 3.77 940.0
2453873.86260 18.679 0.053 4.30 880.0
2453873.93224 18.669 0.060 4.37 1027.0
2453874.74686 18.472 0.048 4.89 790.0
2453875.66057 18.655 0.038 3.56 689.0
2453875.80804 18.745 0.048 3.73 822.0
2453875.90697 18.678 0.049 4.11 829.0
2453876.63779 18.589 0.041 4.18 694.0
2453877.63592 18.616 0.045 4.72 669.0
2453877.78724 18.574 0.037 3.66 707.0
2453877.86113 18.828 0.052 3.76 846.0
2453879.66736 18.665 0.039 3.93 626.0
2453880.83679 18.810 0.061 4.57 839.0
2453880.91557 18.467 0.043 4.39 943.0
2453881.66593 18.729 0.050 4.03 843.0
2453881.87747 18.713 0.045 3.50 881.0
2453881.92421 18.557 0.043 3.64 1028.0
2453882.75427 18.772 0.057 4.58 766.0
2453882.82850 18.693 0.053 4.19 877.0
2453882.89735 18.790 0.053 3.84 844.0
2453883.64367 18.778 0.073 5.53 866.0
2453883.84130 18.689 0.043 3.59 778.0
2453886.60576 18.625 0.054 4.85 886.0
2453886.79852 18.795 0.049 4.03 704.0
2453886.87035 18.668 0.055 4.86 797.0
2453887.57908 18.617 0.058 5.27 906.0
2453887.78162 18.686 0.044 3.92 723.0
2453887.88129 18.787 0.057 4.42 861.0
2453889.66155 18.786 0.050 4.10 711.0
2453889.93975 18.562 0.061 5.15 1066.0
2453890.64080 18.733 0.050 3.68 872.0
2453891.67117 18.631 0.058 5.16 802.0
2453891.79941 18.685 0.054 4.57 818.0
2453891.88140 18.512 0.050 4.95 860.0
2453893.62215 18.628 0.058 5.07 872.0
2453893.86681 18.859 0.081 5.76 915.0
2453894.67539 18.756 0.069 5.55 766.0
2453896.61301 18.735 0.090 6.22 1165.0
2453900.53430 18.564 0.075 5.75 1471.0
2453900.71998 18.613 0.084 4.17 1295.0
2453900.79931 18.542 0.050 3.56 4248.0
2453900.86798 18.770 0.065 4.04 1108.0
2453901.54443 18.524 0.050 4.87 901.0
2453901.72575 18.769 0.072 5.24 943.0
2453901.80303 18.723 0.060 4.69 902.0
2453901.87198 18.829 0.072 4.59 1138.0
2453902.56710 18.617 0.052 4.86 792.0
2453902.74663 18.629 0.047 4.10 849.0
2453902.86560 18.688 0.067 5.11 1065.0
2453903.65479 18.577 0.049 4.51 872.0
2453903.90421 18.462 0.063 5.96 1097.0
2453904.55538 18.748 0.050 4.09 839.0
2453904.71847 18.647 0.044 3.65 837.0
2453904.78751 18.869 0.057 3.95 802.0
2453904.88966 18.652 0.059 4.67 992.0
2453905.55219 18.639 0.048 4.16 827.0
2453905.72883 18.737 0.045 3.63 816.0
2453905.79888 18.724 0.041 3.30 817.0
2453905.86745 18.731 0.058 4.51 1011.0
2453906.56670 18.589 0.050 4.12 894.0
2453906.70652 18.782 0.053 4.09 771.0
2453906.77964 18.723 0.055 4.39 813.0
2453906.85890 18.849 0.067 4.69 886.0
2453907.59747 18.799 0.057 4.57 753.0
2453907.63765 18.747 0.069 5.66 784.0
2453907.77970 18.582 0.072 6.43 847.0
2453907.83260 18.602 0.069 5.75 941.0
2453907.86425 18.818 0.101 6.73 1011.0
2453908.53358 18.571 0.052 4.21 1075.0
2453908.71921 18.739 0.056 4.26 843.0
2453908.73706 18.774 0.056 3.99 847.0
2453908.76450 18.665 0.046 3.82 801.0
2453908.79931 18.701 0.050 4.13 762.0
2453908.87888 18.670 0.058 4.77 937.0
2453909.53537 18.672 0.059 4.82 977.0
2453909.71816 18.790 0.044 3.60 651.0
2453909.80863 18.693 0.043 3.72 714.0
2453909.88489 18.607 0.059 5.06 970.0
2453910.56482 18.691 0.058 4.65 896.0
2453912.53459 18.736 0.041 3.16 857.0
2453912.72192 18.683 0.036 3.30 647.0
2453912.81580 18.820 0.048 3.75 671.0
2453913.52606 18.830 0.051 3.66 831.0
2453913.73150 18.813 0.060 4.67 781.0
2453913.82042 18.661 0.044 3.78 784.0
2453914.54986 18.904 0.076 5.04 890.0
2453915.52758 18.699 0.060 4.67 928.0
2453915.72958 18.780 0.062 5.29 711.0
2453915.82778 18.757 0.051 4.23 735.0
2453916.56628 18.711 0.067 5.81 802.0
2453916.81019 18.664 0.057 5.08 756.0
2453917.61498 18.586 0.063 5.96 847.0
2453917.82070 18.675 0.065 5.34 900.0
2453918.60829 18.560 0.054 5.07 818.0
2453918.81847 18.809 0.077 5.64 855.0
2453919.54523 18.672 0.082 6.14 982.0
2453919.75524 18.681 0.043 4.01 670.0
2453920.51294 18.843 0.065 4.72 842.0
2453920.70904 18.571 0.052 5.04 803.0
2453920.79438 18.822 0.055 4.10 790.0
2453921.50911 18.747 0.059 3.63 1053.0
2453921.70835 18.542 0.070 6.04 877.0
2453921.72284 18.571 0.073 6.61 872.0
2453922.71277 18.875 0.085 6.07 811.0
2453930.54603 18.906 0.065 4.18 901.0
2453930.78784 18.898 0.104 6.65 1188.0
2453931.50165 18.950 0.078 4.81 957.0
2453932.52926 18.778 0.059 4.07 934.0
2453932.80100 18.825 0.072 4.97 948.0
2453933.51569 18.783 0.055 4.02 921.0
2453933.70012 18.758 0.047 3.83 740.0
2453933.77213 18.549 0.044 4.00 838.0
2453934.48958 18.682 0.050 3.97 923.0
2453934.65962 18.605 0.038 3.66 677.0
2453934.72945 18.781 0.048 3.90 742.0
2453935.53946 18.812 0.060 4.50 820.0
2453935.71079 18.778 0.067 5.58 724.0
2453935.80835 18.915 0.085 5.50 949.0
2453936.49286 18.586 0.059 5.01 902.0
2453936.65834 18.621 0.047 3.98 763.0
2453936.73474 18.608 0.058 4.62 929.0
2453937.55713 18.745 0.080 6.53 773.0
2453938.50065 18.823 0.074 4.98 937.0
2453938.69566 18.799 0.054 4.79 568.0
2453938.80080 18.896 0.088 6.56 781.0
2453940.58529 18.779 0.052 4.41 745.0
2453941.70190 18.579 0.063 6.65 669.0
2453944.55321 18.647 0.056 5.45 770.0
2453944.75357 18.772 0.061 5.15 762.0
2453945.78145 18.818 0.072 5.68 820.0
2453946.51231 18.596 0.062 5.72 860.0
2453946.70451 18.642 0.060 5.88 696.0
2453950.52113 18.752 0.055 4.52 753.0
2453950.73618 18.705 0.063 5.45 767.0
2453951.51387 18.472 0.049 4.67 862.0
2453951.74514 18.708 0.075 5.92 961.0
2453956.60687 18.724 0.076 5.51 1112.0
2453957.50549 18.904 0.092 4.79 1621.0
2453958.57628 18.539 0.049 4.57 872.0
2453959.50904 18.783 0.064 4.86 823.0
2453959.68349 18.660 0.057 4.81 872.0
2453960.49830 18.789 0.054 4.15 808.0
2453960.67738 18.709 0.044 3.55 816.0
2453961.56962 18.538 0.056 4.94 926.0
2453963.53092 18.729 0.052 4.38 743.0
2453963.70831 18.806 0.070 5.71 734.0
2453964.52601 18.843 0.057 4.11 821.0
2453964.73474 18.592 0.058 5.91 754.0
2453965.51047 18.786 0.050 3.86 755.0
2453965.70175 18.742 0.050 4.36 715.0
2453966.48564 18.651 0.054 4.12 911.0
2453966.68738 18.638 0.057 5.40 742.0
2453967.52002 18.805 0.075 5.58 819.0
2453967.71281 18.629 0.055 5.57 713.0
2453968.49814 18.623 0.057 4.80 916.0
2453968.66806 18.542 0.050 4.70 772.0
2453969.47977 18.728 0.059 4.84 791.0
2453969.68043 18.667 0.061 5.61 716.0
2453970.50887 18.559 0.058 5.58 807.0
2453970.68747 18.620 0.047 4.56 704.0
2453971.55274 18.469 0.057 5.79 753.0
2453973.57893 18.580 0.051 5.20 668.0
2453974.50822 18.729 0.059 4.76 794.0
2453974.69477 18.649 0.076 6.92 784.0
2453975.51113 18.665 0.049 4.40 761.0
2453975.68297 18.871 0.082 6.35 815.0
2453976.50568 18.659 0.046 4.07 766.0
2453976.68168 18.841 0.083 6.17 920.0
2453979.50792 18.727 0.102 5.62 1791.0
2453982.56856 18.684 0.059 4.57 959.0
2453982.58587 18.623 0.054 4.15 1121.0
2453983.52619 18.550 0.086 4.88 2077.0
2453986.58300 18.676 0.069 5.50 966.0
2453987.50536 18.781 0.068 5.28 836.0
2453988.51485 18.606 0.044 4.19 721.0
2453989.52886 18.813 0.060 4.49 798.0
2453990.54570 18.680 0.064 5.68 790.0
2453991.50143 18.816 0.086 6.65 803.0
2453993.55318 18.699 0.067 6.06 738.0
2453994.56382 18.880 0.076 5.49 799.0
2453995.57142 18.709 0.046 3.82 753.0
2453999.58668 18.864 0.071 5.09 807.0
2454002.49491 18.747 0.060 4.75 811.0
2454003.49239 18.635 0.050 4.45 833.0
2454004.52649 18.761 0.054 4.18 841.0
2454006.51944 18.739 0.058 4.77 842.0
2454012.49937 18.951 0.102 6.36 938.0
2454016.51497 18.562 0.066 5.96 994.0
2454018.55207 18.630 0.067 5.55 906.0
2454020.53801 18.599 0.067 5.82 904.0
2454023.53833 18.825 0.082 5.27 1198.0
2454025.55772 18.767 0.072 5.28 1007.0
2454031.49721 18.728 0.077 5.44 1101.0
2454038.50256 18.852 0.104 6.52 1115.0
2454040.51694 18.648 0.087 6.17 1167.0
2454041.49912 18.625 0.098 6.11 1578.0
2454043.50934 18.854 0.107 5.98 1509.0
2454141.87697 18.736 0.066 4.37 1237.0
2454150.89212 18.713 0.076 4.93 1390.0
2454153.88004 18.750 0.066 4.92 1014.0
2454156.85844 18.791 0.080 5.48 1031.0
2454158.87801 18.692 0.062 4.76 1091.0
2454161.84598 18.682 0.077 5.45 1315.0
2454163.82886 18.636 0.063 4.27 1599.0
2454165.81026 18.645 0.093 5.50 1797.0
2454168.80744 18.715 0.068 4.33 1332.0
2454170.79941 18.644 0.112 4.12 4835.0
2454175.79002 18.664 0.066 5.19 1035.0
2454176.90138 18.682 0.054 3.85 995.0
2454178.80512 18.685 0.063 5.12 923.0
2454179.84946 18.706 0.053 3.73 992.0
2454181.78584 18.725 0.072 5.70 946.0
2454182.83082 18.676 0.050 4.02 874.0
2454183.86695 18.673 0.059 4.86 940.0
2454184.90756 18.760 0.047 3.74 819.0
2454189.84278 18.706 0.065 5.17 926.0
2454191.80787 18.520 0.068 6.03 1151.0
2454193.74224 18.780 0.112 6.69 1509.0
2454194.78775 18.666 0.063 4.88 1100.0
2454196.77787 18.699 0.073 5.36 1220.0
2454202.75939 18.781 0.056 4.10 1036.0
2454203.74739 18.695 0.045 3.79 858.0
2454204.73969 18.678 0.066 5.31 1033.0
2454204.92198 18.666 0.057 4.30 1033.0
2454205.73622 18.693 0.058 4.99 833.0
2454207.72568 18.707 0.065 5.11 1011.0
2454208.74776 18.676 0.055 4.38 908.0
2454211.79194 18.822 0.071 4.94 890.0
2454212.86910 18.589 0.073 6.37 899.0
2454212.89050 18.782 0.085 6.05 912.0
2454212.91084 18.640 0.074 6.01 936.0
2454213.71231 18.694 0.070 5.66 947.0
2454213.77199 18.585 0.049 4.28 896.0
2454213.91586 18.664 0.049 3.66 984.0
2454215.74501 18.597 0.062 5.53 936.0
2454216.70279 18.656 0.061 4.94 995.0
2454216.92718 18.615 0.069 5.50 1076.0
2454217.71024 18.721 0.056 4.24 1008.0
2454217.91388 18.682 0.044 3.27 942.0
2454218.75985 18.676 0.075 5.81 978.0
2454219.75803 18.770 0.066 4.92 931.0
2454219.80957 18.620 0.054 4.50 936.0
2454220.65774 18.574 0.088 6.91 1281.0
2454220.70277 18.735 0.077 5.77 1061.0
2454220.92493 18.614 0.084 6.36 1139.0
2454220.93101 18.640 0.113 7.39 1464.0
2454221.65638 18.614 0.091 6.60 1382.0
2454222.67149 18.527 0.078 6.08 1455.0
2454222.91622 18.679 0.059 3.94 1302.0
2454224.78495 18.729 0.068 4.33 1399.0
2454227.88062 18.693 0.071 4.54 1429.0
2454228.64118 18.712 0.081 5.39 1434.0
2454228.68037 18.657 0.060 4.50 1174.0
2454228.91396 18.920 0.092 4.75 1501.0
2454229.67404 18.576 0.066 5.68 1078.0
2454229.87101 18.755 0.059 3.99 1081.0
2454229.93821 18.658 0.070 4.21 1756.0
2454230.68377 18.645 0.051 4.16 904.0
2454230.87180 18.703 0.064 4.58 1069.0
2454230.93669 18.604 0.094 6.28 1536.0
2454231.62610 18.640 0.068 5.33 1110.0
2454231.77031 18.695 0.056 4.19 1060.0
2454231.89450 18.702 0.073 5.19 1143.0
2454231.93761 18.579 0.093 5.78 1919.0
2454232.62919 18.566 0.072 5.89 1193.0
2454232.83918 18.569 0.079 6.07 1219.0
2454233.80996 18.653 0.075 5.86 1097.0
2454234.71162 18.815 0.072 5.19 1036.0
2454235.63965 18.637 0.059 4.57 1161.0
2454235.80087 18.785 0.052 3.68 924.0
2454235.89331 18.735 0.060 4.26 1001.0
2454238.62554 18.634 0.076 5.83 1170.0
2454238.87799 18.657 0.062 4.40 1214.0
2454239.62644 18.761 0.089 6.38 1039.0
2454240.67966 18.629 0.062 5.22 942.0
2454240.81692 18.726 0.059 4.43 958.0
2454243.64549 18.650 0.071 5.74 1030.0
2454243.73820 18.633 0.057 4.85 945.0
2454243.83196 18.738 0.072 5.42 1005.0
2454244.61786 18.755 0.085 6.26 1127.0
2454244.71408 18.759 0.064 4.78 966.0
2454244.80690 18.686 0.059 4.32 1019.0
2454245.61093 18.743 0.062 5.31 780.0
2454245.70484 18.656 0.053 4.62 831.0
2454245.80068 18.692 0.048 3.88 833.0
2454246.66926 18.690 0.057 4.54 956.0
2454246.76211 18.628 0.056 4.57 995.0
2454246.85543 18.866 0.078 4.89 1091.0
2454247.68446 18.596 0.054 4.61 1021.0
2454247.82805 18.743 0.060 4.40 974.0
2454250.73262 18.617 0.057 4.16 1231.0
2454251.80421 18.692 0.100 5.79 1760.0
2454256.62034 18.683 0.088 5.65 1592.0
2454256.76634 18.782 0.089 5.92 1175.0
2454257.65198 18.693 0.072 5.46 1081.0
2454258.63554 18.729 0.079 6.09 987.0
2454258.75800 18.670 0.059 4.45 1013.0
2454258.85213 18.672 0.066 4.78 1143.0
2454267.59612 18.753 0.083 5.80 1036.0
2454268.55933 18.992 0.090 5.54 929.0
2454268.84219 18.705 0.056 4.03 1055.0
2454269.57854 18.765 0.063 4.86 986.0
2454269.69908 18.751 0.058 4.55 827.0
2454269.78832 18.774 0.058 4.42 825.0
2454270.57209 18.826 0.078 5.49 1080.0
2454272.60044 18.694 0.058 4.30 1085.0
2454272.74959 18.685 0.051 4.07 909.0
2454272.80883 18.860 0.074 4.96 1003.0
2454272.88037 18.796 0.090 5.23 1444.0
2454273.61756 18.762 0.085 6.03 1052.0
2454273.79821 18.648 0.069 4.69 1309.0
2454273.85935 18.710 0.100 6.36 1411.0
2454274.55020 18.760 0.078 5.21 1266.0
2454274.70397 18.741 0.075 5.29 1093.0
2454274.76509 18.696 0.066 4.83 1104.0
2454274.82349 18.638 0.063 4.94 1092.0
2454275.60265 18.696 0.059 4.43 1049.0
2454275.77799 18.818 0.076 4.71 1233.0
2454275.83648 18.776 0.087 5.16 1399.0
2454276.58742 18.606 0.071 5.81 1085.0
2454277.53122 18.675 0.090 6.15 1372.0
2454277.70813 18.641 0.056 4.18 1055.0
2454277.76682 18.693 0.072 5.16 1084.0
2454277.82546 18.739 0.102 6.69 1279.0
2454278.57551 18.655 0.084 6.10 1311.0
2454278.75228 18.636 0.080 6.15 1173.0
2454283.51065 18.685 0.074 4.47 1615.0
2454283.73096 18.807 0.097 4.62 1832.0
2454284.50559 18.785 0.083 5.02 1281.0
2454284.69575 18.638 0.060 4.22 1184.0
2454284.75852 18.764 0.063 3.90 1204.0
2454284.82335 18.688 0.084 5.20 1505.0
2454285.50869 18.704 0.084 5.22 1373.0
2454285.69681 18.659 0.062 4.52 1074.0
2454285.76327 18.608 0.059 4.46 1030.0
2454285.82856 18.747 0.072 4.53 1189.0
2454286.50838 18.798 0.079 5.07 1233.0
2454289.51621 18.588 0.069 5.19 1170.0
2454289.73474 18.680 0.064 4.57 1046.0
2454289.79987 18.663 0.069 5.23 1084.0
2454290.56252 18.747 0.087 6.62 948.0
2454291.62513 18.706 0.059 4.61 938.0
2454291.78783 18.641 0.089 7.17 984.0
2454292.49078 18.701 0.056 4.19 1127.0
2454292.66997 18.717 0.053 3.89 947.0
2454292.72854 18.816 0.055 3.84 917.0
2454292.78709 18.679 0.053 3.88 1000.0
2454293.49112 18.517 0.055 4.90 1030.0
2454293.71571 18.731 0.054 4.20 858.0
2454293.77451 18.867 0.071 4.79 920.0
2454294.49029 18.644 0.065 5.13 1109.0
2454295.49742 18.725 0.069 5.58 950.0
2454295.69543 18.667 0.045 3.85 740.0
2454295.75400 18.698 0.048 4.02 741.0
2454296.49438 18.717 0.075 5.63 1031.0
2454296.69097 18.704 0.054 4.91 777.0
2454296.82385 18.853 0.099 6.90 953.0
2454297.51399 18.616 0.066 5.54 970.0
2454297.71559 18.712 0.051 4.41 750.0
2454298.54886 18.747 0.075 5.73 883.0
2454298.65458 18.671 0.060 4.97 790.0
2454298.75420 18.725 0.073 5.75 865.0
2454299.53187 18.751 0.050 3.76 882.0
2454299.62489 18.668 0.046 3.91 785.0
2454299.71707 18.690 0.045 3.71 747.0
2454299.81164 18.756 0.078 5.98 863.0
2454300.52756 18.679 0.060 4.44 921.0
2454300.64762 18.734 0.057 4.51 787.0
2454300.74316 18.693 0.057 4.30 866.0
2454301.51844 18.702 0.057 4.25 1053.0
2454301.61421 18.694 0.048 3.86 912.0
2454301.71484 18.714 0.053 4.09 858.0
2454301.80516 18.626 0.054 4.79 880.0
2454302.59141 18.615 0.061 5.01 879.0
2454302.69159 18.754 0.064 4.80 845.0
2454303.67746 18.659 0.076 6.46 822.0
2454304.55156 18.608 0.070 5.11 1335.0
2454304.66967 18.701 0.085 5.65 1232.0
2454306.63551 18.719 0.068 5.05 1053.0
2454306.68915 18.734 0.074 5.39 1037.0
2454310.61471 18.747 0.091 4.32 2020.0
2454311.76339 18.788 0.119 6.20 1845.0
2454312.54700 18.809 0.091 5.23 1479.0
2454312.74544 18.820 0.067 4.29 1103.0
2454316.71118 18.762 0.078 5.45 1021.0
2454317.55926 18.685 0.051 3.98 864.0
2454319.77136 18.908 0.087 5.51 1018.0
2454320.54332 18.740 0.059 4.26 886.0
2454326.51058 18.687 0.059 4.75 947.0
2454326.70776 18.816 0.077 5.50 848.0
2454327.58909 18.597 0.078 6.65 900.0
2454327.73037 18.829 0.098 6.60 1018.0
2454328.51589 18.646 0.069 5.01 1119.0
2454328.69392 18.743 0.068 4.61 1024.0
2454329.52576 18.748 0.065 4.39 960.0
2454329.67363 18.838 0.077 4.94 925.0
2454330.49678 18.664 0.060 4.54 983.0
2454330.69004 18.750 0.063 4.70 927.0
2454331.47689 18.597 0.076 5.94 1195.0
2454331.68575 18.619 0.070 6.08 872.0
2454332.50667 18.595 0.048 4.20 960.0
2454333.52775 18.698 0.068 4.70 1092.0
2454333.68888 18.761 0.078 5.56 982.0
2454334.50112 18.845 0.129 6.23 1879.0
2454334.62934 18.767 0.146 4.82 4524.0
2454338.50097 18.733 0.070 3.98 1477.0
2454339.47835 18.835 0.085 4.50 1563.0
2454339.69478 18.559 0.091 6.68 1420.0
2454340.59863 18.562 0.060 4.33 1257.0
2454341.50166 18.657 0.084 5.82 1220.0
2454342.53086 18.589 0.059 4.54 1033.0
2454343.50967 18.664 0.045 3.27 1031.0
2454344.53790 18.621 0.077 5.84 1109.0
2454345.50311 18.636 0.049 3.80 1013.0
2454346.51578 18.776 0.081 5.50 1092.0
2454347.53048 18.769 0.069 4.88 931.0
2454349.49170 18.663 0.067 5.10 987.0
2454350.53879 18.634 0.051 3.88 964.0
2454351.50468 18.748 0.062 4.39 951.0
2454352.55522 18.579 0.076 6.36 998.0
2454353.50858 18.719 0.057 4.02 1062.0
2454354.53729 18.607 0.049 3.85 988.0
2454355.53892 18.665 0.064 4.92 1032.0
2454356.50530 18.753 0.062 4.42 962.0
2454357.53437 18.605 0.069 5.64 1009.0
2454358.49741 18.702 0.073 5.35 1048.0
2454359.53497 18.651 0.059 4.71 953.0
2454360.55947 18.626 0.069 5.40 994.0
2454361.56772 18.657 0.082 5.80 1160.0
2454362.50947 18.687 0.073 4.26 1689.0
2454365.56028 18.569 0.079 5.79 1320.0
2454367.48637 18.755 0.061 3.67 1365.0
2454368.53000 18.760 0.089 5.71 1249.0
2454370.48728 18.699 0.077 5.06 1271.0
2454371.53245 18.620 0.054 3.86 1143.0
2454372.51821 18.738 0.048 3.30 966.0
2454373.50438 18.710 0.076 5.13 1123.0
2454376.56910 18.619 0.090 6.73 1139.0
2454377.60635 18.760 0.085 6.01 1125.0
2454378.51689 18.660 0.061 4.58 969.0
2454379.53194 18.537 0.077 6.35 1080.0
2454380.54343 18.734 0.066 4.59 1026.0
2454382.56466 18.756 0.086 5.64 1196.0
2454383.55519 18.702 0.074 4.91 1266.0
2454384.52937 18.760 0.082 5.53 1052.0
2454387.58608 18.744 0.070 4.38 1246.0
2454393.52922 18.828 0.070 4.11 1265.0
2454394.54456 18.650 0.071 4.59 1366.0
2454395.51598 18.715 0.075 4.38 1337.0
2454396.50797 18.612 0.086 5.38 1549.0
2454397.53227 18.635 0.071 4.45 1588.0
2454398.53721 18.681 0.074 4.33 1555.0
2454399.52987 18.606 0.079 5.12 1498.0
2454400.53194 18.688 0.089 5.45 1737.0
2454402.54837 18.692 0.092 6.09 1274.0
2454403.54741 18.634 0.087 5.62 1321.0
2454408.53819 18.682 0.086 5.72 1367.0
2454507.85354 18.551 0.073 6.18 1097.0
2454510.85891 18.573 0.063 5.50 1054.0
2454513.86004 18.771 0.063 4.60 1014.0
2454517.85915 18.809 0.109 6.34 1395.0
2454519.88012 18.715 0.058 4.44 1005.0
2454522.87402 18.597 0.083 6.49 1134.0
2454524.80991 18.650 0.070 5.09 1269.0
2454530.81751 18.705 0.051 3.99 974.0
2454533.85111 18.709 0.066 5.35 918.0
2454535.83536 18.653 0.075 6.28 926.0
2454536.89378 18.555 0.052 4.96 871.0
2454537.87943 18.701 0.049 4.28 767.0
2454538.81454 18.686 0.065 5.25 972.0
2454539.85261 18.674 0.058 5.10 827.0
2454540.79876 18.720 0.051 3.84 959.0
2454541.79148 18.727 0.053 4.45 854.0
2454542.78618 18.841 0.078 5.68 938.0
2454543.78170 18.696 0.059 4.79 972.0
2454544.77861 18.806 0.073 4.86 1115.0
2454545.78492 18.657 0.061 4.70 1114.0
2454546.79206 18.948 0.075 4.05 1119.0
2454547.78601 18.691 0.058 4.09 1203.0
2454548.79700 18.703 0.082 6.00 1177.0
2454550.74003 18.779 0.086 5.95 1167.0
2454551.76322 18.748 0.062 4.20 1130.0
2454552.75915 18.537 0.099 5.27 2884.0
2454556.75525 18.783 0.054 4.34 815.0
2454557.77249 18.857 0.063 4.70 831.0
2454558.74944 18.709 0.054 4.77 823.0
2454558.91923 18.757 0.064 4.00 1267.0
2454559.74734 18.806 0.056 4.53 757.0
2454560.74745 18.676 0.053 4.77 735.0
2454561.73752 18.735 0.059 4.72 855.0
2454561.92370 18.709 0.070 3.98 1792.0
2454564.72770 18.657 0.055 5.11 800.0
2454564.92819 18.764 0.086 5.53 1384.0
2454565.72580 18.635 0.043 4.07 794.0
2454565.91663 18.728 0.048 4.07 822.0
2454566.72526 18.617 0.047 4.20 802.0
2454566.92246 18.784 0.059 4.25 1121.0
2454567.71824 18.747 0.061 4.83 888.0
2454567.92413 18.729 0.066 4.34 1373.0
2454568.72687 18.740 0.065 5.14 896.0
2454569.73595 18.573 0.056 5.45 836.0
2454570.72660 18.707 0.068 5.66 920.0
2454571.72121 18.843 0.086 6.10 957.0
2454571.90979 18.673 0.052 4.74 827.0
2454572.74871 18.679 0.053 4.67 907.0
2454573.73712 18.638 0.060 5.27 1021.0
2454573.90347 18.730 0.050 4.46 789.0
2454574.73949 18.566 0.057 4.59 1055.0
2454575.74856 18.606 0.057 4.62 1082.0
2454576.75508 18.725 0.057 4.06 1190.0
2454577.83677 18.732 0.065 4.70 1080.0
2454578.80499 18.703 0.068 4.99 1093.0
2454579.86474 18.679 0.087 4.31 2558.0
2454583.73154 18.533 0.061 5.34 1091.0
2454583.91768 18.731 0.057 4.48 947.0
2454585.75524 18.750 0.067 5.40 872.0
2454586.78046 18.923 0.091 6.15 898.0
2454587.76816 18.744 0.073 5.77 885.0
2454588.69068 18.758 0.079 6.48 946.0
2454588.92153 18.705 0.055 4.30 961.0
2454589.67358 18.642 0.058 4.79 921.0
2454589.82898 18.791 0.066 4.83 855.0
2454589.89100 18.839 0.071 4.82 912.0
2454590.69638 18.642 0.062 5.10 1004.0
2454590.89885 18.592 0.051 4.07 1025.0
2454591.70485 18.865 0.069 4.60 1027.0
2454591.82976 18.767 0.058 4.33 956.0
2454591.89686 18.748 0.059 4.13 1048.0
2454592.66348 18.641 0.062 4.63 1238.0
2454592.85275 18.675 0.077 5.46 1205.0
2454592.93109 18.813 0.070 3.95 1429.0
2454593.65262 18.647 0.061 4.98 983.0
2454593.86231 18.638 0.052 4.26 1008.0
2454594.67368 18.787 0.062 4.58 901.0
2454594.86868 18.734 0.065 5.01 1000.0
2454594.93417 18.763 0.075 5.01 1192.0
2454595.66316 18.769 0.062 4.59 906.0
2454595.85756 18.706 0.058 4.99 849.0
2454595.91944 18.715 0.071 5.81 890.0
2454596.65836 18.805 0.071 5.42 899.0
2454597.68282 18.765 0.060 5.03 825.0
2454597.87433 18.787 0.065 4.75 976.0
2454598.65913 18.736 0.047 4.22 745.0
2454598.92778 18.718 0.068 4.81 1055.0
2454599.63157 18.693 0.074 5.60 1032.0
2454599.92213 18.748 0.073 5.29 987.0
2454600.64085 18.655 0.049 4.46 831.0
2454600.84954 18.746 0.056 4.71 923.0
2454601.64640 18.756 0.054 4.07 972.0
2454601.86265 18.833 0.058 4.33 806.0
2454601.92452 18.690 0.063 5.27 838.0
2454602.63905 18.593 0.048 4.23 935.0
2454602.84847 18.691 0.051 4.35 888.0
2454603.76650 18.681 0.060 4.72 942.0
2454606.64031 18.632 0.067 5.09 1416.0
2454606.89541 18.714 0.064 3.89 1467.0
2454610.73649 18.693 0.051 3.73 1079.0
2454610.94368 18.784 0.092 4.32 2150.0
2454611.62583 18.869 0.080 4.91 1079.0
2454611.81668 18.605 0.050 4.27 1059.0
2454612.64720 18.584 0.063 4.79 1239.0
2454615.78893 18.582 0.060 5.25 968.0
2454616.59794 18.557 0.071 6.23 1019.0
2454616.81445 18.722 0.068 5.66 854.0
2454616.88445 18.560 0.058 5.01 1065.0
2454617.66694 18.712 0.056 4.67 854.0
2454618.60970 18.578 0.060 5.56 922.0
2454620.63471 18.711 0.088 6.66 1036.0
2454621.90921 18.880 0.062 3.85 1069.0
2454621.93037 18.663 0.058 4.53 1090.0
2454622.56953 18.487 0.071 6.20 1083.0
2454622.80814 18.618 0.062 5.54 939.0
2454622.91879 18.572 0.086 6.66 1247.0
2454623.63246 18.661 0.078 6.89 852.0
2454623.86725 18.749 0.082 5.67 1161.0
2454624.58721 18.687 0.068 5.38 1065.0
2454624.81137 18.691 0.066 5.40 902.0
2454624.87773 18.663 0.057 4.66 923.0
2454625.60130 18.623 0.070 5.96 924.0
2454625.79168 18.812 0.078 5.60 1002.0
2454625.90763 18.561 0.075 6.30 1069.0
2454626.59981 18.892 0.078 5.66 844.0
2454626.85511 18.536 0.062 5.78 906.0
2454627.56027 18.817 0.076 5.14 1031.0
2454627.83363 18.694 0.045 3.82 758.0
2454627.91682 18.676 0.051 4.28 841.0
2454628.54681 18.715 0.066 4.85 1071.0
2454628.75383 18.710 0.061 5.48 844.0
2454628.81928 18.744 0.070 5.28 869.0
2454628.88916 18.748 0.068 5.11 977.0
2454629.62497 18.654 0.048 3.83 813.0
2454629.82761 18.752 0.066 4.84 1007.0
2454629.90561 18.715 0.059 4.39 984.0
2454630.56090 18.612 0.066 5.10 1072.0
2454630.76674 18.783 0.062 4.79 965.0
2454630.85011 18.647 0.053 4.32 947.0
2454630.91288 18.803 0.081 5.37 1097.0
2454631.56231 18.711 0.050 3.86 1019.0
2454631.77805 18.721 0.050 4.25 864.0
2454631.86472 18.691 0.059 4.33 1092.0
2454632.56608 18.686 0.054 3.96 1134.0
2454632.85283 18.693 0.064 4.42 1205.0
2454633.56608 18.681 0.055 3.96 1189.0
2454633.67758 18.666 0.051 4.12 1007.0
2454633.79335 18.758 0.060 4.05 1117.0
2454638.75111 18.710 0.072 5.33 1086.0
2454638.86133 18.757 0.086 4.46 1936.0
2454639.57367 18.747 0.071 4.71 1260.0
2454639.67146 18.599 0.055 4.12 1306.0
2454640.59319 18.598 0.050 4.36 937.0
2454640.72536 18.823 0.071 5.65 870.0
2454640.83037 18.774 0.076 5.47 1024.0
2454641.66718 18.708 0.060 4.68 909.0
2454641.77714 18.708 0.067 5.09 964.0
2454642.59107 18.727 0.055 4.24 940.0
2454642.75361 18.627 0.060 5.41 842.0
2454642.82866 18.697 0.064 4.88 1017.0
2454643.54888 18.630 0.066 5.66 923.0
2454644.59625 18.867 0.093 6.44 916.0
2454644.85522 18.745 0.063 4.75 901.0
2454645.51932 18.607 0.071 5.33 1315.0
2454645.76778 18.693 0.066 4.95 962.0
2454645.84250 18.760 0.077 5.08 1167.0
2454646.51734 18.813 0.066 4.37 1137.0
2454646.84974 18.675 0.064 4.61 1141.0
2454647.51371 18.826 0.084 4.59 1413.0
2454647.73676 18.660 0.068 5.09 1013.0
2454647.84780 18.845 0.089 5.60 1139.0
2454648.49689 18.741 0.072 4.57 1262.0
2454648.71052 18.654 0.061 5.18 880.0
2454648.81438 18.786 0.077 5.69 958.0
2454649.52297 18.689 0.080 5.84 1129.0
2454649.73167 18.696 0.047 3.76 813.0
2454649.85806 18.836 0.079 5.13 1104.0
2454650.50894 18.741 0.074 5.07 1263.0
2454650.77288 18.644 0.056 4.53 844.0
2454650.86657 18.970 0.092 5.12 1139.0
2454651.51229 18.987 0.121 6.17 1265.0
2454651.80745 18.635 0.068 5.18 1052.0
2454652.50335 18.776 0.075 4.95 1208.0
2454652.71647 18.769 0.060 4.72 875.0
2454652.79138 18.675 0.062 5.07 923.0
2454652.84111 18.814 0.085 5.70 1086.0
2454653.49969 18.854 0.097 5.93 1229.0
2454653.71888 18.558 0.054 4.77 975.0
2454653.78407 18.553 0.062 5.31 1016.0
2454654.53850 18.728 0.067 5.27 990.0
2454654.74997 18.750 0.067 5.21 892.0
2454654.81506 18.834 0.111 6.78 1196.0
2454655.49954 18.711 0.086 5.69 1373.0
2454655.72405 18.692 0.049 4.16 777.0
2454655.78584 18.870 0.073 4.92 939.0
2454656.50153 18.620 0.048 3.83 957.0
2454656.69127 18.752 0.068 4.66 1056.0
2454656.81051 18.767 0.086 5.10 1379.0
2454657.72648 18.602 0.070 5.94 893.0
2454658.65986 18.580 0.056 4.72 947.0
2454659.59398 18.715 0.085 6.25 961.0
2454660.61229 18.664 0.064 5.11 1010.0
2454661.48957 18.764 0.078 4.88 1467.0
2454661.69025 18.588 0.063 4.77 1149.0
2454661.75174 18.746 0.071 4.24 1228.0
2454661.81894 18.646 0.074 4.95 1422.0
2454665.65702 18.580 0.076 5.10 1736.0
2454666.56248 18.698 0.063 4.40 1335.0
2454666.70555 18.767 0.070 4.64 1216.0
2454666.74769 18.715 0.072 4.82 1261.0
2454670.64716 18.637 0.067 5.82 890.0
2454671.58268 18.719 0.051 4.47 735.0
2454672.50818 18.684 0.050 3.93 945.0
2454672.70066 18.746 0.056 4.11 965.0
2454672.72293 18.640 0.060 4.91 952.0
2454674.51128 18.742 0.078 5.82 939.0
2454674.70441 18.738 0.062 4.70 889.0
2454675.67876 18.592 0.056 4.74 925.0
2454677.48789 18.802 0.063 4.47 1032.0
2454677.63431 18.549 0.057 5.45 852.0
2454677.77679 18.751 0.068 5.26 912.0
2454678.69129 18.806 0.064 4.85 768.0
2454679.49351 18.724 0.087 6.65 944.0
2454681.52929 18.696 0.065 5.70 850.0
2454681.62931 18.548 0.058 5.84 788.0
2454681.76152 18.694 0.061 4.54 1017.0
2454682.50029 18.657 0.054 4.34 968.0
2454682.65762 18.602 0.050 4.48 788.0
2454682.75285 18.801 0.064 4.60 903.0
2454683.51883 18.687 0.073 5.49 1102.0
2454683.70573 18.792 0.083 6.18 831.0
2454684.51138 18.682 0.061 4.42 1120.0
2454684.72506 18.711 0.052 4.14 816.0
2454685.49630 18.628 0.074 5.82 1058.0
2454685.73128 18.795 0.072 5.29 979.0
2454686.50006 18.736 0.061 4.18 1020.0
2454687.48384 18.894 0.075 4.62 998.0
2454687.73934 18.782 0.070 4.88 1028.0
2454688.49677 18.613 0.066 5.06 1078.0
2454688.68660 18.682 0.058 4.60 875.0
2454688.74841 18.542 0.063 5.40 1052.0
2454693.54434 18.639 0.052 3.89 1151.0
2454694.53961 18.556 0.077 6.25 1126.0
2454697.50023 18.602 0.053 4.67 886.0
2454698.50576 18.714 0.052 4.14 836.0
2454699.50193 18.713 0.064 4.90 956.0
2454700.50819 18.656 0.057 4.69 912.0
2454701.50347 18.718 0.062 4.66 966.0
2454702.50197 18.717 0.053 4.14 920.0
2454703.57249 18.683 0.064 5.23 893.0
2454704.64223 18.557 0.048 4.56 824.0
2454705.50567 18.671 0.053 4.25 934.0
2454707.63600 18.816 0.062 4.63 798.0
2454708.53888 18.746 0.085 6.86 902.0
2454709.51499 18.616 0.071 5.84 979.0
2454710.54461 18.631 0.061 5.08 935.0
2454715.58394 18.747 0.086 6.38 1002.0
2454715.60096 18.719 0.081 6.08 1030.0
2454716.48542 18.784 0.060 3.81 1213.0
2454716.58634 18.647 0.074 4.65 1660.0
2454720.55350 18.606 0.066 5.00 1192.0
2454721.48504 18.774 0.107 6.55 1307.0
2454722.51759 18.579 0.060 4.98 1117.0
2454724.50739 18.608 0.074 5.44 1153.0
2454724.54495 18.742 0.073 4.78 1210.0
2454724.58350 18.866 0.093 5.36 1287.0
2454724.61978 18.801 0.092 5.46 1369.0
2454724.65368 18.635 0.087 5.41 1592.0
2454725.48621 18.615 0.085 6.47 1179.0
2454726.54711 18.536 0.078 6.17 1079.0
2454728.59223 18.489 0.068 6.10 982.0
2454729.54772 18.831 0.100 6.99 920.0
2454730.56408 18.700 0.059 4.42 895.0
2454731.57097 18.610 0.060 5.02 870.0
2454733.52266 18.774 0.069 4.87 876.0
2454734.55204 18.485 0.061 5.55 968.0
2454737.54294 18.567 0.064 5.92 866.0
2454740.55345 18.658 0.070 5.38 966.0
2454741.56114 18.742 0.066 4.90 972.0
2454743.53609 18.710 0.070 5.00 973.0
2454753.54700 18.775 0.084 5.45 1222.0
2454756.52584 18.630 0.071 5.16 1119.0
2454758.50867 18.716 0.080 5.18 1232.0
2454868.87897 18.727 0.065 4.80 1095.0
2454869.86286 18.760 0.068 4.79 1069.0
2454873.85169 18.755 0.073 4.65 1297.0
2454874.84617 18.734 0.083 5.61 1310.0
2454877.84599 18.712 0.058 4.11 1052.0
2454884.85353 18.741 0.064 5.05 1071.0
2454886.90008 18.764 0.121 6.38 2183.0
2454890.88158 18.711 0.057 4.98 847.0
2454896.86981 18.651 0.050 3.94 852.0
2454899.84073 18.686 0.061 4.59 1041.0
2454900.88216 18.856 0.064 4.40 1008.0
2454901.88058 18.563 0.049 4.69 1009.0
2454902.87927 18.717 0.053 4.11 982.0
2454904.80337 18.610 0.055 4.41 1058.0
2454905.90735 18.798 0.074 4.82 1207.0
2454910.80926 18.597 0.063 4.11 1646.0
2454911.77987 18.752 0.049 4.20 757.0
2454912.77680 18.524 0.038 3.86 781.0
2454914.79386 18.608 0.049 4.66 748.0
2454917.75492 18.437 0.039 3.97 848.0
2454920.73509 17.996 0.028 4.49 773.0
2454924.77614 18.299 0.037 4.13 875.0
2454925.81607 18.309 0.036 4.38 890.0
2454925.90313 18.448 0.038 4.31 841.0
2454927.71579 18.597 0.069 5.49 1141.0
2454927.87026 18.501 0.057 5.88 921.0
2454928.73225 18.509 0.057 5.06 1001.0
2454929.78851 18.648 0.057 5.09 998.0
2454930.70301 18.546 0.060 4.37 1389.0
2454930.82195 18.734 0.069 4.94 1151.0
2454931.71785 18.726 0.075 4.56 1364.0
2454931.86352 18.604 0.059 5.30 1082.0
2454932.72090 18.668 0.056 3.85 1244.0
2454932.82156 18.601 0.048 4.45 1068.0
2454933.76923 18.851 0.081 5.03 1193.0
2454934.76763 18.915 0.115 5.58 1643.0
2454934.87248 18.453 0.077 5.17 2086.0
2454938.67822 18.723 0.068 4.55 1204.0
2454938.88288 18.738 0.070 5.81 982.0
2454939.69714 18.825 0.073 5.42 929.0
2454940.69714 18.753 0.063 4.74 894.0
2454941.67590 18.568 0.066 5.95 1003.0
2454941.77390 18.748 0.067 6.15 855.0
2454941.89227 18.868 0.092 8.37 853.0
2454942.71367 18.819 0.054 3.85 851.0
2454943.66772 18.713 0.049 3.70 890.0
2454943.80722 18.632 0.054 5.33 821.0
2454944.66453 18.599 0.051 4.05 938.0
2454944.81997 18.616 0.049 4.83 811.0
2454945.71300 18.464 0.042 4.16 864.0
2454945.76944 18.667 0.050 4.68 830.0
2454946.66265 18.614 0.057 4.90 889.0
2454947.65632 18.742 0.056 4.52 845.0
2454947.85427 18.789 0.052 4.30 917.0
2454948.83688 18.729 0.046 4.47 759.0
2454951.64502 18.731 0.065 4.92 1013.0
2454952.64326 18.679 0.064 5.54 877.0
2454953.63690 18.758 0.067 4.88 1032.0
2454953.81147 18.677 0.057 4.92 916.0
2454954.63843 18.798 0.071 4.81 963.0
2454954.83130 18.757 0.058 4.67 808.0
2454955.63914 18.812 0.080 5.10 1083.0
2454955.77250 18.482 0.056 6.02 822.0
