2072.60108 17.763 0.042 11  0 A
2072.61102 17.682 0.031 11  0 A
2072.62234 17.696 0.034 11  0 A
2072.63095 17.643 0.031 11  0 A
2072.63958 17.674 0.030 11  0 A
2072.65503 17.657 0.029 11  0 A
2072.66365 17.682 0.030 11  0 A
2072.67231 17.649 0.027 11  0 A
2072.68095 17.654 0.029 11  0 A
2072.68960 17.660 0.032 11  0 A
2072.69825 17.650 0.031 11  0 A
2072.72835 17.646 0.026 11  0 A
2072.73697 17.641 0.027 11  0 A
2072.74556 17.633 0.025 11  0 A
2072.75421 17.686 0.031 11  0 A
2072.76281 17.673 0.030 11  0 A
2072.77143 17.636 0.028 11  0 A
2072.78046 17.644 0.029 11  0 A
2072.78907 17.651 0.029 11  0 A
2072.79767 17.668 0.028 11  0 A
2072.80629 17.645 0.029 11  0 A
2072.81493 17.663 0.031 11  0 A
2072.82353 17.657 0.031 11  0 A
2072.83306 17.680 0.032 11  0 A
2072.84195 17.658 0.032 11  0 A
2072.85106 17.649 0.035 11  0 A
2072.86194 17.659 0.033 11  0 A
2072.87052 17.672 0.034 11  0 A
2072.87913 17.613 0.037 11  0 A
2072.89329 17.720 0.045 11  0 A
2072.90189 17.762 0.043 11  0 A
2072.91045 17.600 0.040 11  0 A
2073.58234 17.686 0.038 11  0 A
2073.59771 17.673 0.032 11  0 A
2073.60632 17.661 0.031 11  0 A
2073.61491 17.669 0.029 11  0 A
2073.62354 17.685 0.030 11  0 A
2073.63217 17.737 0.031 11  0 A
2073.64077 17.728 0.032 11  0 A
2073.64955 17.679 0.031 11  0 A
2073.65819 17.643 0.028 11  0 A
2073.66871 17.688 0.026 11  0 A
2073.67766 17.665 0.028 11  0 A
2073.68629 17.670 0.029 11  0 A
2073.69492 17.670 0.030 11  0 A
2073.70352 17.663 0.027 11  0 A
2073.71219 17.691 0.027 11  0 A
2073.72082 17.695 0.027 11  0 A
2073.73028 17.665 0.033 11  0 A
2073.73886 17.658 0.028 11  0 A
2073.74743 17.640 0.027 11  0 A
2073.75603 17.669 0.027 11  0 A
2073.76461 17.654 0.025 11  0 A
2073.77321 17.637 0.027 11  0 A
2073.78648 17.719 0.029 11  0 A
2073.80914 17.716 0.034 11  0 A
2073.82494 17.619 0.029 11  0 A
2073.83397 17.638 0.036 11  0 A
2073.84915 17.722 0.033 11  0 A
2073.85774 17.694 0.031 11  0 A
2073.86633 17.663 0.031 11  0 A
2073.87493 17.677 0.036 11  0 A
2073.88353 17.721 0.037 11  0 A
2073.89703 17.748 0.046 11  0 A
2073.90560 99.999 9.999 11  0 A
2074.57630 17.684 0.031 11  0 A
2074.58493 17.710 0.032 11  0 A
2074.59355 17.734 0.038 11  0 A
2074.60217 17.738 0.034 11  0 A
2074.61079 17.675 0.032 11  0 A
2074.61943 17.684 0.034 11  0 A
2074.63716 17.694 0.044 11  0 A
2074.64576 17.712 0.041 11  0 A
2074.65436 17.684 0.043 11  0 A
2074.66303 17.696 0.037 11  0 A
2074.67166 17.652 0.029 11  0 A
2074.68051 17.677 0.031 11  0 A
2074.70288 17.712 0.031 11  0 A
2074.71152 17.664 0.028 11  0 A
2074.72012 17.660 0.028 11  0 A
2074.73135 17.688 0.029 11  0 A
2074.73992 17.620 0.028 11  0 A
2074.76370 17.620 0.028 11  0 A
2074.77232 17.704 0.032 11  0 A
2074.78091 17.693 0.036 11  0 A
2074.78951 17.701 0.038 11  0 A
2074.79938 17.702 0.032 11  0 A
2074.80798 17.702 0.031 11  0 A
2074.81682 17.719 0.032 11  0 A
2074.82543 17.723 0.034 11  0 A
2074.83403 17.662 0.029 11  0 A
2074.84266 17.656 0.026 11  0 A
2074.85130 17.660 0.027 11  0 A
2074.85987 17.651 0.025 11  0 A
2074.86892 17.648 0.027 11  0 A
2074.87746 17.669 0.036 11  0 A
2074.88606 17.676 0.031 11  0 A
2074.89472 17.712 0.032 11  0 A
2074.90334 17.636 0.030 11  0 A
2075.61108 17.694 0.039 11  0 A
2075.61969 17.683 0.035 11  0 A
2075.62828 17.681 0.038 11  0 A
2075.63690 17.663 0.037 11  0 A
2075.64553 17.621 0.034 11  0 A
2075.66516 17.784 0.037 11  0 A
2075.67375 17.630 0.034 11  0 A
2075.68236 17.671 0.030 11  0 A
2075.69099 17.670 0.032 11  0 A
2075.69963 17.656 0.031 11  0 A
2075.70822 17.673 0.033 11  0 A
2075.71725 17.642 0.032 11  0 A
2075.72650 17.666 0.035 11  0 A
2075.73510 17.650 0.035 11  0 A
2075.74367 17.697 0.036 11  0 A
2075.77047 17.660 0.037 11  0 A
2075.77907 17.737 0.039 11  0 A
2075.78765 17.672 0.040 11 40 A
2075.79652 17.645 0.038 11  0 A
2075.80514 17.646 0.034 11  0 A
2075.81375 17.667 0.036 11  0 A
2075.82236 17.660 0.033 11  0 A
2075.83093 17.629 0.033 11  0 A
2075.84358 17.670 0.033 11  0 A
2075.85218 17.649 0.035 11  0 A
2075.86080 17.686 0.037 11  0 A
2075.86939 17.645 0.042 11  0 A
2075.87794 17.669 0.035 11  0 A
2075.88654 17.640 0.038 11  0 A
2075.89544 17.619 0.045 11  0 A
2076.68960 17.670 0.036 11  0 A
2076.69822 17.661 0.036 11  0 A
2076.70684 17.661 0.036 11  0 A
2076.72033 17.697 0.036 11  0 A
2076.73029 17.653 0.042 11  0 A
2076.73910 17.649 0.033 11  0 A
2076.74787 17.639 0.047 11  0 A
2076.75661 17.704 0.039 11  0 A
2076.76539 17.630 0.041 11  0 A
2076.77417 17.680 0.039 11  0 A
2076.79006 17.676 0.033 11  0 A
2076.80142 17.650 0.036 11  0 A
2076.81414 17.710 0.045 11  0 A
2076.82663 17.719 0.036 11  0 A
2076.83536 17.655 0.032 11  0 A
2076.84411 17.650 0.037 11  0 A
2076.85283 17.634 0.033 11  0 A
2076.86160 17.674 0.037 11  0 A
2076.87031 17.608 0.040 11  0 A
2076.87962 17.664 0.038 11  0 A
2076.88836 17.637 0.040 11  0 A
2077.58633 17.710 0.039 11  0 A
2077.60692 17.609 0.033 11  0 A
2077.61760 17.716 0.038 11  0 A
2077.62853 17.668 0.031 11  0 A
2077.63729 17.602 0.026 11  0 A
2077.65017 17.669 0.026 11  0 A
2077.65894 17.650 0.025 11  0 A
2077.66767 17.659 0.025 11  0 A
2077.67639 17.683 0.024 11  0 A
2077.68859 17.646 0.026 11  0 A
2077.69738 17.658 0.024 11  0 A
2077.70615 17.679 0.028 11  0 A
2077.71491 17.665 0.029 11  0 A
2077.72365 17.624 0.026 11  0 A
2077.73240 17.668 0.029 11  0 A
2077.74219 17.668 0.040 11  0 A
2077.75096 17.683 0.034 11  0 A
2077.75976 17.654 0.028 11  0 A
2077.76851 17.662 0.029 11  0 A
2077.77725 17.662 0.032 11  0 A
2077.78938 17.658 0.028 11  0 A
2077.79809 17.655 0.030 11  0 A
2077.80684 17.691 0.029 11  0 A
2077.81563 17.635 0.026 11  0 A
2077.82438 17.667 0.029 11  0 A
2077.83314 17.675 0.034 11  0 A
2077.84225 17.663 0.032 11  0 A
2077.85098 17.654 0.038 11  0 A
2077.85974 17.647 0.039 11  0 A
2077.86848 17.712 0.034 11  0 A
2077.87716 17.714 0.037 11  0 A
2077.88592 17.647 0.036 11  0 A
2077.89489 17.660 0.038 11  0 A
2077.90367 17.714 0.046 11  0 A
2078.59219 17.699 0.036 11  0 A
2078.60094 17.621 0.034 11  0 A
2078.60971 17.624 0.034 11  0 A
2078.61844 17.690 0.036 11  0 A
2078.62721 17.675 0.035 11  0 A
2078.63599 17.639 0.032 11  0 A
2078.65637 17.653 0.027 11  0 A
2078.66510 17.653 0.025 11  0 A
2078.67388 17.686 0.026 11  0 A
2078.68263 17.671 0.031 11  0 A
2078.69140 17.663 0.029 11  0 A
2078.70013 17.635 0.030 11  0 A
2078.70979 17.668 0.029 11  0 A
2078.71872 17.666 0.028 11  0 A
2078.72744 17.613 0.024 11  0 A
2078.73619 17.660 0.029 11  0 A
2078.74492 17.620 0.028 11  0 A
2078.75368 17.650 0.031 11  0 A
2078.76672 17.639 0.031 11  0 A
2078.78557 17.680 0.031 11  0 A
2078.79435 17.669 0.031 11  0 A
2078.80310 17.674 0.032 11  0 A
2078.81185 17.664 0.032 11  0 A
2078.83791 17.642 0.032 11  0 A
2078.84667 17.677 0.037 11  0 A
2078.86497 17.595 0.034 11  0 A
2078.87365 17.664 0.043 11  0 A
2078.88240 17.748 0.043 11  0 A
2079.62222 17.664 0.040 11  0 A
2079.63097 17.682 0.045 11  0 A
2079.63977 17.706 0.037 11  0 A
2079.64852 17.693 0.033 11  0 A
2079.65727 17.698 0.032 11  0 A
2079.66603 17.601 0.031 11  0 A
2079.67583 17.657 0.028 11  0 A
2079.68456 17.679 0.030 11  0 A
2079.69331 17.679 0.033 11  0 A
2079.70202 17.638 0.031 11  0 A
2079.71077 17.753 0.034 11  0 A
2079.73364 17.673 0.031 11  0 A
2079.74242 17.649 0.032 11  0 A
2079.75116 17.679 0.034 11  0 A
2079.75986 17.639 0.029 11  0 A
2079.76862 17.706 0.031 11  0 A
2079.78392 17.689 0.031 11  0 A
2079.79604 17.692 0.033 11  0 A
2079.80478 17.662 0.033 11  0 A
2079.81356 17.649 0.038 11  0 A
2080.55559 17.651 0.025 11  0 A
2080.57005 17.649 0.026 11  0 A
2080.57875 17.668 0.026 11  0 A
2080.58749 17.642 0.024 11  0 A
2080.59620 17.634 0.025 11  0 A
2080.60494 17.642 0.026 11  0 A
2080.61368 17.717 0.031 11  0 A
2080.62838 17.631 0.027 11  0 A
2080.63716 17.652 0.027 11  0 A
2080.64591 17.632 0.027 11  0 A
2080.65470 17.701 0.030 11  0 A
2080.66342 17.679 0.028 11  0 A
2080.67809 17.628 0.026 11  0 A
2080.69972 17.659 0.031 11  0 A
2080.70845 17.649 0.029 11  0 A
2080.71720 17.638 0.029 11  0 A
2080.75097 17.629 0.025 11  0 A
2080.76345 17.634 0.026 11  0 A
2080.77774 17.628 0.026 11  0 A
2080.80314 17.710 0.030 11  0 A
2080.81348 17.601 0.029 11  0 A
2080.82227 17.681 0.036 11  0 A
2080.83101 17.678 0.035 11  0 A
2080.83969 17.740 0.038 11  0 A
2080.84846 17.724 0.043 11  0 A
2080.85724 17.771 0.052 11  0 A
2081.56920 17.687 0.029 11  0 A
2081.57910 17.691 0.029 11  0 A
2081.58783 17.655 0.029 11  0 A
2081.59848 17.662 0.028 11  0 A
2081.61801 17.637 0.029 11  0 A
2081.66077 17.671 0.030 11  0 A
2081.70219 17.657 0.029 11  0 A
2081.71103 17.679 0.030 11  0 A
2081.71987 17.622 0.030 11  0 A
2081.72859 17.654 0.030 11  0 A
2081.73731 17.675 0.031 11  0 A
2081.74607 17.680 0.030 11  0 A
2081.75688 17.626 0.029 11  0 A
2081.76567 17.661 0.030 11  0 A
2081.77442 17.635 0.029 11  0 A
2081.78318 17.646 0.032 11  0 A
2081.80125 17.685 0.033 11  0 A
2081.80999 17.664 0.028 11  0 A
2081.81875 17.677 0.029 11  0 A
2081.83077 17.657 0.031 11  0 A
2081.83952 17.658 0.028 11  0 A
2081.86475 17.658 0.028 11  0 A
2081.86834 17.671 0.028 11  0 A
2081.87962 17.585 0.033 11  0 A
2082.64280 17.710 0.035 11  0 A
2082.68513 17.639 0.028 11  0 A
2082.69589 17.674 0.030 11  0 A
2082.70523 17.655 0.030 11  0 A
2082.71402 17.750 0.033 11  0 A
2082.72649 17.679 0.032 11  0 A
2082.73821 17.659 0.031 11  0 A
2082.74694 17.660 0.030 11  0 A
2082.75565 17.630 0.029 11  0 A
2082.76677 17.661 0.028 11  0 A
2082.78348 17.621 0.028 11  0 A
2082.79222 17.666 0.028 11  0 A
2082.80097 17.651 0.029 11  0 A
2082.80971 17.669 0.029 11  0 A
2082.81847 17.665 0.028 11  0 A
2082.82723 17.663 0.028 11  0 A
2082.83972 17.647 0.029 11  0 A
2082.84849 17.650 0.031 11  0 A
2082.85727 17.672 0.032 11  0 A
2082.86602 17.681 0.033 11  0 A
2082.87479 17.708 0.036 11  0 A
2082.88358 17.721 0.037 11  0 A
2082.89623 17.733 0.039 11  0 A
2085.63080 17.689 0.041 11  0 A
2085.63939 17.681 0.040 11  0 A
2085.64798 17.681 0.039 11  0 A
2085.65662 17.651 0.038 11  0 A
2085.66521 17.673 0.038 11  0 A
2085.67382 17.688 0.036 11  0 A
2085.68505 17.707 0.042 11  0 A
2085.69361 17.709 0.040 11  0 A
2085.70221 17.647 0.041 11  0 A
2085.71082 17.670 0.041 11  0 A
2085.71953 17.660 0.041 11  0 A
2085.72816 17.584 0.038 11 40 A
2085.73794 17.683 0.037 11  0 A
2085.74656 17.683 0.039 11  0 A
2085.75876 17.633 0.038 11  0 A
2085.77536 17.668 0.037 11  0 A
2085.78478 17.637 0.044 11  0 A
2085.79494 17.676 0.038 11  0 A
2085.80353 17.597 0.039 11  0 A
2085.82598 17.733 0.042 11  0 A
2085.83456 17.668 0.034 11  0 A
2085.84315 17.654 0.040 11  0 A
2085.85175 17.684 0.050 11  0 A
2085.86037 17.831 0.058 11  0 A
2086.55481 17.694 0.034 11  0 A
2086.56343 17.634 0.029 11  0 A
2086.57202 17.665 0.029 11  0 A
2086.59175 17.610 0.029 11  0 A
2086.60037 17.645 0.030 11  0 A
2086.60899 17.664 0.029 11  0 A
2086.62829 99.999 9.999 11  0 A
2086.63691 99.999 9.999 11  0 A
2086.64548 99.999 9.999 11  0 A
2086.65410 99.999 9.999 11  0 A
2086.66270 99.999 9.999 11  0 A
2086.67132 99.999 9.999 11  0 A
2086.68306 99.999 9.999 11  0 A
2086.69161 99.999 9.999 11  0 A
2086.70018 99.999 9.999 11  0 A
2086.70878 99.999 9.999 11  0 A
2086.71745 99.999 9.999 11  0 A
2086.73088 17.616 0.032 11  0 A
2086.73953 17.659 0.031 11  0 A
2086.74814 17.679 0.030 11  0 A
2086.75675 17.658 0.030 11  0 A
2086.76535 17.635 0.030 11  0 A
2086.77865 17.654 0.029 11  0 A
2086.78727 17.657 0.031 11  0 A
2086.79592 17.662 0.032 11  0 A
2086.80830 17.673 0.034 11  0 A
2086.81687 17.631 0.034 11  0 A
2086.82549 17.626 0.034 11  0 A
2086.83795 17.714 0.038 11  0 A
2086.84658 17.784 0.044 11  0 A
2086.85519 17.691 0.047 11  0 A
2086.86379 17.713 0.046 11  0 A
2087.56046 17.616 0.026 11  0 A
2087.60209 17.668 0.026 11  0 A
2087.61082 17.602 0.025 11  0 A
2087.61954 17.686 0.027 11  0 A
2087.62827 17.615 0.027 11  0 A
2087.63703 17.653 0.028 11  0 A
2087.64578 17.640 0.026 11  0 A
2087.65476 17.675 0.028 11  0 A
2087.66352 17.707 0.029 11  0 A
2087.67559 17.653 0.028 11  0 A
2087.68432 17.635 0.028 11  0 A
2087.69371 17.669 0.028 11  0 A
2087.71116 17.656 0.027 11  0 A
2087.71993 17.633 0.025 11  0 A
2087.72870 17.681 0.026 11  0 A
2087.73750 17.659 0.026 11  0 A
2087.74628 17.710 0.030 11  0 A
2087.75502 17.618 0.025 11  0 A
2087.76551 17.611 0.023 11  0 A
2087.77426 17.644 0.024 11  0 A
2087.78301 17.720 0.025 11  0 A
2087.79175 17.640 0.025 11  0 A
2087.80049 17.614 0.024 11  0 A
2087.80924 17.665 0.027 11  0 A
2087.81847 17.633 0.026 11  0 A
2087.82720 17.653 0.029 11  0 A
2087.83596 17.700 0.034 11  0 A
2087.84471 17.695 0.032 11  0 A
2087.85346 17.676 0.033 11  0 A
2087.86218 17.653 0.031 11  0 A
2088.55786 17.694 0.037 11  0 A
2088.56977 17.637 0.034 11  0 A
2088.57851 17.625 0.033 11  0 A
2088.58730 17.678 0.032 11  0 A
2088.59609 17.657 0.032 11  0 A
2088.60499 17.646 0.036 11  0 A
2088.61378 17.636 0.031 11  0 A
2088.62254 17.654 0.031 11  0 A
2088.63134 17.632 0.032 11  0 A
2088.64161 17.670 0.030 11  0 A
2088.65041 17.654 0.030 11  0 A
2088.65917 17.649 0.029 11  0 A
2088.66797 17.627 0.028 11  0 A
2088.67912 17.653 0.029 11  0 A
2088.68842 99.999 9.999 11  0 A
2088.69713 17.607 0.029 11  0 A
2088.70588 99.999 9.999 11  0 A
2088.71463 17.636 0.034 11  0 A
2088.72469 17.709 0.033 11  0 A
2088.73859 17.643 0.029 11  0 A
2088.74735 17.658 0.030 11  0 A
2088.75608 17.681 0.031 11  0 A
2088.76481 17.678 0.036 11  0 A
2088.77668 17.648 0.030 11  0 A
2088.78548 17.618 0.030 11  0 A
2088.79423 17.660 0.035 11  0 A
2088.80301 17.699 0.042 11  0 A
2088.81180 17.692 0.037 11  0 A
2088.82055 17.711 0.040 11  0 A
2088.82971 17.649 0.033 11  0 A
2088.83843 17.665 0.040 11  0 A
2088.84722 17.687 0.044 11  0 A
2089.61034 17.706 0.039 11  0 A
2089.61908 17.593 0.032 11  0 A
2089.62781 17.669 0.032 11  0 A
2089.63654 17.856 0.044 11  0 A
2089.64530 17.699 0.034 11  0 A
2089.65445 17.684 0.031 11  0 A
2090.64245 17.681 0.039 11  0 A
2090.65125 17.704 0.035 11  0 A
2090.66119 17.665 0.029 11  0 A
2090.66997 17.643 0.032 11  0 A
2090.67890 17.646 0.035 11  0 A
2090.70715 17.667 0.039 11  0 A
2090.71589 17.656 0.039 11  0 A
2090.72461 17.647 0.038 11  0 A
2090.73332 17.674 0.039 11  0 A
2090.74206 17.651 0.034 11  0 A
2090.75084 17.742 0.049 11  0 A
2090.76041 17.639 0.030 11  0 A
2090.76914 17.658 0.032 11  0 A
2090.77788 17.659 0.032 11  0 A
2090.78664 17.652 0.030 11  0 A
2090.79543 17.607 0.026 11  0 A
2090.80420 17.655 0.029 11  0 A
2090.81627 17.663 0.036 11  0 A
2090.82501 17.662 0.048 11  0 A
2090.83936 17.698 0.046 11  0 A
2091.58676 17.655 0.034 11  0 A
2091.59555 17.643 0.028 11  0 A
2091.60431 17.602 0.029 11  0 A
2091.61502 17.690 0.029 11  0 A
2091.63115 17.647 0.027 11  0 A
2091.65270 17.674 0.028 11  0 A
2091.66227 17.687 0.029 11  0 A
2091.67098 17.656 0.028 11  0 A
2091.68033 17.643 0.030 11  0 A
2091.68916 17.677 0.030 11  0 A
2091.69790 17.698 0.031 11  0 A
2091.70666 17.667 0.029 11  0 A
2091.71565 17.669 0.030 11  0 A
2091.72437 17.660 0.028 11  0 A
2091.73309 17.648 0.029 11  0 A
2091.74185 17.674 0.028 11  0 A
2091.75063 17.635 0.026 11  0 A
2091.76173 17.738 0.033 11  0 A
2091.77465 17.641 0.027 11  0 A
2091.78342 17.690 0.030 11  0 A
2091.79215 17.664 0.026 11  0 A
2091.80094 17.660 0.028 11  0 A
2091.80969 17.675 0.029 11  0 A
2091.81846 17.659 0.031 11  0 A
2091.82741 17.660 0.030 11  0 A
2091.83661 17.632 0.031 11  0 A
2091.84537 17.647 0.031 11  0 A
2091.85414 17.665 0.033 11  0 A
2091.86285 17.637 0.034 11  0 A
2091.87157 17.680 0.036 11  0 A
2092.64416 17.628 0.029 11  0 A
2092.65296 17.614 0.028 11  0 A
2092.66173 17.656 0.030 11  0 A
2092.67328 17.662 0.033 11  0 A
2092.68206 17.682 0.033 11  0 A
2092.69081 17.680 0.030 11  0 A
2092.69959 17.695 0.032 11  0 A
2092.70837 17.651 0.029 11  0 A
2092.71714 17.657 0.032 11  0 A
2092.73240 17.626 0.027 11  0 A
2092.74117 17.646 0.031 11  0 A
2092.75175 17.653 0.031 11  0 A
2092.76047 17.646 0.032 11  0 A
2092.76922 17.752 0.038 11  0 A
2092.77798 17.655 0.037 11  0 A
2092.78672 17.682 0.040 11  0 A
2092.79724 17.690 0.036 11  0 A
2092.80598 17.649 0.040 11  0 A
2092.81470 17.682 0.039 11  0 A
2092.82988 17.697 0.050 11  0 A
2101.55169 17.705 0.036 11  0 A
2101.56043 17.709 0.033 11  0 A
2101.56917 17.689 0.031 11  0 A
2101.57793 17.645 0.031 11  0 A
2101.58661 17.669 0.032 11  0 A
2101.59540 17.681 0.035 11  0 A
2101.60995 17.648 0.035 11  0 A
2101.61873 17.693 0.032 11  0 A
2101.62751 17.660 0.028 11  0 A
2101.63626 17.659 0.029 11  0 A
2101.64495 17.658 0.030 11  0 A
2101.65437 17.704 0.030 11  0 A
2101.66334 17.629 0.030 11  0 A
2101.67209 17.652 0.030 11  0 A
2101.68084 17.652 0.031 11  0 A
2101.68958 17.671 0.035 11  0 A
2101.69833 17.669 0.033 11  0 A
2101.70706 17.707 0.035 11  0 A
2101.72427 17.664 0.034 11  0 A
2101.73964 17.665 0.034 11  0 A
2101.75822 17.680 0.041 11  0 A
2101.76695 17.666 0.037 11  0 A
2101.77573 17.703 0.034 11  0 A
2101.78446 17.703 0.040 11  0 A
2102.53609 17.699 0.028 11  0 A
2102.54486 17.671 0.027 11  0 A
2102.55544 17.734 0.030 11  0 A
2102.56419 17.706 0.033 11  0 A
2102.57994 17.712 0.032 11  0 A
2102.58872 17.684 0.029 11  0 A
2102.59745 17.631 0.029 11  0 A
2102.60623 17.688 0.031 11  0 A
2102.61496 17.657 0.028 11  0 A
2102.62375 17.654 0.029 11  0 A
2102.63307 17.718 0.030 11  0 A
2102.64183 17.658 0.027 11  0 A
2102.65119 17.727 0.025 11  0 A
2103.50001 17.622 0.029 11  0 A
2103.50874 17.673 0.033 11  0 A
2103.51923 17.695 0.033 11  0 A
2103.52796 17.634 0.029 11  0 A
2103.53673 17.626 0.030 11  0 A
2103.54544 17.686 0.026 11  0 A
2103.55418 17.675 0.029 11  0 A
2103.56289 17.695 0.029 11  0 A
2103.57481 17.686 0.027 11  0 A
2103.58359 17.633 0.026 11  0 A
2103.59235 17.664 0.026 11  0 A
2103.60111 17.672 0.023 11  0 A
2103.61052 17.606 0.020 11  0 A
2103.61929 17.653 0.023 11  0 A
2103.62804 17.645 0.023 11  0 A
2103.63674 17.681 0.022 11  0 A
2103.64607 17.676 0.024 11  0 A
2103.65481 17.665 0.024 11  0 A
2103.66471 17.705 0.025 11  0 A
2103.67354 17.659 0.025 11  0 A
2103.68224 99.999 9.999 11  0 A
2103.72327 17.742 0.033 11  0 A
2103.73207 17.656 0.029 11  0 A
2103.74082 17.677 0.033 11  0 A
2103.74956 17.695 0.035 11  0 A
2103.75834 17.723 0.033 11  0 A
2103.76706 17.679 0.029 11  0 A
2103.77580 17.662 0.026 11  0 A
2103.78454 17.620 0.025 11  0 A
2103.79328 17.661 0.025 11  0 A
2105.50627 17.667 0.036 11  0 A
2105.51998 17.530 0.032 11 40 A
2105.52902 17.695 0.035 11  0 A
2105.53777 17.739 0.035 11  0 A
2105.54651 17.694 0.033 11  0 A
2105.55524 17.724 0.036 11  0 A
2105.56644 17.645 0.031 11  0 A
2105.57518 17.659 0.028 11  0 A
2105.58396 17.646 0.026 11  0 A
2105.59270 17.680 0.027 11  0 A
2105.60219 17.713 0.027 11  0 A
2105.61152 17.670 0.026 11  0 A
2105.62059 17.638 0.024 11  0 A
2105.63243 17.658 0.024 11  0 A
2105.64325 17.644 0.023 11  0 A
2105.65200 17.709 0.024 11  0 A
2105.65546 17.665 0.024 11  0 A
2105.66455 17.682 0.026 11  0 A
2105.67330 17.687 0.026 11  0 A
2105.68205 17.631 0.026 11  0 A
2105.69079 17.650 0.023 11  0 A
2105.69956 17.660 0.023 11  0 A
2105.70830 17.641 0.023 11  0 A
2105.71445 17.681 0.024 11  0 A
2105.72470 17.633 0.023 11  0 A
2105.73342 17.662 0.027 11  0 A
2105.74216 17.662 0.027 11  0 A
2105.75092 17.616 0.025 11  0 A
2105.75966 17.684 0.030 11  0 A
2105.76845 17.675 0.030 11  0 A
2105.77758 17.664 0.031 11  0 A
2105.78631 17.642 0.031 11  0 A
2105.79509 17.741 0.042 11  0 A
2105.80391 17.677 0.040 11  0 A
2106.59545 17.654 0.031 11  0 A
2106.60510 17.691 0.029 11  0 A
2106.61431 17.730 0.034 11  0 A
2106.62309 17.696 0.035 11  0 A
2106.63185 17.664 0.034 11  0 A
2106.64136 17.669 0.031 11  0 A
2106.65011 17.696 0.035 11  0 A
2106.65890 17.641 0.034 11  0 A
2106.66795 17.656 0.030 11  0 A
2106.67673 17.650 0.028 11  0 A
2106.68548 17.674 0.031 11  0 A
2106.69416 17.607 0.031 11  0 A
2106.70292 17.645 0.030 11  0 A
2106.71833 17.650 0.030 11  0 A
2106.72710 17.687 0.030 11  0 A
2106.73584 17.645 0.036 11  0 A
2106.74459 17.649 0.033 11  0 A
2106.75329 17.654 0.037 11  0 A
2106.76205 17.653 0.037 11  0 A
2111.51213 17.649 0.033 11  0 A
2111.52090 17.633 0.036 11  0 A
2111.52964 17.672 0.039 11  0 A
2111.53837 17.651 0.039 11  0 A
2111.54716 17.746 0.040 11  0 A
2111.55592 17.697 0.040 11  0 A
2111.56516 17.713 0.040 11  0 A
2111.57389 17.669 0.040 11  0 A
2111.58270 17.709 0.039 11  0 A
2111.59143 17.675 0.039 11  0 A
2111.60019 17.685 0.038 11  0 A
2111.60890 17.641 0.031 11  0 A
2111.61805 17.720 0.046 11  0 A
2111.62740 17.682 0.042 11  0 A
2111.63618 17.604 0.045 11  0 A
2111.64495 17.637 0.043 11  0 A
2111.65372 17.678 0.035 11  0 A
2111.66244 17.621 0.034 11  0 A
2111.67165 17.630 0.036 11  0 A
2111.68039 17.708 0.037 11  0 A
2111.68915 17.740 0.042 11  0 A
2111.69788 17.661 0.042 11  0 A
2111.70662 17.642 0.036 11  0 A
2111.71539 17.668 0.039 11  0 A
2111.72470 17.659 0.039 11  0 A
2111.73343 17.690 0.046 11  0 A
2111.74216 17.644 0.043 11  0 A
2111.75092 17.650 0.034 11  0 A
2112.50470 17.655 0.031 11  0 A
2112.51432 17.674 0.035 11  0 A
2112.52732 17.722 0.036 11  0 A
2112.53610 17.671 0.033 11  0 A
2112.55565 17.737 0.036 11  0 A
2112.56437 17.745 0.037 11  0 A
2112.57867 17.710 0.034 11  0 A
2112.58742 17.701 0.029 11  0 A
2112.60076 17.680 0.027 11  0 A
2112.60949 17.670 0.027 11  0 A
2112.61827 17.723 0.027 11  0 A
2112.62699 17.695 0.028 11  0 A
2112.63574 17.686 0.029 11  0 A
2112.64457 17.723 0.028 11  0 A
2112.66642 17.732 0.028 11  0 A
2112.67518 17.681 0.026 11  0 A
2112.68392 17.690 0.028 11  0 A
2112.69269 17.652 0.027 11  0 A
2112.70281 17.704 0.032 11  0 A
2112.71181 17.719 0.031 11  0 A
2112.72057 17.658 0.029 11  0 A
2112.72933 17.686 0.030 11  0 A
2112.73812 17.703 0.029 11  0 A
2112.74686 17.740 0.030 11  0 A
2112.75627 17.694 0.029 11  0 A
2113.51586 17.739 0.046 11  0 A
2113.52462 17.743 0.045 11  0 A
2113.53337 17.760 0.048 11  0 A
2113.54266 17.731 0.045 11  0 A
2113.55143 17.655 0.040 11  0 A
2113.56017 17.617 0.035 11  0 A
2113.56887 17.727 0.038 11  0 A
2113.57759 17.656 0.035 11  0 A
2113.58635 17.765 0.035 11  0 A
2113.59562 17.731 0.038 11  0 A
2113.60437 17.716 0.049 11  0 A
2113.61311 17.655 0.038 11  0 A
2113.62217 17.664 0.040 11  0 A
2113.63092 17.627 0.035 11  0 A
2113.63966 17.658 0.038 11  0 A
2113.64918 17.757 0.039 11  0 A
2113.65796 17.671 0.037 11  0 A
2113.71536 17.718 0.038 11  0 A
2113.72413 17.631 0.035 11  0 A
2113.73287 17.685 0.038 11  0 A
2113.74161 17.673 0.038 11  0 A
2113.75035 17.698 0.033 11  0 A
2113.75910 17.751 0.044 11  0 A
2113.76831 17.664 0.042 11  0 A
2113.77707 17.657 0.043 11  0 A
2114.69378 17.668 0.035 11  0 A
2114.70253 17.725 0.041 11  0 A
2114.71130 17.666 0.040 11  0 A
2114.72011 17.752 0.044 11  0 A
2114.73080 17.692 0.038 11  0 A
2114.74057 17.669 0.039 11  0 A
2114.74929 17.706 0.043 11  0 A
2114.76028 17.625 0.042 11  0 A
2114.76905 17.616 0.036 11  0 A
2114.77785 17.759 0.038 11  0 A
2114.79797 17.619 0.034 11  0 A
2115.55328 17.698 0.037 11  0 A
2115.56202 17.745 0.038 11  0 A
2115.57238 17.703 0.038 11  0 A
2115.58678 17.714 0.038 11  0 A
2115.59553 17.730 0.037 11  0 A
2115.60429 99.999 9.999 11  0 A
2115.61819 17.735 0.047 11  0 A
2115.62691 99.999 9.999 11  0 A
2115.63570 17.670 0.045 11  0 A
2115.64683 17.649 0.035 11  0 A
2115.65607 17.674 0.035 11  0 A
2115.66482 17.614 0.034 11  0 A
2115.67357 17.730 0.039 11  0 A
2115.68229 17.625 0.036 11  0 A
2115.69102 17.667 0.034 11  0 A
2115.69982 17.689 0.035 11  0 A
2115.73419 17.705 0.037 11  0 A
2115.74529 17.691 0.032 11  0 A
2116.50948 17.693 0.045 11  0 A
2116.51824 17.662 0.048 11  0 A
2116.56251 17.696 0.037 11  0 A
2116.57128 17.666 0.036 11  0 A
2116.58942 17.746 0.044 11  0 A
2116.60102 17.705 0.034 11  0 A
2116.61037 17.662 0.033 11  0 A
2116.61913 17.701 0.036 11  0 A
2116.62791 17.659 0.032 11  0 A
2116.63666 17.674 0.032 11  0 A
2116.65678 17.700 0.031 11  0 A
2116.66549 17.742 0.032 11  0 A
2116.67428 17.669 0.031 11  0 A
2116.68304 17.613 0.028 11  0 A
2116.69181 17.652 0.028 11  0 A
2116.70050 17.667 0.031 11  0 A
2116.71048 17.669 0.031 11  0 A
2116.71926 17.656 0.030 11  0 A
2116.72802 17.674 0.032 11  0 A
2116.73677 17.754 0.036 11  0 A
2116.74551 17.589 0.034 11  0 A
2116.75758 17.698 0.037 11  0 A
2116.76637 17.625 0.035 11  0 A
2117.49022 17.665 0.032 11  0 A
2117.49903 17.680 0.031 11  0 A
2117.50819 17.675 0.029 11  0 A
2117.51694 17.675 0.028 11  0 A
2117.55705 17.666 0.031 11  0 A
2117.56580 17.592 0.031 11 40 A
2117.57455 17.679 0.032 11  0 A
2117.58397 17.678 0.032 11  0 A
2117.59272 99.999 9.999 11  0 A
2117.60149 17.738 0.029 11  0 A
2117.61349 99.999 9.999 11  0 A
2117.62228 99.999 9.999 11  0 A
2117.63103 17.698 0.028 11  0 A
2117.63983 17.679 0.031 11  0 A
2117.64860 17.717 0.030 11  0 A
2117.65736 17.667 0.030 11  0 A
2117.66652 17.652 0.031 11  0 A
2117.67533 17.680 0.032 11  0 A
2117.68411 17.693 0.033 11  0 A
2117.69288 17.669 0.034 11  0 A
2117.70160 17.700 0.030 11  0 A
2117.71197 17.727 0.034 11  0 A
2117.72073 17.658 0.030 11  0 A
2117.72948 17.652 0.031 11  0 A
2117.73827 17.666 0.033 11  0 A
2117.74699 17.670 0.033 11  0 A
2117.75570 17.731 0.040 11  0 A
2118.49786 17.623 0.033 11  0 A
2118.50661 17.693 0.036 11  0 A
2118.51541 17.708 0.037 11  0 A
2118.52417 17.804 0.043 11  0 A
2118.64321 17.677 0.027 11  0 A
2118.65592 17.650 0.026 11  0 A
2118.66467 17.671 0.028 11  0 A
2118.67346 17.676 0.035 11  0 A
2118.68223 17.670 0.029 11  0 A
2118.69095 17.658 0.027 11  0 A
2118.70086 17.651 0.028 11  0 A
2118.70988 17.670 0.028 11  0 A
2118.71863 17.640 0.031 11  0 A
2118.72736 17.693 0.038 11  0 A
2118.73619 17.709 0.030 11  0 A
2125.64150 17.695 0.046 11  0 A
2128.57003 17.655 0.028 11  0 A
2131.56674 17.634 0.026 11  0 A
2134.66975 17.659 0.046 11  0 A
2138.54720 17.656 0.037 11  0 A
2143.52040 17.743 0.054 11  0 A
2155.64720 17.814 0.064 11  0 A
2156.48627 17.675 0.042 11  0 A
2158.49461 17.691 0.035 11  0 A
2158.53762 17.649 0.031 11  0 A
2162.50413 17.648 0.035 11  0 A
2168.53885 17.698 0.040 11  0 A
2173.49686 17.743 0.051 11  0 A
2180.49552 18.051 0.071 11  0 A
2184.50009 17.694 0.050 11  0 A
2194.55447 17.658 0.036 11  0 A
2321.87307 17.659 0.044 11  0 A
2324.87519 17.700 0.035 11  0 A
2341.83166 17.678 0.039 11  0 A
2350.84477 17.689 0.029 11  0 A
2358.88424 17.685 0.030 11  0 A
2370.81249 17.655 0.034 11  0 A
2381.80789 17.697 0.033 11  0 A
2384.79037 17.671 0.031 11  0 A
2388.85023 17.682 0.032 11  0 A
2391.69275 17.708 0.054 11  0 A
2400.69063 17.689 0.033 11  0 A
2402.80557 99.999 9.999 11  0 A
2404.84251 17.662 0.027 11  0 A
2410.71524 17.624 0.025 11  0 A
2414.86148 17.691 0.031 11  0 A
2415.72351 17.667 0.037 11  0 A
2416.74571 17.696 0.033 11  0 A
2417.72128 17.650 0.034 11  0 A
2424.76361 17.625 0.056 11  0 A
2426.67492 17.637 0.030 11  0 A
2431.80926 17.749 0.028 11  0 A
2433.73642 99.999 9.999 11  0 A
2434.80945 99.999 9.999 11  0 A
2436.58220 17.639 0.036 11  0 A
2438.61435 17.690 0.032 11  0 A
2440.59561 17.659 0.032 11  0 A
2442.61343 17.626 0.030 11  0 A
2444.70605 99.999 9.999 11  0 A
2446.64060 99.999 9.999 11  0 A
2448.52739 17.640 0.058 11  0 A
2453.73666 17.709 0.036 11  0 A
2458.73393 17.719 0.039 11  0 A
2462.72273 17.684 0.026 11  0 A
2463.81981 17.657 0.028 11  0 A
2466.46291 17.683 0.048 11  0 A
2466.47175 17.641 0.037 11  0 A
2466.48065 17.677 0.034 11  0 A
2466.48963 17.696 0.032 11  0 A
2466.50234 17.673 0.030 11  0 A
2466.51152 17.661 0.031 11  0 A
2466.52054 17.672 0.035 11  0 A
2466.52952 17.672 0.031 11  0 A
2466.53998 17.679 0.028 11  0 A
2466.54915 17.695 0.031 11  0 A
2466.55848 17.681 0.027 11  0 A
2466.56215 17.692 0.028 11  0 A
2466.56808 17.656 0.027 11  0 A
2466.57700 17.660 0.028 11  0 A
2466.58895 17.705 0.028 11  0 A
2466.59889 17.716 0.030 11  0 A
2466.60791 17.678 0.028 11  0 A
2466.61675 17.654 0.030 11  0 A
2466.62753 17.716 0.037 11  0 A
2466.63726 17.714 0.038 11  0 A
2466.64749 17.738 0.040 11  0 A
2466.65646 17.679 0.032 11  0 A
2466.66539 17.666 0.033 11  0 A
2466.67805 17.685 0.035 11  0 A
2466.68691 17.658 0.031 11  0 A
2466.69577 17.656 0.034 11  0 A
2466.70568 17.675 0.030 11  0 A
2466.71596 17.702 0.033 11  0 A
2466.72507 17.673 0.036 11  0 A
2466.73407 17.694 0.040 11  0 A
2466.74332 17.746 0.041 11  0 A
2466.74979 17.678 0.043 11  0 A
2466.75931 17.709 0.041 11  0 A
2466.76807 17.743 0.037 11  0 A
2466.77743 17.765 0.038 11  0 A
2466.79001 17.723 0.040 11  0 A
2466.79904 17.729 0.045 11  0 A
2466.80971 17.762 0.039 11  0 A
2466.81862 17.706 0.046 11  0 A
2466.82854 17.696 0.045 11  0 A
2466.83737 17.672 0.042 11  0 A
2466.84634 17.819 0.056 11  0 A
2468.46484 99.999 9.999 11  0 A
2470.46516 17.733 0.052 11  0 A
2472.45994 17.502 0.044 11  0 A
2472.46938 18.124 0.070 11  0 A
2472.47845 17.900 0.052 11  0 A
2472.48722 17.853 0.043 11  0 A
2472.49659 17.490 0.032 11  0 A
2472.50776 18.098 0.049 11  0 A
2472.51680 17.760 0.036 11  0 A
2472.52644 17.852 0.038 11  0 A
2472.53536 17.546 0.032 11  0 A
2472.54500 99.999 9.999 11  0 A
2472.55393 99.999 9.999 11  0 A
2472.56293 17.466 0.026 11  0 A
2472.57271 99.999 9.999 11  0 A
2472.58320 17.730 0.034 11  0 A
2472.59228 99.999 9.999 11  0 A
2472.63373 17.718 0.030 11  0 A
2472.64301 17.745 0.030 11  0 A
2472.65224 17.616 0.027 11  0 A
2472.66326 17.429 0.022 11  0 A
2472.67213 17.649 0.025 11  0 A
2472.68097 17.700 0.028 11  0 A
2472.69128 17.665 0.027 11  0 A
2472.70023 17.681 0.027 11  0 A
2472.70912 17.657 0.026 11  0 A
2472.71931 17.653 0.027 11  0 A
2472.73262 17.722 0.031 11  0 A
2472.74220 17.655 0.027 11  0 A
2472.75127 17.536 0.030 11  0 A
2472.76016 17.749 0.031 11  0 A
2472.76991 17.676 0.027 11  0 A
2472.77894 17.816 0.029 11  0 A
2472.79293 17.627 0.029 11  0 A
2472.80260 18.062 0.040 11  0 A
2472.81138 17.649 0.031 11  0 A
2472.82079 17.701 0.038 11  0 A
2474.46546 17.717 0.043 11  0 A
2482.62214 17.693 0.039 11  0 A
2485.63215 17.627 0.041 11  0 A
2489.70299 17.684 0.029 11  0 A
2492.64767 17.709 0.032 11  0 A
2494.70205 17.882 0.039 11  0 A
2497.50460 17.732 0.036 11  0 A
2499.54039 17.635 0.030 11  0 A
2501.56811 17.644 0.028 11  0 A
2503.49162 17.821 0.093 11  0 A
2511.54830 17.710 0.040 11  0 A
2521.51672 17.664 0.031 11  0 A
2526.54693 17.679 0.031 11  0 A
2537.47811 17.680 0.052 11  0 A
2540.49470 17.715 0.046 11  0 A
2546.50525 17.718 0.037 11  0 A
2550.48652 17.741 0.045 11  0 A
2554.55841 17.707 0.036 11  0 A
2558.49496 17.716 0.046 11  0 A
2565.48782 17.676 0.062 11  0 A
2693.89219 17.711 0.034 11  0 A
2698.89013 17.649 0.030 11  0 A
2711.87315 17.682 0.027 11  0 A
2721.88060 99.999 9.999 11  0 A
2730.89389 17.684 0.031 11  0 A
2743.77029 17.684 0.030 11  0 A
2748.78884 17.693 0.041 11  0 A
2755.77874 17.645 0.028 11  0 A
2758.93016 17.667 0.044 11  0 A
2765.78688 17.695 0.033 11  0 A
2769.77149 17.558 0.025 11  0 A
2782.71004 17.694 0.046 11  0 A
2784.69899 17.651 0.025 11  0 A
2786.58455 17.700 0.056 11  0 A
2788.68634 17.646 0.027 11  0 A
2790.79144 17.739 0.036 11  0 A
2792.52842 17.700 0.054 11  0 A
2794.55466 17.720 0.054 11  0 A
2796.56337 17.635 0.030 11  0 A
2802.55824 17.667 0.053 11  0 A
2808.63079 17.650 0.036 11  0 A
2810.56903 17.687 0.035 11  0 A
2812.57090 17.656 0.034 11  0 A
2813.81465 17.703 0.034 11  0 A
2815.59325 17.697 0.031 11  0 A
2816.65868 17.701 0.033 11  0 A
2817.77333 17.644 0.035 11  0 A
2818.66818 17.724 0.036 11  0 A
2819.76228 17.687 0.035 11  0 A
2821.66052 17.699 0.033 11  0 A
2826.65119 17.705 0.041 11  0 A
2830.78143 17.787 0.049 11  0 A
2835.47782 17.614 0.046 11  0 A
2837.49663 17.657 0.042 11  0 A
2838.72714 17.617 0.062 11  0 A
2840.49871 17.703 0.042 11  0 A
2842.53514 17.715 0.037 11  0 A
2844.61128 17.670 0.031 11  0 A
2848.54648 17.681 0.050 11  0 A
2851.53374 17.677 0.036 11  0 A
2853.53159 17.678 0.036 11  0 A
2854.75453 17.711 0.041 11  0 A
2857.71747 17.652 0.037 11  0 A
2862.49376 17.652 0.053 11  0 A
2864.50077 17.644 0.049 11  0 A
2867.65598 17.775 0.041 11  0 A
2867.69807 17.667 0.030 11  0 A
2867.71936 17.705 0.036 11  0 A
2867.72930 17.678 0.039 11  0 A
2867.73251 17.715 0.038 11  0 A
2867.73556 17.681 0.040 11  0 A
2867.73861 17.720 0.040 11  0 A
2868.51429 17.674 0.033 11  0 A
2869.56728 17.696 0.034 11  0 A
2869.58857 17.729 0.034 11  0 A
2870.65628 17.674 0.031 11  0 A
2871.47684 17.685 0.037 11  0 A
2871.51151 17.697 0.035 11  0 A
2871.52781 17.646 0.032 11  0 A
2871.54698 17.617 0.029 11  0 A
2871.55026 17.690 0.032 11  0 A
2871.55365 17.643 0.030 11  0 A
2871.55700 17.657 0.032 11  0 A
2871.56044 17.646 0.032 11  0 A
2871.56414 17.694 0.033 11  0 A
2871.56803 17.650 0.030 11  0 A
2871.57980 17.628 0.028 11  0 A
2871.58743 17.662 0.030 11  0 A
2871.59090 17.673 0.029 11  0 A
2871.59428 17.664 0.029 11  0 A
2871.59764 17.637 0.028 11  0 A
2871.60093 17.654 0.028 11  0 A
2871.60426 17.665 0.029 11  0 A
2871.60748 17.628 0.028 11  0 A
2871.61118 17.633 0.028 11  0 A
2871.61585 17.674 0.029 11  0 A
2871.63049 17.662 0.030 11  0 A
2871.71129 17.717 0.031 11  0 A
2872.50170 17.669 0.035 11  0 A
2872.67540 17.646 0.025 11  0 A
2872.70262 17.693 0.029 11  0 A
2874.57627 17.639 0.031 11  0 A
2875.53658 17.648 0.031 11  0 A
2875.61544 17.655 0.041 11  0 A
2875.69346 17.730 0.044 11  0 A
2876.49411 17.695 0.037 11  0 A
2876.65169 17.672 0.034 11  0 A
2877.52165 17.688 0.041 11  0 A
2877.65100 17.709 0.034 11  0 A
2878.49816 17.631 0.029 11  0 A
2878.56930 17.660 0.028 11  0 A
2879.55333 17.665 0.031 11  0 A
2880.70010 17.775 0.041 11  0 A
2881.65634 17.739 0.030 11  0 A
2882.50044 17.650 0.039 11  0 A
2883.58619 17.697 0.032 11  0 A
2884.47633 17.717 0.070 11  0 A
2892.51419 17.631 0.046 11  0 A
2896.58101 17.660 0.030 11  0 A
2899.60441 17.775 0.032 11  0 A
2905.54431 17.703 0.049 11  0 A
2909.51514 17.710 0.044 11  0 A
2912.53773 17.709 0.036 11  0 A
2921.59831 17.801 0.055 11  0 A
2926.56551 17.711 0.037 11  0 A
3040.88363 99.999 9.999 11  0 A
3044.85820 17.620 0.039 11  0 A
3046.86814 17.653 0.037 11  0 A
3047.85686 17.671 0.029 11  0 A
3055.87452 17.714 0.032 11  0 A
3058.89269 17.657 0.028 11  0 A
3064.81324 17.654 0.038 11  0 A
3067.88666 17.718 0.028 11  0 A
3070.84819 17.655 0.036 11  0 A
3070.89257 17.674 0.030 11  0 A
3071.87693 17.672 0.031 11  0 A
3073.80367 99.999 9.999 11  0 A
3075.84225 17.656 0.030 11  0 A
3079.88686 17.646 0.036 11  0 A
3082.86016 17.657 0.031 11  0 A
3084.89946 17.701 0.025 11  0 A
3086.83181 17.709 0.026 11  0 A
3088.78930 17.712 0.025 11  0 A
3089.89856 17.633 0.040 11  0 A
3091.81875 17.643 0.027 11  0 A
3096.85686 17.623 0.034 11  0 A
3098.83736 17.644 0.025 11  0 A
3100.79783 17.668 0.027 11  0 A
3101.90434 17.736 0.037 11  0 A
3103.76910 17.633 0.026 11  0 A
3104.88363 17.655 0.076 11  0 A
3108.76167 17.686 0.026 11  0 A
3109.79661 17.690 0.028 11  0 A
3110.82828 17.651 0.028 11  0 A
3112.77709 17.706 0.027 11  0 A
3113.86686 17.662 0.041 11  0 A
3114.77838 17.673 0.027 11  0 A
3115.86120 17.660 0.029 11  0 A
3116.91732 17.709 0.033 11  0 A
3122.90439 17.693 0.048 11  0 A
3125.86465 17.717 0.058 11  0 A
3126.89027 17.697 0.031 11  0 A
3127.79578 17.615 0.031 11  0 A
3128.81415 17.729 0.032 11  0 A
3130.69216 17.634 0.035 11  0 A
3137.93253 17.668 0.034 11  0 A
3138.69522 17.628 0.035 11  0 A
3139.86654 17.662 0.028 11  0 A
3140.87225 17.712 0.033 11  0 A
3140.90258 17.723 0.034 11  0 A
3142.76055 17.669 0.028 11  0 A
3144.78149 17.731 0.034 11  0 A
3146.78130 17.724 0.037 11  0 A
3151.74408 17.777 0.040 11  0 A
3151.89676 17.686 0.035 11  0 A
3152.74737 17.687 0.033 11  0 A
3153.75212 17.659 0.039 11  0 A
3154.81363 17.709 0.040 11  0 A
3156.83333 17.693 0.034 11  0 A
3158.90401 17.704 0.051 11  0 A
3162.80832 17.655 0.033 11  0 A
3163.62123 17.635 0.027 11  0 A
3163.64006 17.711 0.028 11  0 A
3164.72995 17.665 0.032 11  0 A
3165.75076 17.698 0.028 11  0 A
3166.89589 17.638 0.042 11  0 A
3167.74876 17.679 0.041 11  0 A
3168.74394 17.676 0.032 11  0 A
3169.71984 17.688 0.032 11  0 A
3170.79736 17.665 0.026 11  0 A
3171.82006 17.709 0.025 11  0 A
3172.74707 17.646 0.058 11  0 A
3174.70336 17.665 0.025 11  0 A
3175.71330 17.690 0.027 11  0 A
3177.75044 17.806 0.054 11  0 A
3178.77701 17.561 0.025 11  0 A
3179.78676 17.675 0.031 11  0 A
3180.71510 17.707 0.028 11  0 A
3182.76659 17.774 0.035 11  0 A
3183.73524 17.780 0.036 11  0 A
3184.69303 17.731 0.027 11  0 A
3185.74569 17.717 0.033 11  0 A
3185.76592 17.742 0.037 11  0 A
3185.79186 17.697 0.033 11  0 A
3185.82991 17.647 0.028 11  0 A
3185.85790 17.676 0.032 11  0 A
3185.87937 17.757 0.038 11  0 A
3186.62474 99.999 9.999 11  0 A
3190.63676 17.657 0.035 11  0 A
3191.77823 17.743 0.040 11  0 A
3193.53123 17.698 0.031 11  0 A
3194.58989 17.687 0.037 11  0 A
3195.63717 17.676 0.026 11  0 A
3195.79485 17.671 0.026 11  0 A
3196.54027 99.999 9.999 11  0 A
3196.55746 17.757 0.038 11  0 A
3197.50783 17.661 0.026 11  0 A
3199.61760 17.689 0.033 11  0 A
3201.50944 17.696 0.028 11  0 A
3202.47390 17.678 0.039 11  0 A
3202.52602 17.638 0.026 11  0 A
3202.56388 17.681 0.029 11  0 A
3202.63017 17.735 0.035 11  0 A
3202.75567 17.646 0.030 11  0 A
3202.79234 17.668 0.030 11  0 A
3202.82853 17.763 0.065 11  0 A
3203.46962 17.652 0.035 11  0 A
3203.65337 17.722 0.032 11  0 A
3204.64660 17.674 0.028 11  0 A
3205.75522 17.709 0.029 11  0 A
3206.71223 17.664 0.030 11  0 A
3207.66076 17.604 0.035 11  0 A
3209.70588 17.798 0.030 11  0 A
3210.53961 17.666 0.038 11  0 A
3211.57807 17.649 0.033 11  0 A
3217.47623 17.601 0.030 11  0 A
3218.64498 17.765 0.038 11  0 A
3219.59333 17.569 0.044 11  0 A
3223.64623 17.745 0.051 11  0 A
3224.69175 17.728 0.028 11  0 A
3226.60906 17.670 0.041 11  0 A
3228.59549 17.657 0.034 11  0 A
3229.62796 17.720 0.031 11  0 A
3230.66154 17.700 0.028 11  0 A
3231.56488 17.612 0.034 11  0 A
3238.61386 17.670 0.050 11  0 A
3239.69262 17.736 0.036 11  0 A
3240.67375 17.684 0.046 11  0 A
3245.54852 17.633 0.026 11  0 A
3246.65224 17.777 0.041 11  0 A
3247.61839 17.744 0.049 11  0 A
3249.52031 17.581 0.034 11  0 A
3250.65307 17.712 0.036 11  0 A
3251.49826 17.652 0.037 11  0 A
3251.59855 17.679 0.027 11  0 A
3251.64976 17.594 0.029 11  0 A
3253.51737 17.663 0.035 11  0 A
3256.63014 17.746 0.039 11  0 A
3259.61960 17.746 0.039 11  0 A
3264.52709 17.721 0.032 11  0 A
3267.52620 17.750 0.043 11  0 A
3272.58162 17.677 0.037 11  0 A
3275.56458 17.631 0.042 11  0 A
3278.59349 17.751 0.039 11  0 A
3281.60025 17.561 0.021 11  0 A
3288.54008 17.648 0.025 11  0 A
3293.51065 17.665 0.027 11  0 A
3295.52085 17.584 0.022 11  0 A
3299.52446 17.681 0.021 11  0 A
3305.54167 17.715 0.037 11  0 A
3306.54123 17.769 0.061 11  0 A
3307.54072 17.735 0.058 11  0 A
3309.51660 17.640 0.037 11  0 A
3310.52622 17.704 0.039 11  0 A
3314.51011 17.689 0.052 11  0 A
3408.88462 17.671 0.035 11  0 A
3410.88473 17.624 0.033 11  0 A
3413.88556 17.595 0.033 11  0 A
3421.89178 17.694 0.023 11  0 A
3422.86168 17.726 0.032 11  0 A
3426.85731 17.696 0.030 11  0 A
3429.83041 17.685 0.040 11  0 A
3432.88273 17.670 0.032 11  0 A
3442.88513 17.734 0.029 11  0 A
3445.79797 17.648 0.021 11  0 A
3447.84859 17.671 0.028 11  0 A
3449.86122 17.688 0.031 11  0 A
3452.88183 17.730 0.026 11  0 A
3455.81607 17.691 0.032 11  0 A
3457.84953 17.664 0.026 11  0 A
3459.84475 17.692 0.027 11  0 A
3469.78051 17.685 0.023 11  0 A
3470.79348 17.698 0.025 11  0 A
3472.75591 17.642 0.026 11  0 A
3473.77571 17.670 0.029 11  0 A
3474.77237 17.679 0.032 11  0 A
3475.79793 17.604 0.024 11  0 A
3477.75977 17.684 0.027 11  0 A
3479.75860 17.628 0.020 11  0 A
3480.71874 17.705 0.025 11  0 A
3481.73667 17.618 0.027 11  0 A
3482.67900 17.659 0.032 11  0 A
3496.71626 17.691 0.029 11  0 A
3497.78781 17.765 0.041 11  0 A
3498.91109 17.798 0.038 11  0 A
3499.85893 17.703 0.026 11  0 A
3500.72514 17.573 0.025 11  0 A
3501.82158 17.704 0.025 11  0 A
3502.71742 17.694 0.023 11  0 A
3503.68661 17.657 0.023 11  0 A
3504.70133 17.725 0.032 11  0 A
3506.74514 17.690 0.031 11  0 A
3508.74935 17.728 0.033 11  0 A
3509.72782 17.716 0.029 11  0 A
3510.79760 17.685 0.029 11  0 A
3511.83673 17.642 0.027 11  0 A
3512.70641 17.663 0.032 11  0 A
3517.68222 17.688 0.040 11  0 A
3520.75750 17.646 0.033 11  0 A
3521.71471 17.684 0.023 11  0 A
3522.74274 17.674 0.055 11  0 A
3522.93395 17.662 0.030 11  0 A
3523.74723 17.648 0.021 11  0 A
3524.89241 17.729 0.038 11  0 A
3525.74562 17.685 0.027 11  0 A
3526.74905 17.718 0.032 11  0 A
3528.66990 17.695 0.025 11  0 A
3529.69227 17.718 0.020 11  0 A
3530.60734 17.695 0.022 11  0 A
3537.73817 17.664 0.026 11  0 A
3538.55386 17.730 0.034 11  0 A
3538.60102 17.709 0.032 11  0 A
3538.63175 17.648 0.027 11  0 A
3538.68725 17.732 0.027 11  0 A
3538.73637 17.737 0.029 11  0 A
3538.78384 17.721 0.028 11  0 A
3538.81495 17.724 0.029 11  0 A
3538.84381 17.723 0.030 11  0 A
3538.87524 17.685 0.035 11  0 A
3538.90769 17.759 0.043 11  0 A
3539.51083 17.829 0.048 11  0 A
3539.53042 17.643 0.045 11  0 A
3539.56304 17.643 0.032 11  0 A
3539.59305 17.688 0.033 11  0 A
3539.61593 17.576 0.035 11  0 A
3539.68199 17.718 0.031 11  0 A
3539.73745 17.683 0.027 11  0 A
3539.80860 17.639 0.026 11  0 A
3540.51620 17.604 0.041 11  0 A
3540.61626 17.756 0.034 11  0 A
3540.73621 17.672 0.041 11  0 A
3540.83437 17.724 0.041 11  0 A
3541.63152 17.673 0.034 11  0 A
3541.78057 17.661 0.030 11  0 A
3542.56565 17.610 0.034 11  0 A
3542.83831 17.771 0.066 11  0 A
3544.61196 17.671 0.041 11  0 A
3544.72499 17.733 0.035 11  0 A
3546.84410 17.747 0.050 11  0 A
3547.80836 17.759 0.044 11  0 A
3549.84020 17.632 0.030 11  0 A
3550.63202 17.690 0.030 11  0 A
3551.63161 17.848 0.024 11  0 A
3552.66733 17.685 0.026 11  0 A
3553.71738 99.999 9.999 11  0 A
3554.65271 99.999 9.999 11  0 A
3555.66479 17.716 0.033 11  0 A
3556.67254 17.680 0.029 11  0 A
3558.52735 17.647 0.030 11  0 A
3558.82609 17.739 0.034 11  0 A
3559.69603 99.999 9.999 11  0 A
3560.59735 99.999 9.999 11  0 A
3561.54511 99.999 9.999 11  0 A
3562.58579 99.999 9.999 11  0 A
3563.63648 99.999 9.999 11  0 A
3564.57425 17.634 0.033 11  0 A
3569.55961 99.999 9.999 11  0 A
3572.81507 17.610 0.046 11  0 A
3573.64605 99.999 9.999 11  0 A
3574.68595 99.999 9.999 11  0 A
3575.53344 99.999 9.999 11  0 A
3575.77005 99.999 9.999 11  0 A
3576.68735 99.999 9.999 11  0 A
3577.58745 99.999 9.999 11  0 A
3578.67206 99.999 9.999 11  0 A
3579.61750 99.999 9.999 11  0 A
3580.65072 99.999 9.999 11  0 A
3581.67061 99.999 9.999 11  0 A
3582.64244 99.999 9.999 11  0 A
3583.63288 99.999 9.999 11  0 A
3583.75281 99.999 9.999 11  0 A
3584.64156 99.999 9.999 11  0 A
3584.75615 99.999 9.999 11  0 A
3585.63187 99.999 9.999 11  0 A
3585.77460 99.999 9.999 11  0 A
3586.46947 17.722 0.035 11  0 A
3586.56846 99.999 9.999 11  0 A
3586.67493 99.999 9.999 11  0 A
3586.71697 99.999 9.999 11  0 A
3587.59338 99.999 9.999 11  0 A
3587.64873 99.999 9.999 11  0 A
3587.71438 17.788 0.038 11  0 A
3588.55798 99.999 9.999 11  0 A
3589.49306 17.668 0.025 11  0 A
3589.54506 99.999 9.999 11  0 A
3589.67054 99.999 9.999 11  0 A
3589.69740 99.999 9.999 11  0 A
3590.65448 99.999 9.999 11  0 A
3591.49752 99.999 9.999 11  0 A
3591.54072 99.999 9.999 11  0 A
3591.64564 17.654 0.024 11  0 A
3591.67802 17.697 0.023 11  0 A
3591.75825 17.714 0.027 11  0 A
3592.75423 99.999 9.999 11  0 A
3593.74495 17.783 0.031 11  0 A
3594.70716 17.732 0.036 11  0 A
3601.65572 99.999 9.999 11  0 A
3601.72213 17.675 0.031 11  0 A
3602.61631 99.999 9.999 11  0 A
3603.63634 99.999 9.999 11  0 A
3607.63470 99.999 9.999 11  0 A
3608.65006 99.999 9.999 11  0 A
3609.63060 17.682 0.031 11  0 A
3615.57781 99.999 9.999 11  0 A
3618.57944 17.807 0.037 11  0 A
3620.54264 17.657 0.024 11  0 A
3622.52050 17.689 0.036 11  0 A
3628.59671 17.695 0.041 11  0 A
3630.53603 17.717 0.046 11  0 A
3632.58615 17.774 0.037 11  0 A
3634.48675 17.724 0.040 11  0 A
3639.54561 17.601 0.023 11  0 A
3641.54407 17.694 0.040 11  0 A
3644.50439 17.691 0.037 11  0 A
3648.53623 17.803 0.040 11  0 A
3650.57858 17.704 0.025 11  0 A
3654.54028 17.720 0.043 11  0 A
3656.52150 17.782 0.036 11  0 A
3658.55330 17.836 0.051 11  0 A
3660.52593 17.695 0.040 11  0 A
3664.50273 17.642 0.029 11  0 A
3675.50804 17.742 0.046 11  0 A
3675.52524 17.662 0.036 11  0 A
3676.49774 17.797 0.056 11  0 A
3776.86666 17.722 0.037 11  0 A
3782.85138 17.732 0.037 11  0 A
3784.87670 17.686 0.026 11  0 A
3786.89627 17.666 0.037 11  0 A
3788.84686 17.627 0.033 11  0 A
3790.88929 17.665 0.030 11  0 A
3793.85656 17.629 0.023 11  0 A
3795.84399 17.677 0.030 11  0 A
3798.80720 17.636 0.027 11  0 A
3799.83136 17.633 0.032 11  0 A
3800.82630 17.698 0.039 11  0 A
3801.88578 99.999 9.999 11  0 A
3802.85137 17.643 0.028 11  0 A
3803.88664 99.999 9.999 11  0 A
3805.80308 17.683 0.027 11  0 A
3806.76939 17.705 0.033 11  0 A
3807.78847 17.707 0.039 11  0 A
3808.79614 17.678 0.029 11  0 A
3809.88126 99.999 9.999 11  0 A
3810.84788 17.764 0.029 11  0 A
3811.83947 17.642 0.029 11  0 A
3812.83558 99.999 9.999 11  0 A
3813.82552 17.658 0.025 11  0 A
3814.82739 17.645 0.029 11  0 A
3817.85893 17.720 0.029 11  0 A
3818.88802 17.632 0.025 11  0 A
3819.80573 99.999 9.999 11  0 A
3820.77237 17.618 0.023 11  0 A
3821.77549 99.999 9.999 11  0 A
3822.81491 17.673 0.030 11  0 A
3822.86280 99.999 9.999 11  0 A
3822.88373 99.999 9.999 11  0 A
3822.91798 99.999 9.999 11  0 A
3823.74126 17.719 0.032 11  0 A
3823.79522 17.631 0.026 11  0 A
3823.83900 99.999 9.999 11  0 A
3823.88712 99.999 9.999 11  0 A
3823.92038 17.687 0.033 11  0 A
3824.74127 17.729 0.033 11  0 A
3824.82034 99.999 9.999 11  0 A
3824.86053 99.999 9.999 11  0 A
3824.89538 99.999 9.999 11  0 A
3825.80613 17.711 0.034 11  0 A
3825.84993 17.613 0.028 11  0 A
3825.88261 99.999 9.999 11  0 A
3825.91910 99.999 9.999 11  0 A
3826.73466 17.502 0.025 11  0 A
3826.77342 99.999 9.999 11  0 A
3826.82792 99.999 9.999 11  0 A
3826.90004 99.999 9.999 11  0 A
3827.76609 17.691 0.031 11  0 A
3827.80246 17.655 0.025 11  0 A
3827.85050 99.999 9.999 11  0 A
3827.92210 99.999 9.999 11  0 A
3828.75189 17.738 0.040 11  0 A
3828.79947 99.999 9.999 11  0 A
3828.86375 99.999 9.999 11  0 A
3828.91913 99.999 9.999 11  0 A
3829.73331 17.682 0.027 11  0 A
3829.77952 17.718 0.031 11  0 A
3829.84867 99.999 9.999 11  0 A
3829.89464 99.999 9.999 11  0 A
3829.92346 99.999 9.999 11  0 A
3830.69453 17.648 0.031 11  0 A
3830.70868 17.621 0.027 11  0 A
3830.73142 17.717 0.027 11  0 A
3830.74754 17.635 0.023 11  0 A
3830.76319 17.679 0.025 11  0 A
3830.77736 17.715 0.024 11  0 A
3830.79213 99.999 9.999 11  0 A
3830.80630 99.999 9.999 11  0 A
3830.82027 99.999 9.999 11  0 A
3830.83216 99.999 9.999 11  0 A
3830.84383 17.656 0.026 11  0 A
3830.85761 17.670 0.028 11  0 A
3830.86987 99.999 9.999 11  0 A
3830.88120 99.999 9.999 11  0 A
3830.89251 99.999 9.999 11  0 A
3830.90230 99.999 9.999 11  0 A
3830.91349 99.999 9.999 11  0 A
3830.92325 99.999 9.999 11  0 A
3830.92650 99.999 9.999 11  0 A
3831.69282 17.646 0.026 11  0 A
3831.70232 17.694 0.026 11  0 A
3831.71506 17.652 0.022 11  0 A
3831.72433 17.630 0.020 11  0 A
3831.72722 17.657 0.021 11  0 A
3831.73049 17.627 0.020 11  0 A
3831.73328 17.689 0.022 11  0 A
3831.73606 17.674 0.022 11  0 A
3831.73915 17.641 0.020 11  0 A
3831.74194 17.673 0.021 11  0 A
3831.74473 17.649 0.021 11  0 A
3831.74789 17.682 0.021 11  0 A
3831.75069 17.671 0.022 11  0 A
3831.75349 17.645 0.023 11  0 A
3831.75671 17.650 0.021 11  0 A
3831.75945 17.715 0.023 11  0 A
3831.76226 17.693 0.022 11  0 A
3831.76573 17.716 0.021 11  0 A
3831.76901 17.648 0.019 11  0 A
3831.77236 17.646 0.020 11  0 A
3831.77516 17.706 0.022 11  0 A
3831.77794 17.628 0.020 11  0 A
3831.78134 17.720 0.021 11  0 A
3831.78451 17.634 0.020 11  0 A
3831.78811 17.656 0.021 11  0 A
3831.79136 17.705 0.023 11  0 A
3831.79413 17.677 0.022 11  0 A
3831.79693 17.671 0.023 11  0 A
3831.80037 17.667 0.023 11  0 A
3831.80352 17.636 0.022 11  0 A
3831.80663 17.645 0.023 11  0 A
3831.80942 17.645 0.022 11  0 A
3831.81220 17.669 0.023 11  0 A
3831.81540 17.642 0.025 11  0 A
3831.81820 17.688 0.027 11  0 A
3831.82100 17.690 0.026 11  0 A
3831.82421 17.632 0.024 11  0 A
3831.82701 17.636 0.026 11  0 A
3831.82981 17.609 0.025 11  0 A
3831.83338 17.688 0.026 11  0 A
3831.83682 17.632 0.024 11  0 A
3831.83960 17.624 0.024 11  0 A
3831.84239 17.690 0.027 11  0 A
3831.84590 17.743 0.027 11  0 A
3831.84895 17.647 0.025 11  0 A
3831.85173 17.616 0.026 11  0 A
3831.85453 17.621 0.024 11  0 A
3831.85733 17.618 0.025 11  0 A
3831.86047 17.616 0.026 11  0 A
3831.86326 17.619 0.026 11  0 A
3831.86606 17.663 0.028 11  0 A
3831.87571 17.675 0.026 11  0 A
3831.88127 99.999 9.999 11  0 A
3831.88685 99.999 9.999 11  0 A
3831.89242 99.999 9.999 11  0 A
3831.90378 17.696 0.026 11  0 A
3831.91135 17.710 0.025 11  0 A
3831.91778 17.617 0.023 11  0 A
3831.92417 17.692 0.029 11  0 A
3831.92728 17.632 0.031 11  0 A
3831.93025 17.729 0.049 11  0 A
3832.69746 17.657 0.036 11  0 A
3832.70964 17.669 0.031 11  0 A
3832.73347 17.640 0.026 11  0 A
3832.77960 17.615 0.024 11  0 A
3832.82546 17.704 0.027 11  0 A
3832.86883 99.999 9.999 11  0 A
3832.91484 99.999 9.999 11  0 A
3833.69203 17.685 0.033 11  0 A
3833.71386 17.666 0.024 11  0 A
3833.73818 17.663 0.023 11  0 A
3833.78086 17.681 0.023 11  0 A
3833.82362 17.658 0.022 11  0 A
3833.84562 99.999 9.999 11  0 A
3833.87403 99.999 9.999 11  0 A
3833.90449 99.999 9.999 11  0 A
3833.92084 99.999 9.999 11  0 A
3834.69807 17.641 0.033 11  0 A
3834.71734 17.601 0.031 11  0 A
3834.74118 17.663 0.028 11  0 A
3834.79019 17.636 0.023 11  0 A
3834.87001 99.999 9.999 11  0 A
3834.91248 17.680 0.033 11  0 A
3835.70754 17.684 0.029 11  0 A
3835.77773 17.653 0.026 11  0 A
3835.85155 17.650 0.022 11  0 A
3835.88133 17.624 0.023 11  0 A
3835.92110 99.999 9.999 11  0 A
3836.70365 17.696 0.043 11  0 A
3836.76522 17.724 0.033 11  0 A
3836.80968 17.751 0.031 11  0 A
3836.84025 99.999 9.999 11  0 A
3836.89700 17.633 0.026 11  0 A
3837.70232 17.745 0.044 11  0 A
3837.73259 17.698 0.031 11  0 A
3837.90433 99.999 9.999 11  0 A
3838.74437 99.999 9.999 11  0 A
3838.91167 99.999 9.999 11  0 A
3839.74014 17.769 0.047 11  0 A
3839.81869 17.656 0.030 11  0 A
3839.86286 17.654 0.040 11  0 A
3839.92328 99.999 9.999 11  0 A
3840.70612 17.688 0.036 11  0 A
3840.78725 17.646 0.027 11  0 A
3840.91107 17.694 0.032 11  0 A
3841.74464 17.638 0.029 11  0 A
3841.83337 99.999 9.999 11  0 A
3841.89524 17.704 0.033 11  0 A
3842.84722 17.664 0.030 11  0 A
3845.72015 17.750 0.057 11  0 A
3845.90886 17.733 0.047 11  0 A
3846.73085 17.607 0.023 11  0 A
3846.91520 99.999 9.999 11  0 A
3847.79698 99.999 9.999 11  0 A
3848.75195 17.591 0.032 11  0 A
3849.75102 17.611 0.025 11  0 A
3849.92157 17.683 0.030 11  0 A
3850.69508 17.664 0.024 11  0 A
3850.86679 99.999 9.999 11  0 A
3851.71023 17.621 0.028 11  0 A
3851.87509 17.672 0.031 11  0 A
3851.92125 17.842 0.039 11  0 A
3852.69879 17.733 0.039 11  0 A
3852.87008 99.999 9.999 11  0 A
3853.68722 17.646 0.022 11  0 A
3853.85556 17.634 0.024 11  0 A
3853.92630 17.666 0.024 11  0 A
3856.67728 17.620 0.023 11  0 A
3856.84401 17.667 0.027 11  0 A
3857.91495 17.710 0.028 11  0 A
3858.76365 17.662 0.021 11  0 A
3859.80186 17.653 0.025 11  0 A
3860.67032 17.659 0.033 11  0 A
3860.91020 17.693 0.034 11  0 A
3861.66778 17.707 0.030 11  0 A
3861.77301 99.999 9.999 11  0 A
3861.93627 17.663 0.032 11  0 A
3862.70115 17.651 0.024 11  0 A
3862.86513 17.665 0.027 11  0 A
3863.63658 17.568 0.028 11  0 A
3863.85422 17.626 0.023 11  0 A
3863.93351 99.999 9.999 11  0 A
3864.67711 17.635 0.028 11  0 A
3864.86713 17.729 0.027 11  0 A
3865.68793 99.999 9.999 11  0 A
3865.82339 17.664 0.027 11  0 A
3865.90139 17.664 0.027 11  0 A
3866.68633 17.661 0.026 11  0 A
3866.82582 99.999 9.999 11  0 A
3866.90472 17.694 0.025 11  0 A
3867.62923 17.681 0.038 11  0 A
3867.81489 17.622 0.032 11  0 A
3867.88795 17.658 0.028 11  0 A
3868.71231 17.771 0.035 11  0 A
3868.86399 17.719 0.041 11  0 A
3869.69210 17.633 0.026 11  0 A
3869.87310 17.703 0.037 11  0 A
3872.88947 17.709 0.031 11  0 A
3873.64441 17.673 0.028 11  0 A
3873.78712 17.664 0.027 11  0 A
3873.85985 17.746 0.035 11  0 A
3873.92942 17.694 0.033 11  0 A
3874.74408 17.694 0.033 11  0 A
3875.65777 17.641 0.019 11  0 A
3875.80525 17.677 0.024 11  0 A
3875.90419 17.687 0.027 11  0 A
3876.63502 17.714 0.025 11  0 A
3877.63314 17.682 0.024 11  0 A
3877.78382 17.699 0.025 11  0 A
3877.85836 17.712 0.028 11  0 A
3879.66460 17.617 0.018 11  0 A
3880.83400 17.742 0.036 11  0 A
3880.91278 17.720 0.032 11  0 A
3881.66319 17.655 0.024 11  0 A
3881.87469 99.999 9.999 11  0 A
3881.92144 17.618 0.025 11  0 A
3882.75148 17.709 0.029 11  0 A
3882.82572 17.672 0.030 11  0 A
3882.89458 17.671 0.025 11  0 A
3883.64089 17.707 0.031 11  0 A
3883.83854 17.649 0.025 11  0 A
3886.60296 17.648 0.028 11  0 A
3886.79572 99.999 9.999 11  0 A
3886.86759 17.664 0.033 11  0 A
3887.57628 17.641 0.028 11  0 A
3887.77883 99.999 9.999 11  0 A
3887.87851 99.999 9.999 11  0 A
3888.59233 17.756 0.027 11  0 A
3889.65877 17.665 0.026 11  0 A
3889.93701 17.664 0.029 11  0 A
3890.63801 17.723 0.026 11  0 A
3891.66836 17.687 0.027 11  0 A
3891.79664 17.645 0.032 11  0 A
3891.87862 17.633 0.028 11  0 A
3892.56996 17.666 0.032 11  0 A
3892.93307 17.726 0.039 11  0 A
3893.61937 17.669 0.030 11  0 A
3893.86123 99.999 9.999 11  0 A
3894.67263 17.665 0.036 11  0 A
3896.61021 17.672 0.040 11  0 A
3900.53154 17.644 0.041 11  0 A
3900.71721 17.502 0.044 11  0 A
3900.79651 17.759 0.033 11  0 A
3900.86518 17.638 0.027 11  0 A
3901.54164 17.678 0.028 11  0 A
3901.72296 17.694 0.032 11  0 A
3901.80026 17.670 0.039 11  0 A
3901.86919 99.999 9.999 11  0 A
3902.56432 17.711 0.027 11  0 A
3902.74384 17.682 0.028 11  0 A
3902.86280 99.999 9.999 11  0 A
3903.65200 17.670 0.029 11  0 A
3903.89770 17.684 0.034 11  0 A
3904.55258 17.629 0.022 11  0 A
3904.71569 17.678 0.025 11  0 A
3904.78472 17.715 0.028 11  0 A
3904.88687 17.692 0.028 11  0 A
3905.54940 17.703 0.025 11  0 A
3905.72600 17.689 0.024 11  0 A
3905.79609 17.619 0.022 11  0 A
3905.86464 17.698 0.025 11  0 A
3906.56391 17.593 0.030 11  0 A
3906.70373 17.584 0.026 11  0 A
3906.77686 99.999 9.999 11  0 A
3906.85606 99.999 9.999 11  0 A
3907.59466 99.999 9.999 11  0 A
3907.77690 17.661 0.039 11  0 A
3907.86146 99.999 9.999 11  0 A
3908.53081 17.600 0.027 11  0 A
3908.71642 99.999 9.999 11  0 A
3908.79650 99.999 9.999 11  0 A
3908.87610 99.999 9.999 11  0 A
3909.53255 17.683 0.031 11  0 A
3909.71536 17.628 0.022 11  0 A
3909.80585 17.723 0.026 11  0 A
3909.88209 17.619 0.028 11  0 A
3910.56201 17.702 0.031 11  0 A
3912.53181 17.623 0.018 11  0 A
3912.71911 17.681 0.022 11  0 A
3912.81298 17.716 0.025 11  0 A
3913.52327 17.660 0.021 11  0 A
3913.72868 99.999 9.999 11  0 A
3913.81763 99.999 9.999 11  0 A
3914.54703 17.659 0.031 11  0 A
3915.52479 17.720 0.030 11  0 A
3915.72677 17.735 0.029 11  0 A
3915.82500 99.999 9.999 11  0 A
3916.56350 17.707 0.036 11  0 A
3916.80737 17.698 0.036 11  0 A
3917.55117 17.612 0.025 11  0 A
3917.81791 17.728 0.036 11  0 A
3918.59191 17.642 0.024 11  0 A
3918.81566 17.758 0.037 11  0 A
3919.54241 17.767 0.035 11  0 A
3919.75241 17.684 0.025 11  0 A
3920.51012 99.999 9.999 11  0 A
3920.70621 17.692 0.033 11  0 A
3920.79156 17.660 0.025 11  0 A
3921.50629 17.670 0.029 11  0 A
3921.70554 17.839 0.052 11  0 A
3921.72000 17.547 0.040 11  0 A
3922.70997 17.706 0.040 11  0 A
3930.53762 17.715 0.025 11  0 A
3930.78501 17.614 0.035 11  0 A
3931.49555 17.697 0.037 11  0 A
3931.82270 17.650 0.034 11  0 A
3932.52644 99.999 9.999 11  0 A
3932.79819 17.778 0.037 11  0 A
3933.51288 17.698 0.027 11  0 A
3933.69729 17.685 0.025 11  0 A
3933.76931 17.677 0.028 11  0 A
3934.48675 17.704 0.028 11  0 A
3934.65679 99.999 9.999 11  0 A
3934.72662 99.999 9.999 11  0 A
3935.53665 99.999 9.999 11  0 A
3935.70795 17.654 0.037 11  0 A
3935.80551 17.702 0.031 11  0 A
3936.49004 99.999 9.999 11  0 A
3936.65553 17.618 0.027 11  0 A
3936.73190 17.660 0.033 11  0 A
3937.55431 99.999 9.999 11  0 A
3938.49782 17.702 0.036 11  0 A
3938.68874 17.727 0.031 11  0 A
3938.79796 17.767 0.037 11  0 A
3940.57805 99.999 9.999 11  0 A
3941.69904 17.721 0.039 11  0 A
3944.55038 17.702 0.034 11  0 A
3944.75072 17.709 0.025 11  0 A
3945.51209 17.677 0.032 11  0 A
3945.77859 99.999 9.999 11  0 A
3946.50948 17.587 0.030 11  0 A
3946.70167 17.646 0.029 11  0 A
3950.51836 17.651 0.027 11  0 A
3950.73340 17.707 0.030 11  0 A
3951.51106 17.705 0.034 11  0 A
3951.74233 17.650 0.042 11  0 A
3956.56358 99.999 9.999 11  0 A
3957.50269 17.713 0.041 11  0 A
3958.57350 17.657 0.031 11  0 A
3959.50625 17.638 0.031 11  0 A
3959.68067 17.625 0.028 11  0 A
3960.49552 17.631 0.026 11  0 A
3960.67458 17.647 0.022 11  0 A
3961.56682 17.654 0.034 11  0 A
3963.52813 99.999 9.999 11  0 A
3963.70552 17.702 0.032 11  0 A
3964.52323 99.999 9.999 11  0 A
3964.72811 99.999 9.999 11  0 A
3965.50767 17.617 0.023 11  0 A
3965.69897 17.645 0.023 11  0 A
3966.48285 17.603 0.031 11  0 A
3966.68461 17.636 0.028 11  0 A
3967.51722 99.999 9.999 11  0 A
3967.71002 99.999 9.999 11  0 A
3968.49534 17.581 0.033 11  0 A
3968.57205 99.999 9.999 11  0 A
3968.66525 17.647 0.029 11  0 A
3969.47696 17.609 0.033 11  0 A
3969.67764 17.765 0.037 11  0 A
3970.50608 17.598 0.036 11  0 A
3970.68464 17.705 0.029 11  0 A
3971.54996 99.999 9.999 11  0 A
3973.56806 17.632 0.038 11  0 A
3974.50540 17.679 0.034 11  0 A
3974.68840 17.680 0.035 11  0 A
3975.50832 17.664 0.029 11  0 A
3975.68018 17.722 0.033 11  0 A
3976.50287 17.648 0.025 11  0 A
3976.67889 17.770 0.039 11  0 A
3979.50514 17.747 0.066 11  0 A
3982.56575 17.729 0.032 11  0 A
3983.51944 99.999 9.999 11  0 A
3986.58020 17.695 0.035 11  0 A
3987.50256 17.688 0.034 11  0 A
3988.50840 17.653 0.027 11  0 A
3989.52606 17.658 0.033 11  0 A
3989.59339 17.728 0.039 11  0 A
3989.65912 17.689 0.041 11  0 A
3990.54287 17.713 0.038 11  0 A
3990.60769 17.680 0.034 11  0 A
3990.63502 17.726 0.032 11  0 A
3990.66921 17.640 0.031 11  0 A
3991.49865 17.665 0.039 11  0 A
3991.64194 17.787 0.038 11  0 A
3993.55037 17.635 0.032 11  0 A
3994.56103 17.689 0.036 11  0 A
3995.56860 17.675 0.028 11  0 A
3999.58387 17.722 0.031 11  0 A
4002.49208 17.679 0.031 11  0 A
4003.48958 17.632 0.027 11  0 A
4004.52370 17.724 0.026 11  0 A
4006.51665 17.693 0.032 11  0 A
4012.49654 17.639 0.043 11  0 A
4016.51218 17.654 0.036 11  0 A
4018.54847 17.636 0.035 11  0 A
4020.53521 17.833 0.041 11  0 A
4023.53555 17.649 0.036 11  0 A
4025.55494 17.667 0.035 11  0 A
4028.49433 17.642 0.038 11  0 A
4031.49442 17.708 0.044 11  0 A
4038.49978 17.972 0.064 11  0 A
4040.51413 17.866 0.053 11  0 A
4041.49634 17.649 0.058 11  0 A
4043.50658 17.783 0.047 11  0 A
4141.87425 17.623 0.034 11  0 A
4143.89158 17.653 0.052 11  0 A
4150.88943 17.612 0.036 11  0 A
4153.87732 17.683 0.036 11  0 A
4156.85575 17.711 0.043 11  0 A
4158.87533 17.730 0.041 11  0 A
4161.84330 17.650 0.042 11  0 A
4163.80945 17.651 0.033 11  0 A
4163.82618 17.676 0.034 11  0 A
4165.80755 17.607 0.048 11  0 A
4168.80086 99.999 9.999 11  0 A
4170.79671 99.999 9.999 11  0 A
4175.78733 17.598 0.039 11  0 A
4176.89869 17.660 0.029 11  0 A
4178.80243 17.638 0.031 11  0 A
4179.84679 17.682 0.031 11  0 A
4181.78315 17.697 0.036 11  0 A
4182.82815 17.703 0.030 11  0 A
4183.86427 17.707 0.037 11  0 A
4184.90489 17.654 0.028 11  0 A
4189.83630 17.550 0.039 11  0 A
4191.80518 17.661 0.044 11  0 A
4193.73955 17.632 0.049 11  0 A
4194.78508 17.586 0.032 11  0 A
4196.77521 17.630 0.039 11  0 A
4202.75669 17.665 0.033 11  0 A
4203.74471 17.655 0.026 11  0 A
4204.73698 17.647 0.031 11  0 A
4204.91930 17.615 0.026 11  0 A
4205.73353 17.659 0.031 11  0 A
4207.72299 17.662 0.033 11  0 A
4208.74507 17.603 0.033 11  0 A
4211.78923 17.652 0.038 11  0 A
4212.86641 17.663 0.043 11  0 A
4213.70960 17.642 0.039 11  0 A
4213.91318 17.644 0.028 11  0 A
4215.74231 17.609 0.035 11  0 A
4216.70011 17.652 0.035 11  0 A
4216.92447 17.644 0.034 11  0 A
4217.70755 17.612 0.028 11  0 A
4217.91117 17.594 0.025 11  0 A
4218.75716 17.657 0.038 11  0 A
4219.75533 17.650 0.033 11  0 A
4220.70006 17.644 0.038 11  0 A
4222.66603 17.652 0.044 11  0 A
4222.91352 17.647 0.033 11  0 A
4224.78224 17.631 0.033 11  0 A
4228.67769 17.596 0.030 11  0 A
4228.91127 17.597 0.038 11  0 A
4229.67133 17.635 0.037 11  0 A
4229.86831 17.595 0.032 11  0 A
4229.93550 17.528 0.033 11 40 A
4230.68107 17.622 0.031 11  0 A
4230.86912 17.669 0.035 11  0 A
4230.93399 17.740 0.053 11  0 A
4231.62340 17.621 0.034 11  0 A
4231.76761 17.665 0.031 11  0 A
4231.89179 17.606 0.034 11  0 A
4231.93490 17.641 0.038 11  0 A
4232.67545 17.646 0.042 11  0 A
4232.83648 17.545 0.043 11  0 A
4233.80725 17.597 0.039 11  0 A
4234.70891 17.651 0.034 11  0 A
4235.63696 17.639 0.034 11  0 A
4235.79816 17.594 0.028 11  0 A
4235.89058 17.614 0.030 11  0 A
4238.62283 17.749 0.057 11  0 A
4238.87527 17.596 0.035 11  0 A
4239.62372 17.651 0.037 11  0 A
4240.67695 17.588 0.029 11  0 A
4240.81133 17.598 0.033 11  0 A
4243.64276 17.617 0.035 11  0 A
4243.73547 17.609 0.038 11  0 A
4243.82923 17.592 0.036 11  0 A
4244.61516 17.695 0.048 11  0 A
4244.71136 17.562 0.028 11  0 A
4244.80419 17.581 0.034 11  0 A
4244.91602 17.584 0.033 11  0 A
4245.60820 17.675 0.035 11  0 A
4245.70212 17.550 0.025 11  0 A
4245.79797 17.588 0.027 11  0 A
4246.66654 17.581 0.033 11  0 A
4246.75941 17.558 0.040 11  0 A
4246.85272 17.546 0.033 11  0 A
4247.68174 17.568 0.030 11  0 A
4247.82259 17.551 0.029 11  0 A
4250.72988 17.562 0.032 11  0 A
4251.80147 17.674 0.060 11  0 A
4256.61760 17.539 0.035 11 40 A
4256.76362 17.567 0.038 11  0 A
4256.86143 17.444 0.046 11  0 A
4257.64927 17.553 0.036 11  0 A
4258.63292 17.580 0.041 11  0 A
4258.75541 17.502 0.031 11 40 A
4258.84951 17.499 0.035 11 40 A
4267.59350 17.517 0.033 11 40 A
4268.55670 17.527 0.032 11  0 A
4268.83957 17.478 0.030 11 40 A
4269.57593 17.499 0.030 11  0 A
4269.69646 17.407 0.024 11 40 A
4269.78570 17.466 0.023 11 40 A
4270.56946 17.458 0.028 11  0 A
4272.59781 17.435 0.023 11 40 A
4272.74695 17.439 0.025 11 40 A
4272.80620 17.457 0.023 11 40 A
4272.87774 17.504 0.039 11  0 A
4273.61494 17.471 0.039 11 40 A
4273.79560 17.471 0.036 11 40 A
4273.85674 17.493 0.039 11 40 A
4274.54757 17.420 0.031 11 40 A
4274.69991 17.450 0.030 11 40 A
4274.76248 17.461 0.031 11 40 A
4274.82088 17.449 0.030 11 40 A
4275.60002 17.401 0.025 11 40 A
4275.77537 17.403 0.029 11 40 A
4275.83384 17.452 0.034 11  0 A
4276.58481 17.407 0.030 11 40 A
4277.52860 17.422 0.036 11 40 A
4277.70549 17.409 0.027 11 40 A
4277.76419 17.423 0.033 11 40 A
4277.82283 17.458 0.039 11  0 A
4278.57236 17.445 0.038 11 40 A
4278.74964 17.387 0.032 11 40 A
4278.82870 17.455 0.039 11  0 A
4283.50801 17.418 0.034 11 40 A
4283.72834 17.324 0.032 11 40 A
4284.50297 17.327 0.029 11 40 A
4284.69312 17.388 0.029 11 40 A
4284.75590 17.383 0.028 11 40 A
4284.81484 99.999 9.999 11  0 A
4285.50605 17.367 0.037 11 40 A
4285.69418 17.384 0.032 11 40 A
4285.76062 17.417 0.026 11 40 A
4285.82594 17.414 0.033 11  0 A
4286.50575 17.384 0.033 11 40 A
4286.80293 17.396 0.031 11  0 A
4289.51356 17.357 0.035 11 40 A
4289.73212 17.376 0.030 11 40 A
4289.79724 17.411 0.029 11 40 A
4290.55988 17.337 0.032 11 40 A
4291.62250 17.326 0.022 11 40 A
4291.78520 17.385 0.034 11 40 A
4292.48816 17.354 0.024 11 40 A
4292.66732 17.333 0.026 11 40 A
4292.72592 17.345 0.022 11 40 A
4292.78445 17.371 0.022 11 40 A
4293.48847 17.312 0.025 11 40 A
4293.71307 17.341 0.025 11 40 A
4294.48765 17.361 0.025 11 40 A
4295.49476 17.343 0.025 11 40 A
4295.69278 17.395 0.022 11 40 A
4295.75137 17.343 0.021 11 40 A
4296.49173 17.328 0.025 11 40 A
4296.68443 17.359 0.024 11 40 A
4296.81270 99.999 9.999 11  0 A
4297.51134 17.339 0.028 11 40 A
4297.71294 17.334 0.022 11 40 A
4298.54621 17.355 0.033 11  0 A
4298.65195 17.373 0.027 11 40 A
4298.75155 17.358 0.032 11 40 A
4299.52924 17.386 0.025 11 40 A
4299.62223 17.344 0.022 11 40 A
4299.71442 17.350 0.024 11 40 A
4299.80517 99.999 9.999 11  0 A
4300.52491 17.339 0.025 11 40 A
4300.64499 17.393 0.025 11 40 A
4300.74051 17.367 0.026 11 40 A
4301.51578 17.346 0.024 11 40 A
4301.61155 17.365 0.022 11 40 A
4301.71129 17.365 0.025 11 40 A
4301.80251 99.999 9.999 11  0 A
4302.58876 99.999 9.999 11  0 A
4302.68896 99.999 9.999 11  0 A
4303.67480 17.308 0.030 11 40 A
4304.54890 17.358 0.031 11 40 A
4304.65959 17.456 0.045 11  0 A
4306.63285 17.399 0.029 11 40 A
4306.68565 17.420 0.032 11 40 A
4310.61207 17.382 0.031 11 40 A
4311.76074 99.999 9.999 11  0 A
4312.54435 17.424 0.034 11  0 A
4312.74280 99.999 9.999 11  0 A
4315.63534 17.408 0.034 11 40 A
4316.70852 17.465 0.031 11 40 A
4317.55659 17.416 0.024 11 40 A
4319.51385 17.429 0.032 11 40 A
4319.76870 99.999 9.999 11  0 A
4320.54067 17.479 0.028 11  0 A
4320.59554 17.422 0.029 11  0 A
4320.77207 99.999 9.999 11  0 A
4326.50790 17.439 0.030 11 40 A
4326.70510 17.487 0.036 11  0 A
4327.58629 17.484 0.040 11  0 A
4327.72759 17.508 0.041 11  0 A
4328.51309 99.999 9.999 11  0 A
4328.69113 99.999 9.999 11  0 A
4329.52309 99.999 9.999 11  0 A
4329.67097 99.999 9.999 11  0 A
4330.49401 17.421 0.029 11  0 A
4330.68727 99.999 9.999 11  0 A
4331.47409 17.596 0.046 11  0 A
4331.68295 99.999 9.999 11  0 A
4332.50388 17.472 0.026 11 40 A
4333.52495 17.526 0.034 11  0 A
4333.68609 17.491 0.032 11  0 A
4334.49833 17.563 0.074 11  0 A
4334.62657 17.632 0.066 11  0 A
4338.49820 17.535 0.034 11  0 A
4339.47556 17.611 0.045 11  0 A
4339.69197 99.999 9.999 11  0 A
4340.59585 17.533 0.035 11  0 A
4341.49886 17.510 0.042 11 40 A
4342.52808 99.999 9.999 11  0 A
4343.50688 99.999 9.999 11  0 A
4344.53510 99.999 9.999 11  0 A
4345.49997 99.999 9.999 11  0 A
4346.51297 99.999 9.999 11  0 A
4347.52770 99.999 9.999 11  0 A
4349.48892 99.999 9.999 11  0 A
4350.53598 99.999 9.999 11  0 A
4351.50187 99.999 9.999 11  0 A
4352.55243 17.645 0.045 11  0 A
4353.50579 17.573 0.030 11  0 A
4354.53451 17.603 0.030 11  0 A
4355.53613 17.569 0.030 11  0 A
4356.50250 17.592 0.033 11  0 A
4357.53158 17.567 0.041 11  0 A
4358.49461 17.544 0.043 11  0 A
4359.53217 17.608 0.034 11  0 A
4360.51960 17.589 0.044 11  0 A
4361.56492 17.638 0.052 11  0 A
4362.50666 17.618 0.039 11  0 A
4365.55748 17.703 0.054 11  0 A
4367.48358 17.590 0.034 11  0 A
4368.52723 17.608 0.044 11  0 A
4369.60659 17.661 0.064 11  0 A
4370.48450 17.658 0.044 11  0 A
4371.52966 17.601 0.034 11  0 A
4372.51542 17.633 0.031 11  0 A
4373.48991 17.583 0.041 11  0 A
4376.56630 17.660 0.047 11  0 A
4377.60358 99.999 9.999 11  0 A
4378.51410 17.618 0.036 11  0 A
4379.52915 17.551 0.043 11  0 A
4380.54064 17.555 0.032 11  0 A
4381.51930 17.554 0.045 11  0 A
4382.56131 17.662 0.040 11  0 A
4383.55241 17.628 0.041 11  0 A
4384.52658 17.657 0.043 11  0 A
4387.58054 99.999 9.999 11  0 A
4393.52643 17.593 0.034 11  0 A
4394.54178 99.999 9.999 11  0 A
4395.51318 17.655 0.045 11  0 A
4396.50517 17.594 0.047 11  0 A
4397.52950 17.633 0.042 11  0 A
4398.53441 17.623 0.042 11  0 A
4399.52707 17.586 0.046 11  0 A
4400.52917 17.650 0.052 11  0 A
4402.54558 17.676 0.053 11  0 A
4403.54462 99.999 9.999 11  0 A
4407.52056 17.630 0.048 11  0 A
4507.85096 17.651 0.041 11  0 A
4510.85622 17.683 0.039 11  0 A
4513.85736 17.648 0.029 11  0 A
4517.85647 17.582 0.052 11  0 A
4519.87741 17.617 0.031 11  0 A
4522.87132 17.620 0.038 11  0 A
4524.80722 17.657 0.036 11  0 A
4530.81482 17.702 0.029 11  0 A
4533.84845 17.642 0.033 11  0 A
4535.80187 17.687 0.043 11  0 A
4536.89110 17.725 0.032 11  0 A
4537.87675 17.647 0.028 11  0 A
4538.81187 17.645 0.034 11  0 A
4539.84992 17.596 0.032 11  0 A
4540.79607 17.658 0.028 11  0 A
4541.78880 17.654 0.028 11  0 A
4542.78349 17.679 0.043 11  0 A
4543.77903 17.651 0.034 11  0 A
4544.77593 17.592 0.036 11  0 A
4545.78221 17.726 0.036 11  0 A
4546.78936 17.622 0.037 11  0 A
4547.78333 17.665 0.035 11  0 A
4548.79431 17.660 0.039 11  0 A
4550.73734 17.635 0.044 11  0 A
4551.76054 17.656 0.034 11  0 A
4552.75644 17.695 0.062 11  0 A
4556.75256 17.619 0.028 11  0 A
4557.76983 17.664 0.034 11  0 A
4558.74677 17.661 0.028 11  0 A
4558.91653 17.666 0.028 11  0 A
4559.74466 17.687 0.030 11  0 A
4560.74477 17.598 0.031 11  0 A
4561.73482 17.727 0.035 11  0 A
4561.92101 17.635 0.031 11  0 A
4564.72502 17.666 0.030 11  0 A
4564.92553 17.693 0.034 11  0 A
4565.72309 17.644 0.026 11  0 A
4565.91395 17.673 0.021 11  0 A
4566.72257 17.650 0.032 11  0 A
4566.91943 17.642 0.024 11  0 A
4567.71554 17.591 0.034 11  0 A
4567.92144 17.677 0.027 11  0 A
4568.72145 17.668 0.034 11  0 A
4569.73047 17.770 0.046 11  0 A
4570.72389 17.655 0.038 11  0 A
4571.71852 17.658 0.045 11  0 A
4571.90711 17.662 0.028 11  0 A
4572.74601 17.672 0.033 11  0 A
4573.73441 17.736 0.033 11  0 A
4573.90077 17.653 0.024 11  0 A
4574.73680 17.685 0.041 11  0 A
4575.74229 17.654 0.031 11  0 A
4576.75240 17.654 0.030 11  0 A
4577.83408 17.658 0.030 11  0 A
4578.78513 17.730 0.055 11  0 A
4579.86203 17.707 0.049 11  0 A
4583.72884 17.692 0.040 11  0 A
4583.91498 17.672 0.032 11  0 A
4585.75258 17.712 0.042 11  0 A
4586.77776 17.672 0.035 11  0 A
4587.76544 17.707 0.035 11  0 A
4587.92403 17.688 0.043 11  0 A
4588.68795 17.662 0.035 11  0 A
4588.91884 17.642 0.027 11  0 A
4589.67089 17.745 0.038 11  0 A
4589.82630 17.616 0.031 11  0 A
4589.88829 17.691 0.035 11  0 A
4590.69049 17.689 0.037 11  0 A
4590.89615 17.689 0.029 11  0 A
4591.70215 17.713 0.037 11  0 A
4591.82705 17.636 0.029 11  0 A
4591.89416 17.600 0.031 11  0 A
4592.66075 17.721 0.039 11  0 A
4592.85004 17.715 0.037 11  0 A
4592.92836 17.700 0.037 11  0 A
4593.64992 17.678 0.037 11  0 A
4593.85961 17.660 0.028 11  0 A
4593.94178 17.689 0.056 11  0 A
4594.67097 17.719 0.041 11  0 A
4594.86596 17.703 0.032 11  0 A
4594.93148 17.663 0.033 11  0 A
4595.66048 17.660 0.034 11  0 A
4595.85485 17.648 0.030 11  0 A
4595.91674 17.633 0.032 11  0 A
4596.65567 17.676 0.035 11  0 A
4597.68013 17.714 0.035 11  0 A
4597.87164 17.645 0.030 11  0 A
4598.65642 17.673 0.026 11  0 A
4598.92509 17.643 0.028 11  0 A
4599.62885 17.580 0.038 11  0 A
4599.91943 17.714 0.038 11  0 A
4600.63812 17.654 0.027 11  0 A
4600.84684 17.679 0.026 11  0 A
4601.64370 17.618 0.029 11  0 A
4601.85993 17.645 0.025 11  0 A
4601.92178 99.999 9.999 11  0 A
4602.63634 17.692 0.029 11  0 A
4602.84575 17.603 0.025 11  0 A
4603.76378 17.618 0.034 11  0 A
4606.63762 17.663 0.033 11  0 A
4606.88897 17.666 0.034 11  0 A
4610.73377 17.674 0.028 11  0 A
4610.94100 99.999 9.999 11  0 A
4611.62311 17.684 0.042 11  0 A
4611.81395 17.657 0.028 11  0 A
4612.64448 17.630 0.042 11  0 A
4615.78621 17.694 0.035 11  0 A
4616.59523 17.709 0.043 11  0 A
4616.81174 17.737 0.031 11  0 A
4616.88170 17.651 0.033 11  0 A
4617.66147 17.665 0.033 11  0 A
4618.60696 17.669 0.034 11  0 A
4621.73592 17.749 0.021 11  0 A
4622.80539 17.715 0.032 11  0 A
4622.90685 17.675 0.045 11  0 A
4623.64076 17.698 0.052 11  0 A
4623.86454 17.653 0.042 11  0 A
4624.58447 17.699 0.038 11  0 A
4624.80866 17.605 0.037 11  0 A
4624.87501 99.999 9.999 11  0 A
4625.59857 17.663 0.044 11  0 A
4625.78893 99.999 9.999 11  0 A
4625.90369 17.698 0.056 11  0 A
4626.59709 17.676 0.042 11  0 A
4626.85240 99.999 9.999 11  0 A
4627.55754 17.610 0.031 11  0 A
4627.82975 17.626 0.029 11  0 A
4627.91410 99.999 9.999 11  0 A
4628.54325 17.703 0.037 11  0 A
4628.75111 17.659 0.033 11  0 A
4628.81654 17.676 0.037 11  0 A
4628.88643 99.999 9.999 11  0 A
4629.62222 17.640 0.029 11  0 A
4629.82486 17.674 0.036 11  0 A
4629.90286 99.999 9.999 11  0 A
4630.55817 17.659 0.038 11  0 A
4630.76401 17.668 0.028 11  0 A
4630.84735 17.663 0.030 11  0 A
4630.91014 99.999 9.999 11  0 A
4631.55957 17.631 0.027 11  0 A
4631.77533 17.670 0.027 11  0 A
4631.86199 17.691 0.035 11  0 A
4632.56335 17.635 0.033 11  0 A
4632.85009 17.654 0.033 11  0 A
4633.56332 17.701 0.036 11  0 A
4633.67486 17.671 0.032 11  0 A
4633.79060 17.624 0.034 11  0 A
4638.74837 17.696 0.033 11  0 A
4638.85858 99.999 9.999 11  0 A
4639.57093 17.624 0.038 11  0 A
4639.66871 17.674 0.032 11  0 A
4640.59044 17.637 0.032 11  0 A
4640.72261 17.654 0.028 11  0 A
4640.82762 99.999 9.999 11  0 A
4641.66443 17.606 0.027 11  0 A
4641.77439 17.626 0.031 11  0 A
4642.58832 17.670 0.035 11  0 A
4642.75085 99.999 9.999 11  0 A
4642.82592 99.999 9.999 11  0 A
4643.54611 17.653 0.041 11  0 A
4644.59349 17.668 0.042 11  0 A
4644.84970 99.999 9.999 11  0 A
4645.51655 17.747 0.042 11  0 A
4645.76503 99.999 9.999 11  0 A
4645.83977 99.999 9.999 11  0 A
4646.51461 17.657 0.033 11  0 A
4646.84700 99.999 9.999 11  0 A
4647.51098 17.660 0.037 11  0 A
4647.73402 17.708 0.039 11  0 A
4647.84504 99.999 9.999 11  0 A
4648.49412 17.651 0.040 11  0 A
4648.70775 17.636 0.034 11  0 A
4648.81164 99.999 9.999 11  0 A
4649.52021 17.727 0.045 11  0 A
4649.72891 17.627 0.028 11  0 A
4649.85532 99.999 9.999 11  0 A
4650.50620 17.656 0.040 11  0 A
4650.77012 17.602 0.033 11  0 A
4650.86381 99.999 9.999 11  0 A
4651.50953 17.644 0.045 11  0 A
4651.80468 99.999 9.999 11  0 A
4652.50059 17.649 0.038 11  0 A
4652.71373 17.681 0.031 11  0 A
4652.78861 99.999 9.999 11  0 A
4652.83834 99.999 9.999 11  0 A
4653.49694 17.687 0.052 11  0 A
4653.71612 17.647 0.035 11  0 A
4653.78129 99.999 9.999 11  0 A
4654.53574 17.753 0.047 11  0 A
4654.74719 17.639 0.032 11  0 A
4654.81232 99.999 9.999 11  0 A
4655.49681 17.721 0.043 11  0 A
4655.72130 99.999 9.999 11  0 A
4655.78309 99.999 9.999 11  0 A
4656.49875 17.648 0.028 11  0 A
4656.68849 99.999 9.999 11  0 A
4656.80777 17.584 0.035 11  0 A
4657.72310 17.645 0.037 11  0 A
4658.65708 17.615 0.037 11  0 A
4659.59119 17.698 0.048 11  0 A
4660.60952 17.628 0.035 11  0 A
4661.48681 17.633 0.034 11  0 A
4661.68750 17.662 0.035 11  0 A
4661.74898 99.999 9.999 11  0 A
4661.81617 99.999 9.999 11  0 A
4665.65426 17.708 0.043 11  0 A
4666.55968 17.668 0.040 11  0 A
4666.70276 17.594 0.033 11  0 A
4666.74491 99.999 9.999 11  0 A
4667.57123 99.999 9.999 11  0 A
4670.64440 99.999 9.999 11  0 A
4671.57992 99.999 9.999 11  0 A
4672.50540 17.651 0.029 11  0 A
4672.69790 17.626 0.034 11  0 A
4672.72018 99.999 9.999 11  0 A
4674.50853 99.999 9.999 11  0 A
4674.70164 99.999 9.999 11  0 A
4674.74093 99.999 9.999 11  0 A
4675.67582 17.682 0.029 11  0 A
4677.48511 17.691 0.033 11  0 A
4677.63144 99.999 9.999 11  0 A
4677.77402 99.999 9.999 11  0 A
4678.68853 99.999 9.999 11  0 A
4679.49073 99.999 9.999 11  0 A
4681.52651 99.999 9.999 11  0 A
4681.62653 99.999 9.999 11  0 A
4681.75875 99.999 9.999 11  0 A
4682.49752 17.589 0.032 11  0 A
4682.65485 99.999 9.999 11  0 A
4682.75007 99.999 9.999 11  0 A
4683.51604 99.999 9.999 11  0 A
4683.70294 99.999 9.999 11  0 A
4684.50859 17.670 0.034 11  0 A
4684.72229 99.999 9.999 11  0 A
4685.49352 99.999 9.999 11  0 A
4685.51327 99.999 9.999 11  0 A
4685.57035 99.999 9.999 11  0 A
4685.60439 99.999 9.999 11  0 A
4685.65929 99.999 9.999 11  0 A
4685.72849 99.999 9.999 11  0 A
4686.49730 17.562 0.034 11  0 A
4686.70129 99.999 9.999 11  0 A
4687.48106 17.670 0.038 11  0 A
4687.73655 17.754 0.041 11  0 A
4688.49398 99.999 9.999 11  0 A
4688.68381 99.999 9.999 11  0 A
4688.74562 99.999 9.999 11  0 A
4693.54156 17.674 0.029 11  0 A
4694.53679 99.999 9.999 11  0 A
4697.49745 17.679 0.034 11  0 A
4698.50297 99.999 9.999 11  0 A
4699.49911 99.999 9.999 11  0 A
4700.50538 99.999 9.999 11  0 A
4701.50066 17.688 0.036 11  0 A
4702.49919 17.655 0.031 11  0 A
4703.56967 99.999 9.999 11  0 A
4704.63945 99.999 9.999 11  0 A
4705.50288 99.999 9.999 11  0 A
4708.53608 17.682 0.035 11  0 A
4709.51218 99.999 9.999 11  0 A
4710.54181 17.690 0.030 11  0 A
4711.52116 17.657 0.033 11  0 A
4715.58116 17.798 0.045 11  0 A
4716.58355 99.999 9.999 11  0 A
4720.55070 17.649 0.037 11  0 A
4721.48225 17.653 0.050 11  0 A
4722.51479 17.747 0.034 11  0 A
4724.50459 17.673 0.039 11  0 A
4725.48288 17.695 0.049 11  0 A
4726.54431 99.999 9.999 11  0 A
4728.58944 99.999 9.999 11  0 A
4729.54492 99.999 9.999 11  0 A
4730.56128 99.999 9.999 11  0 A
4731.56818 99.999 9.999 11  0 A
4733.51988 99.999 9.999 11  0 A
4734.54926 17.628 0.037 11  0 A
4737.54014 17.639 0.034 11  0 A
4740.55065 17.688 0.044 11  0 A
4741.55834 99.999 9.999 11  0 A
4743.53330 17.655 0.037 11  0 A
4753.54423 99.999 9.999 11  0 A
4756.52306 99.999 9.999 11  0 A
4758.50588 17.608 0.045 11  0 A
4868.87629 17.650 0.032 11  0 A
4869.86015 17.630 0.036 11  0 A
4873.84898 17.683 0.037 11  0 A
4877.84329 17.676 0.034 11  0 A
4883.84531 17.653 0.035 11  0 A
4884.85082 17.694 0.029 11  0 A
4886.89396 17.648 0.037 11  0 A
4890.87888 17.693 0.029 11  0 A
4896.86714 17.678 0.034 11  0 A
4899.83804 17.704 0.034 11  0 A
4900.87949 17.770 0.039 11  0 A
4901.87787 17.680 0.030 11  0 A
4902.87659 17.664 0.029 11  0 A
4904.80068 17.673 0.031 11  0 A
4905.90466 17.699 0.036 11  0 A
4910.80658 99.999 9.999 11  0 A
4910.82642 17.668 0.033 11  0 A
4911.77720 17.660 0.026 11  0 A
4912.77411 17.661 0.025 11  0 A
4914.79119 17.658 0.035 11  0 A
4917.75222 17.668 0.028 11  0 A
4920.73252 99.999 9.999 11  0 A
4924.77358 17.672 0.029 11  0 A
4925.81352 17.660 0.027 11  0 A
4925.90056 17.648 0.022 11  0 A
4927.70715 17.747 0.050 11  0 A
4927.86768 17.710 0.036 11  0 A
4928.72968 99.999 9.999 11  0 A
4929.78595 99.999 9.999 11  0 A
4930.70045 17.636 0.039 11  0 A
4930.81938 17.657 0.034 11  0 A
4931.71528 17.610 0.037 11  0 A
4931.86095 17.653 0.032 11  0 A
4932.71834 17.583 0.033 11  0 A
4932.78452 17.697 0.031 11  0 A
4932.81901 17.695 0.030 11  0 A
4933.76667 17.643 0.041 11  0 A
4934.76507 17.845 0.076 11  0 A
4934.83033 17.664 0.044 11  0 A
4938.67566 17.668 0.037 11  0 A
4938.88031 17.678 0.030 11  0 A
4939.69457 17.774 0.040 11  0 A
4940.69457 17.627 0.033 11  0 A
4941.67332 17.637 0.035 11  0 A
4941.77132 17.701 0.030 11  0 A
4942.71109 99.999 9.999 11  0 A
4943.66516 17.651 0.035 11  0 A
4943.80465 17.693 0.028 11  0 A
4944.66197 17.674 0.032 11  0 A
4944.81741 17.666 0.024 11  0 A
4945.71042 17.734 0.030 11  0 A
4945.76687 17.692 0.025 11  0 A
4946.66009 17.651 0.036 11  0 A
4947.65375 99.999 9.999 11  0 A
4947.85169 17.616 0.023 11  0 A
4948.83430 17.671 0.025 11  0 A
4949.78240 17.694 0.030 11  0 A
4951.64246 17.653 0.038 11  0 A
4952.64068 17.711 0.040 11  0 A
4953.63432 17.595 0.033 11  0 A
4953.80888 17.665 0.028 11  0 A
4954.63584 17.656 0.038 11  0 A
4954.82871 17.681 0.029 11  0 A
4955.76991 17.726 0.039 11  0 A
