2072.60108 13.547 0.003 11 40 A
2072.61102 13.545 0.003 11 40 A
2072.62234 13.550 0.003 11 40 A
2072.63095 13.549 0.003 11 40 A
2072.63958 13.549 0.003 11 40 A
2072.65503 13.547 0.003 11 40 A
2072.66365 13.548 0.003 11 40 A
2072.67231 13.546 0.003 11 40 A
2072.68095 13.548 0.003 11 40 A
2072.68960 13.553 0.003 11 40 A
2072.69825 13.557 0.003 11 40 A
2072.72835 13.553 0.003 11 40 A
2072.73697 13.554 0.003 11 40 A
2072.74556 13.554 0.003 11 40 A
2072.75421 13.554 0.003 11 40 A
2072.76281 13.553 0.003 11 40 A
2072.77143 13.553 0.003 11 40 A
2072.78046 13.549 0.003 11 40 A
2072.78907 13.549 0.003 11 40 A
2072.79767 13.552 0.003 11 40 A
2072.80629 13.549 0.003 11 40 A
2072.81493 13.549 0.003 11 40 A
2072.82353 13.553 0.003 11 40 A
2072.83306 13.544 0.003 11 40 A
2072.84195 13.550 0.003 11 40 A
2072.85106 13.547 0.003 11 40 A
2072.86194 13.546 0.003 11 40 A
2072.87052 13.546 0.003 11 40 A
2072.87913 13.547 0.003 11 40 A
2072.89329 13.549 0.003 11 40 A
2072.90189 13.551 0.003 11 40 A
2072.91045 13.549 0.003 11 40 A
2073.58234 13.556 0.003 11 40 A
2073.59771 13.558 0.003 11 40 A
2073.60632 13.552 0.003 11 40 A
2073.61491 13.556 0.003 11 40 A
2073.62354 13.553 0.003 11 40 A
2073.63217 13.552 0.003 11 40 A
2073.64077 13.557 0.003 11 40 A
2073.64955 13.554 0.003 11 40 A
2073.65819 13.551 0.003 11 40 A
2073.66871 13.554 0.003 11 40 A
2073.67766 13.560 0.003 11 40 A
2073.68629 13.552 0.003 11 40 A
2073.69492 13.555 0.003 11 40 A
2073.70352 13.554 0.003 11 40 A
2073.71219 13.554 0.003 11 40 A
2073.72082 13.550 0.003 11 40 A
2073.73028 13.553 0.003 11 40 A
2073.73886 13.549 0.003 11 40 A
2073.74743 13.551 0.003 11 40 A
2073.75603 13.555 0.003 11 40 A
2073.76461 13.549 0.003 11 40 A
2073.77321 13.552 0.003 11 40 A
2073.78648 13.553 0.003 11 40 A
2073.80914 13.560 0.003 11 40 A
2073.82494 13.560 0.003 11 40 A
2073.83397 13.560 0.003 11 40 A
2073.84915 13.556 0.003 11 40 A
2073.85774 13.556 0.003 11 40 A
2073.86633 13.556 0.003 11 40 A
2073.87493 13.556 0.003 11 40 A
2073.88353 13.557 0.003 11 40 A
2073.89703 13.560 0.003 11 40 A
2073.90560 13.558 0.003 11 40 A
2074.57630 13.561 0.003 11 40 A
2074.58493 13.559 0.003 11 40 A
2074.59355 13.563 0.003 11 40 A
2074.60217 13.562 0.003 11 40 A
2074.61079 13.559 0.003 11 40 A
2074.61943 13.559 0.003 11 40 A
2074.63716 13.571 0.003 11 40 A
2074.64576 13.567 0.003 11 40 A
2074.65436 13.565 0.003 11 40 A
2074.66303 13.563 0.003 11 40 A
2074.67166 13.558 0.003 11 40 A
2074.68051 13.563 0.003 11 40 A
2074.70288 13.560 0.003 11 40 A
2074.71152 13.559 0.003 11 40 A
2074.72012 13.559 0.003 11 40 A
2074.73135 13.555 0.003 11 40 A
2074.73992 13.558 0.003 11 40 A
2074.76370 13.557 0.003 11 40 A
2074.77232 13.563 0.003 11 40 A
2074.78091 13.566 0.003 11 40 A
2074.78951 13.565 0.003 11 40 A
2074.79938 13.566 0.003 11 40 A
2074.80798 13.564 0.003 11 40 A
2074.81682 13.563 0.003 11 40 A
2074.82543 13.561 0.003 11 40 A
2074.83403 13.558 0.003 11 40 A
2074.84266 13.557 0.003 11 40 A
2074.85130 13.559 0.003 11 40 A
2074.85987 13.556 0.003 11 40 A
2074.86892 13.557 0.003 11 40 A
2074.87746 13.563 0.003 11 40 A
2074.88606 13.561 0.003 11 40 A
2074.89472 13.559 0.003 11 40 A
2074.90334 13.557 0.003 11 40 A
2075.61108 13.565 0.003 11 40 A
2075.61969 13.565 0.003 11 40 A
2075.62828 13.570 0.003 11 40 A
2075.63690 13.565 0.003 11 40 A
2075.64553 13.571 0.003 11 40 A
2075.66516 13.565 0.003 11 40 A
2075.67375 13.568 0.003 11 40 A
2075.68236 13.563 0.003 11 40 A
2075.69099 13.572 0.003 11 40 A
2075.69963 13.568 0.003 11 40 A
2075.70822 13.567 0.003 11 40 A
2075.71725 13.572 0.003 11 40 A
2075.72650 13.572 0.003 11 40 A
2075.73510 13.573 0.003 11 40 A
2075.74367 13.574 0.003 11 40 A
2075.77047 13.572 0.003 11 40 A
2075.77907 13.565 0.003 11 40 A
2075.78765 13.567 0.003 11 40 A
2075.79652 13.568 0.003 11 40 A
2075.80514 13.570 0.003 11 40 A
2075.81375 13.570 0.003 11 40 A
2075.82236 13.566 0.003 11 40 A
2075.83093 13.568 0.003 11 40 A
2075.84358 13.570 0.003 11 40 A
2075.85218 13.575 0.003 11 40 A
2075.86080 13.567 0.003 11 40 A
2075.86939 13.569 0.003 11 40 A
2075.87794 13.568 0.003 11 40 A
2075.88654 13.564 0.003 11 40 A
2075.89544 13.571 0.003 11 40 A
2076.68960 13.573 0.003 11 40 A
2076.69822 13.573 0.003 11 40 A
2076.70684 13.570 0.003 11 40 A
2076.72033 13.572 0.003 11 40 A
2076.73029 13.577 0.003 11 40 A
2076.73910 13.574 0.003 11 40 A
2076.74787 13.579 0.003 11 40 A
2076.75661 13.571 0.003 11 40 A
2076.76539 13.576 0.003 11 40 A
2076.77417 13.571 0.003 11 40 A
2076.79006 13.569 0.003 11 40 A
2076.80142 13.567 0.003 11 40 A
2076.81414 13.577 0.003 11 40 A
2076.82663 13.566 0.003 11 40 A
2076.83536 13.565 0.003 11 40 A
2076.84411 13.569 0.003 11 40 A
2076.85283 13.571 0.003 11 40 A
2076.86160 13.567 0.003 11 40 A
2076.87031 13.570 0.003 11 40 A
2076.87962 13.567 0.003 11 40 A
2076.88836 13.566 0.003 11 40 A
2077.58633 13.573 0.003 11 40 A
2077.60692 13.569 0.003 11 40 A
2077.61760 13.571 0.003 11 40 A
2077.62853 13.575 0.003 11 40 A
2077.63729 13.573 0.003 11 40 A
2077.65017 13.569 0.003 11 40 A
2077.65894 13.574 0.003 11 40 A
2077.66767 13.578 0.003 11 40 A
2077.67639 13.575 0.003 11 40 A
2077.68859 13.576 0.003 11 40 A
2077.69738 13.571 0.003 11 40 A
2077.70615 13.572 0.003 11 40 A
2077.71491 13.574 0.003 11 40 A
2077.72365 13.570 0.003 11 40 A
2077.73240 13.572 0.003 11 40 A
2077.74219 13.578 0.003 11 40 A
2077.75096 13.574 0.003 11 40 A
2077.75976 13.576 0.003 11 40 A
2077.76851 13.574 0.003 11 40 A
2077.77725 13.579 0.003 11 40 A
2077.78938 13.571 0.003 11 40 A
2077.79809 13.566 0.003 11 40 A
2077.80684 13.574 0.003 11 40 A
2077.81563 13.567 0.003 11 40 A
2077.82438 13.573 0.003 11 40 A
2077.83314 13.574 0.003 11 40 A
2077.84225 13.565 0.003 11 40 A
2077.85098 13.571 0.003 11 40 A
2077.85974 13.571 0.003 11 40 A
2077.86848 13.570 0.003 11 40 A
2077.87716 13.575 0.003 11 40 A
2077.88592 13.578 0.003 11 40 A
2077.89489 13.577 0.003 11 40 A
2077.90367 13.581 0.003 11 40 A
2078.59219 13.573 0.003 11 40 A
2078.60094 13.578 0.003 11 40 A
2078.60971 13.578 0.003 11 40 A
2078.61844 13.576 0.003 11 40 A
2078.62721 13.570 0.003 11 40 A
2078.63599 13.573 0.003 11 40 A
2078.65637 13.575 0.003 11 40 A
2078.66510 13.573 0.003 11 40 A
2078.67388 13.570 0.003 11 40 A
2078.68263 13.575 0.003 11 40 A
2078.69140 13.577 0.003 11 40 A
2078.70013 13.575 0.003 11 40 A
2078.70979 13.574 0.003 11 40 A
2078.71872 13.573 0.003 11 40 A
2078.72744 13.569 0.003 11 40 A
2078.73619 13.570 0.003 11 40 A
2078.74492 13.571 0.003 11 40 A
2078.75368 13.569 0.003 11 40 A
2078.76672 13.577 0.003 11 40 A
2078.78557 13.570 0.003 11 40 A
2078.79435 13.572 0.003 11 40 A
2078.80310 13.569 0.003 11 40 A
2078.81185 13.573 0.003 11 40 A
2078.83791 13.571 0.003 11 40 A
2078.84667 13.580 0.003 11 40 A
2078.86497 13.583 0.003 11 40 A
2078.87365 13.578 0.003 11 40 A
2078.88240 13.580 0.003 11 40 A
2079.62222 13.581 0.003 11 40 A
2079.63097 13.580 0.003 11 40 A
2079.63977 13.572 0.003 11 40 A
2079.64852 13.571 0.003 11 40 A
2079.65727 13.573 0.003 11 40 A
2079.66603 13.570 0.003 11 40 A
2079.67583 13.572 0.003 11 40 A
2079.68456 13.577 0.003 11 40 A
2079.69331 13.573 0.003 11 40 A
2079.70202 13.571 0.003 11 40 A
2079.71077 13.574 0.003 11 40 A
2079.73364 13.579 0.003 11 40 A
2079.74242 13.570 0.003 11 40 A
2079.75116 13.579 0.003 11 40 A
2079.75986 13.578 0.003 11 40 A
2079.76862 13.579 0.003 11 40 A
2079.78392 13.578 0.003 11 40 A
2079.79604 13.575 0.003 11 40 A
2079.80478 13.572 0.003 11 40 A
2079.81356 13.570 0.003 11 40 A
2080.55559 13.569 0.003 11 40 A
2080.57005 13.570 0.003 11 40 A
2080.57875 13.566 0.003 11 40 A
2080.58749 13.568 0.003 11 40 A
2080.59620 13.567 0.003 11 40 A
2080.60494 13.577 0.003 11 40 A
2080.61368 13.573 0.003 11 40 A
2080.62838 13.569 0.003 11 40 A
2080.63716 13.561 0.003 11 40 A
2080.64591 13.575 0.003 11 40 A
2080.65470 13.575 0.003 11 40 A
2080.66342 13.571 0.003 11 40 A
2080.67809 13.574 0.003 11 40 A
2080.69972 13.574 0.003 11 40 A
2080.70845 13.570 0.003 11 40 A
2080.71720 13.560 0.003 11 40 A
2080.75097 13.569 0.003 11 40 A
2080.76345 13.568 0.003 11 40 A
2080.77774 13.565 0.003 11 40 A
2080.80314 13.572 0.003 11 40 A
2080.81348 13.566 0.003 11 40 A
2080.82227 13.569 0.003 11 40 A
2080.83101 13.571 0.003 11 40 A
2080.83969 13.567 0.003 11 40 A
2080.84846 13.573 0.003 11 40 A
2080.85724 13.576 0.003 11 40 A
2081.56920 13.571 0.003 11 40 A
2081.57910 13.571 0.003 11 40 A
2081.58783 13.567 0.003 11 40 A
2081.59848 13.575 0.003 11 40 A
2081.61801 13.573 0.003 11 40 A
2081.66077 13.569 0.003 11 40 A
2081.70219 13.568 0.003 11 40 A
2081.71103 13.573 0.003 11 40 A
2081.71987 13.569 0.003 11 40 A
2081.72859 13.576 0.003 11 40 A
2081.73731 13.566 0.003 11 40 A
2081.74607 13.577 0.003 11 40 A
2081.75688 13.571 0.003 11 40 A
2081.76567 13.569 0.003 11 40 A
2081.77442 13.565 0.003 11 40 A
2081.78318 13.570 0.003 11 40 A
2081.80125 13.578 0.003 11 40 A
2081.80999 13.571 0.003 11 40 A
2081.81875 13.566 0.003 11 40 A
2081.83077 13.570 0.003 11 40 A
2081.83952 13.562 0.003 11 40 A
2081.86475 13.569 0.003 11 40 A
2081.86834 13.572 0.003 11 40 A
2081.87962 13.570 0.003 11 40 A
2082.64280 13.568 0.003 11 40 A
2082.68513 13.576 0.003 11 40 A
2082.69589 13.569 0.003 11 40 A
2082.70523 13.570 0.003 11 40 A
2082.71402 13.567 0.003 11 40 A
2082.72649 13.568 0.003 11 40 A
2082.73821 13.567 0.003 11 40 A
2082.74694 13.564 0.003 11 40 A
2082.75565 13.562 0.003 11 40 A
2082.76677 13.567 0.003 11 40 A
2082.78348 13.565 0.003 11 40 A
2082.79222 13.568 0.003 11 40 A
2082.80097 13.568 0.003 11 40 A
2082.80971 13.564 0.003 11 40 A
2082.81847 13.566 0.003 11 40 A
2082.82723 13.567 0.003 11 40 A
2082.83972 13.569 0.003 11 40 A
2082.84849 13.570 0.003 11 40 A
2082.85727 13.567 0.003 11 40 A
2082.86602 13.565 0.003 11 40 A
2082.87479 13.564 0.003 11 40 A
2082.88358 13.564 0.003 11 40 A
2082.89623 13.562 0.003 11 40 A
2085.63080 13.566 0.003 11 40 A
2085.63939 13.567 0.003 11 40 A
2085.64798 13.570 0.003 11 40 A
2085.65662 13.566 0.003 11 40 A
2085.66521 13.571 0.003 11 40 A
2085.67382 13.562 0.003 11 40 A
2085.68505 13.569 0.003 11 40 A
2085.69361 13.565 0.003 11 40 A
2085.70221 13.561 0.003 11 40 A
2085.71082 13.564 0.003 11 40 A
2085.71953 13.562 0.003 11 40 A
2085.72816 13.563 0.003 11 40 A
2085.73794 13.567 0.003 11 40 A
2085.74656 13.568 0.003 11 40 A
2085.75876 13.567 0.003 11 40 A
2085.77536 13.567 0.003 11 40 A
2085.78478 13.568 0.003 11 40 A
2085.79494 13.560 0.003 11 40 A
2085.80353 13.566 0.003 11 40 A
2085.82598 13.560 0.003 11 40 A
2085.83456 13.558 0.003 11 40 A
2085.84315 13.568 0.003 11 40 A
2085.85175 13.564 0.003 11 40 A
2085.86037 13.572 0.003 11 40 A
2086.55481 13.570 0.003 11 40 A
2086.56343 13.567 0.003 11 40 A
2086.57202 13.567 0.003 11 40 A
2086.59175 13.568 0.003 11 40 A
2086.60037 13.570 0.003 11 40 A
2086.60899 13.566 0.003 11 40 A
2086.62829 13.545 0.003 11 40 A
2086.63691 13.565 0.003 11 40 A
2086.64548 13.591 0.003 11  0 A
2086.65410 13.566 0.003 11 40 A
2086.66270 13.566 0.003 11 40 A
2086.67132 13.567 0.003 11 40 A
2086.68306 13.557 0.003 11 40 A
2086.69161 13.560 0.003 11 40 A
2086.70018 13.561 0.003 11 40 A
2086.70878 13.564 0.003 11 40 A
2086.71745 13.568 0.003 11 40 A
2086.73088 13.567 0.003 11 40 A
2086.73953 13.568 0.003 11 40 A
2086.74814 13.560 0.003 11 40 A
2086.75675 13.563 0.003 11 40 A
2086.76535 13.564 0.003 11 40 A
2086.77865 13.565 0.003 11 40 A
2086.78727 13.570 0.003 11 40 A
2086.79592 13.565 0.003 11 40 A
2086.80830 13.564 0.003 11 40 A
2086.81687 13.566 0.003 11 40 A
2086.82549 13.568 0.003 11 40 A
2086.83795 13.570 0.003 11 40 A
2086.84658 13.575 0.003 11 40 A
2086.85519 13.572 0.003 11 40 A
2086.86379 13.577 0.003 11 40 A
2087.56046 13.564 0.003 11 40 A
2087.60209 13.564 0.003 11 40 A
2087.61082 13.565 0.003 11 40 A
2087.61954 13.566 0.003 11 40 A
2087.62827 13.563 0.003 11 40 A
2087.63703 13.564 0.003 11 40 A
2087.64578 13.570 0.003 11 40 A
2087.65476 13.565 0.003 11 40 A
2087.66352 13.568 0.003 11 40 A
2087.67559 13.568 0.003 11 40 A
2087.68432 13.570 0.003 11 40 A
2087.69371 13.564 0.003 11 40 A
2087.71116 13.571 0.003 11 40 A
2087.71993 13.570 0.003 11 40 A
2087.72870 13.565 0.003 11 40 A
2087.73750 13.562 0.003 11 40 A
2087.74628 13.572 0.003 11 40 A
2087.75502 13.578 0.003 11 40 A
2087.76551 13.565 0.003 11 40 A
2087.77426 13.565 0.003 11 40 A
2087.78301 13.572 0.003 11 40 A
2087.79175 13.570 0.003 11 40 A
2087.80049 13.573 0.003 11 40 A
2087.80924 13.567 0.003 11 40 A
2087.81847 13.568 0.003 11 40 A
2087.82720 13.565 0.003 11 40 A
2087.83596 13.565 0.003 11 40 A
2087.84471 13.567 0.003 11 40 A
2087.85346 13.566 0.003 11 40 A
2087.86218 13.560 0.003 11 40 A
2088.55786 13.575 0.003 11 40 A
2088.56977 13.570 0.003 11 40 A
2088.57851 13.574 0.003 11 40 A
2088.58730 13.575 0.003 11 40 A
2088.59609 13.567 0.003 11 40 A
2088.60499 13.574 0.003 11 40 A
2088.61378 13.572 0.003 11 40 A
2088.62254 13.572 0.003 11 40 A
2088.63134 13.571 0.003 11 40 A
2088.64161 13.574 0.003 11 40 A
2088.65041 13.572 0.003 11 40 A
2088.65917 13.571 0.003 11 40 A
2088.66797 13.570 0.003 11 40 A
2088.67912 13.564 0.003 11 40 A
2088.68842 99.999 9.999 11  0 A
2088.69713 13.573 0.003 11 40 A
2088.70588 13.566 0.003 11 40 A
2088.71463 13.573 0.003 11 40 A
2088.72469 13.573 0.003 11 40 A
2088.73859 13.568 0.003 11 40 A
2088.74735 13.566 0.003 11 40 A
2088.75608 13.565 0.003 11 40 A
2088.76481 13.565 0.003 11 40 A
2088.77668 13.565 0.003 11 40 A
2088.78548 13.564 0.003 11 40 A
2088.79423 13.568 0.003 11 40 A
2088.80301 13.568 0.003 11 40 A
2088.81180 13.569 0.003 11 40 A
2088.82055 13.574 0.003 11 40 A
2088.82971 13.569 0.003 11 40 A
2088.83843 13.577 0.003 11 40 A
2088.84722 13.575 0.003 11 40 A
2089.61034 13.576 0.003 11 40 A
2089.61908 13.570 0.003 11 40 A
2089.62781 13.573 0.003 11 40 A
2089.63654 13.575 0.003 11 40 A
2089.64530 13.574 0.003 11 40 A
2089.65445 13.574 0.003 11 40 A
2090.64245 13.575 0.003 11 40 A
2090.65125 13.573 0.003 11 40 A
2090.66119 13.568 0.003 11 40 A
2090.66997 13.573 0.003 11 40 A
2090.67890 13.575 0.003 11 40 A
2090.70715 13.577 0.003 11 40 A
2090.71589 13.572 0.003 11 40 A
2090.72461 13.567 0.003 11 40 A
2090.73332 13.569 0.003 11 40 A
2090.74206 13.570 0.003 11 40 A
2090.75084 13.565 0.003 11 40 A
2090.76041 13.565 0.003 11 40 A
2090.76914 13.569 0.003 11 40 A
2090.77788 13.568 0.003 11 40 A
2090.78664 13.567 0.003 11 40 A
2090.79543 13.563 0.003 11 40 A
2090.80420 13.567 0.003 11 40 A
2090.81627 13.569 0.003 11 40 A
2090.82501 13.570 0.003 11 40 A
2090.83936 13.572 0.003 11 40 A
2091.58676 13.568 0.003 11 40 A
2091.59555 13.567 0.003 11 40 A
2091.60431 13.568 0.003 11 40 A
2091.61502 13.565 0.003 11 40 A
2091.63115 13.572 0.003 11 40 A
2091.65270 13.563 0.003 11 40 A
2091.66227 13.566 0.003 11 40 A
2091.67098 13.568 0.003 11 40 A
2091.68033 13.567 0.003 11 40 A
2091.68916 13.568 0.003 11 40 A
2091.69790 13.563 0.003 11 40 A
2091.70666 13.567 0.003 11 40 A
2091.71565 13.569 0.003 11 40 A
2091.72437 13.570 0.003 11 40 A
2091.73309 13.571 0.003 11 40 A
2091.74185 13.564 0.003 11 40 A
2091.75063 13.563 0.003 11 40 A
2091.76173 13.564 0.003 11 40 A
2091.77465 13.563 0.003 11 40 A
2091.78342 13.561 0.003 11 40 A
2091.79215 13.560 0.003 11 40 A
2091.80094 13.566 0.003 11 40 A
2091.80969 13.570 0.003 11 40 A
2091.81846 13.567 0.003 11 40 A
2091.82741 13.566 0.003 11 40 A
2091.83661 13.563 0.003 11 40 A
2091.84537 13.558 0.003 11 40 A
2091.85414 13.562 0.003 11 40 A
2091.86285 13.560 0.003 11 40 A
2091.87157 13.566 0.003 11 40 A
2092.64416 13.570 0.003 11 40 A
2092.65296 13.568 0.003 11 40 A
2092.66173 13.571 0.003 11 40 A
2092.67328 13.572 0.003 11 40 A
2092.68206 13.563 0.003 11 40 A
2092.69081 13.566 0.003 11 40 A
2092.69959 13.567 0.003 11 40 A
2092.70837 13.563 0.003 11 40 A
2092.71714 13.563 0.003 11 40 A
2092.73240 13.558 0.003 11 40 A
2092.74117 13.570 0.003 11 40 A
2092.75175 13.563 0.003 11 40 A
2092.76047 13.571 0.003 11 40 A
2092.76922 13.571 0.003 11 40 A
2092.77798 13.574 0.003 11 40 A
2092.78672 13.569 0.003 11 40 A
2092.79724 13.569 0.003 11 40 A
2092.80598 13.573 0.003 11 40 A
2092.81470 13.568 0.003 11 40 A
2092.82988 13.571 0.003 11 40 A
2101.55169 13.566 0.003 11 40 A
2101.56043 13.563 0.003 11 40 A
2101.56917 13.557 0.003 11 40 A
2101.57793 13.564 0.003 11 40 A
2101.58661 13.558 0.003 11 40 A
2101.59540 13.567 0.003 11 40 A
2101.60995 13.562 0.003 11 40 A
2101.61873 13.566 0.003 11 40 A
2101.62751 13.560 0.003 11 40 A
2101.63626 13.561 0.003 11 40 A
2101.64495 13.560 0.003 11 40 A
2101.65437 13.561 0.003 11 40 A
2101.66334 13.561 0.003 11 40 A
2101.67209 13.558 0.003 11 40 A
2101.68084 13.569 0.003 11 40 A
2101.68958 13.565 0.003 11 40 A
2101.69833 13.564 0.003 11 40 A
2101.70706 13.564 0.003 11 40 A
2101.72427 13.558 0.003 11 40 A
2101.73964 13.563 0.003 11 40 A
2101.75822 13.565 0.003 11 40 A
2101.76695 13.567 0.003 11 40 A
2101.77573 13.569 0.003 11 40 A
2101.78446 13.565 0.003 11 40 A
2102.53609 13.566 0.003 11 40 A
2102.54486 13.565 0.003 11 40 A
2102.55544 13.567 0.003 11 40 A
2102.56419 13.575 0.003 11 40 A
2102.57994 13.566 0.003 11 40 A
2102.58872 13.570 0.003 11 40 A
2102.59745 13.571 0.003 11 40 A
2102.60623 13.573 0.003 11 40 A
2102.61496 13.573 0.003 11 40 A
2102.62375 13.574 0.003 11 40 A
2102.63307 13.572 0.003 11 40 A
2102.64183 13.568 0.003 11 40 A
2102.65119 13.572 0.003 11 40 A
2103.50001 13.570 0.003 11 40 A
2103.50874 13.581 0.003 11 40 A
2103.51923 13.572 0.003 11 40 A
2103.52796 13.574 0.003 11 40 A
2103.53673 13.574 0.003 11 40 A
2103.54544 13.568 0.003 11 40 A
2103.55418 13.570 0.003 11 40 A
2103.56289 13.580 0.003 11 40 A
2103.57481 13.572 0.003 11 40 A
2103.58359 13.574 0.003 11 40 A
2103.59235 13.572 0.003 11 40 A
2103.60111 13.571 0.003 11 40 A
2103.61052 13.574 0.003 11 40 A
2103.61929 13.569 0.003 11 40 A
2103.62804 13.572 0.003 11 40 A
2103.63674 13.575 0.003 11 40 A
2103.64607 13.572 0.003 11 40 A
2103.65481 13.572 0.003 11 40 A
2103.66471 13.575 0.003 11 40 A
2103.67354 13.573 0.003 11 40 A
2103.68224 13.571 0.003 11 40 A
2103.72327 13.568 0.003 11 40 A
2103.73207 13.570 0.003 11 40 A
2103.74082 13.568 0.003 11 40 A
2103.74956 13.573 0.003 11 40 A
2103.75834 13.575 0.003 11 40 A
2103.76706 13.573 0.003 11 40 A
2103.77580 13.576 0.003 11 40 A
2103.78454 13.575 0.003 11 40 A
2103.79328 13.576 0.003 11 40 A
2105.50627 13.582 0.003 11 40 A
2105.51998 13.583 0.003 11 40 A
2105.52902 13.584 0.003 11 40 A
2105.53777 13.599 0.003 11 40 A
2105.54651 13.584 0.003 11 40 A
2105.55524 13.587 0.003 11 40 A
2105.56644 13.582 0.003 11 40 A
2105.57518 13.583 0.003 11 40 A
2105.58396 13.579 0.003 11 40 A
2105.59270 13.579 0.003 11 40 A
2105.60219 13.584 0.003 11 40 A
2105.61152 13.582 0.003 11 40 A
2105.62059 13.583 0.003 11 40 A
2105.63243 13.580 0.003 11 40 A
2105.64325 13.578 0.003 11 40 A
2105.65200 13.579 0.003 11 40 A
2105.65546 13.584 0.003 11 40 A
2105.66455 13.567 0.003 11 40 A
2105.67330 13.578 0.003 11 40 A
2105.68205 13.580 0.003 11 40 A
2105.69079 13.578 0.003 11 40 A
2105.69956 13.573 0.003 11 40 A
2105.70830 13.573 0.003 11 40 A
2105.71445 13.579 0.003 11 40 A
2105.72470 13.582 0.003 11 40 A
2105.73342 13.581 0.003 11 40 A
2105.74216 13.581 0.003 11 40 A
2105.75092 13.587 0.003 11 40 A
2105.75966 13.582 0.003 11 40 A
2105.76845 13.580 0.003 11 40 A
2105.77758 13.576 0.003 11 40 A
2105.78631 13.582 0.003 11 40 A
2105.79509 13.578 0.003 11 40 A
2105.80391 13.583 0.003 11 40 A
2106.59545 13.590 0.003 11 40 A
2106.60510 13.589 0.003 11 40 A
2106.61431 13.588 0.003 11 40 A
2106.62309 13.589 0.003 11 40 A
2106.63185 13.594 0.003 11 40 A
2106.64136 13.587 0.003 11 40 A
2106.65011 13.589 0.003 11 40 A
2106.65890 13.584 0.003 11 40 A
2106.66795 13.582 0.003 11 40 A
2106.67673 13.580 0.003 11 40 A
2106.68548 13.583 0.003 11 40 A
2106.69416 13.580 0.003 11 40 A
2106.70292 13.584 0.003 11 40 A
2106.71833 13.584 0.003 11 40 A
2106.72710 13.582 0.003 11 40 A
2106.73584 13.574 0.003 11 40 A
2106.74459 13.574 0.003 11 40 A
2106.75329 13.583 0.003 11 40 A
2106.76205 13.582 0.003 11 40 A
2111.51213 13.571 0.003 11 40 A
2111.52090 13.567 0.003 11 40 A
2111.52964 13.565 0.003 11 40 A
2111.53837 13.567 0.003 11 40 A
2111.54716 13.564 0.003 11 40 A
2111.55592 13.568 0.003 11 40 A
2111.56516 13.566 0.003 11 40 A
2111.57389 13.566 0.003 11 40 A
2111.58270 13.569 0.003 11 40 A
2111.59143 13.565 0.003 11 40 A
2111.60019 13.564 0.003 11 40 A
2111.60890 13.563 0.003 11 40 A
2111.61805 13.568 0.003 11 40 A
2111.62740 13.568 0.003 11 40 A
2111.63618 13.581 0.003 11 40 A
2111.64495 13.572 0.003 11 40 A
2111.65372 13.565 0.003 11 40 A
2111.66244 13.572 0.003 11 40 A
2111.67165 13.568 0.003 11 40 A
2111.68039 13.562 0.003 11 40 A
2111.68915 13.567 0.003 11 40 A
2111.69788 13.566 0.003 11 40 A
2111.70662 13.564 0.003 11 40 A
2111.71539 13.565 0.003 11 40 A
2111.72470 13.558 0.003 11 40 A
2111.73343 13.563 0.003 11 40 A
2111.74216 13.558 0.003 11 40 A
2111.75092 13.565 0.003 11 40 A
2112.50470 13.562 0.003 11 40 A
2112.51432 13.569 0.003 11 40 A
2112.52732 13.563 0.003 11 40 A
2112.53610 13.567 0.003 11 40 A
2112.55565 13.566 0.003 11 40 A
2112.56437 13.568 0.003 11 40 A
2112.57867 13.569 0.003 11 40 A
2112.58742 13.570 0.003 11 40 A
2112.60076 13.559 0.003 11 40 A
2112.60949 13.567 0.003 11 40 A
2112.61827 13.565 0.003 11 40 A
2112.62699 13.558 0.003 11 40 A
2112.63574 13.563 0.003 11 40 A
2112.64457 13.563 0.003 11 40 A
2112.66642 13.565 0.003 11 40 A
2112.67518 13.557 0.003 11 40 A
2112.68392 13.553 0.003 11 40 A
2112.69269 13.567 0.003 11 40 A
2112.70281 13.565 0.003 11 40 A
2112.71181 13.564 0.003 11 40 A
2112.72057 13.566 0.003 11 40 A
2112.72933 13.565 0.003 11 40 A
2112.73812 13.562 0.003 11 40 A
2112.74686 13.561 0.003 11 40 A
2112.75627 13.563 0.003 11 40 A
2113.51586 13.568 0.003 11 40 A
2113.52462 13.556 0.003 11 40 A
2113.53337 13.567 0.003 11 40 A
2113.54266 13.570 0.003 11 40 A
2113.55143 13.561 0.003 11 40 A
2113.56017 13.567 0.003 11 40 A
2113.56887 13.571 0.003 11 40 A
2113.57759 13.568 0.003 11 40 A
2113.58635 13.566 0.003 11 40 A
2113.59562 13.567 0.003 11 40 A
2113.60437 13.575 0.003 11 40 A
2113.61311 13.568 0.003 11 40 A
2113.62217 13.570 0.003 11 40 A
2113.63092 13.566 0.003 11 40 A
2113.63966 13.567 0.003 11 40 A
2113.64918 13.568 0.003 11 40 A
2113.65796 13.569 0.003 11 40 A
2113.71536 13.569 0.003 11 40 A
2113.72413 13.566 0.003 11 40 A
2113.73287 13.569 0.003 11 40 A
2113.74161 13.562 0.003 11 40 A
2113.75035 13.563 0.003 11 40 A
2113.75910 13.561 0.003 11 40 A
2113.76831 13.564 0.003 11 40 A
2113.77707 13.567 0.003 11 40 A
2114.69378 13.572 0.003 11 40 A
2114.70253 13.560 0.003 11 40 A
2114.71130 13.567 0.003 11 40 A
2114.72011 13.570 0.003 11 40 A
2114.73080 13.564 0.003 11 40 A
2114.74057 13.564 0.003 11 40 A
2114.74929 13.566 0.003 11 40 A
2114.76028 13.570 0.003 11 40 A
2114.76905 13.567 0.003 11 40 A
2114.77785 13.574 0.003 11 40 A
2114.79797 13.561 0.003 11 40 A
2115.55328 13.566 0.003 11 40 A
2115.56202 13.566 0.003 11 40 A
2115.57238 13.565 0.003 11 40 A
2115.58678 13.566 0.003 11 40 A
2115.59553 13.570 0.003 11 40 A
2115.60429 13.564 0.003 11 40 A
2115.61819 13.567 0.003 11 40 A
2115.62691 13.546 0.003 11  0 A
2115.63570 13.572 0.003 11 40 A
2115.64683 13.572 0.003 11 40 A
2115.65607 13.571 0.003 11 40 A
2115.66482 13.569 0.003 11 40 A
2115.67357 13.564 0.003 11 40 A
2115.68229 13.571 0.003 11 40 A
2115.69102 13.566 0.003 11 40 A
2115.69982 13.567 0.003 11 40 A
2115.73419 13.566 0.003 11 40 A
2115.74529 13.567 0.003 11 40 A
2116.50948 13.567 0.003 11 40 A
2116.51824 13.575 0.003 11 40 A
2116.56251 13.568 0.003 11 40 A
2116.57128 13.567 0.003 11 40 A
2116.58942 13.569 0.003 11 40 A
2116.60102 13.562 0.003 11 40 A
2116.61037 13.569 0.003 11 40 A
2116.61913 13.570 0.003 11 40 A
2116.62791 13.570 0.003 11 40 A
2116.63666 13.569 0.003 11 40 A
2116.65678 13.566 0.003 11 40 A
2116.66549 13.562 0.003 11 40 A
2116.67428 13.567 0.003 11 40 A
2116.68304 13.561 0.003 11 40 A
2116.69181 13.562 0.003 11 40 A
2116.70050 13.568 0.003 11 40 A
2116.71048 13.565 0.003 11 40 A
2116.71926 13.567 0.003 11 40 A
2116.72802 13.526 0.003 11 40 A
2116.73677 13.562 0.003 11 40 A
2116.74551 13.563 0.003 11 40 A
2116.75758 13.570 0.003 11 40 A
2116.76637 13.565 0.003 11 40 A
2117.49022 13.565 0.003 11 40 A
2117.49903 13.567 0.003 11 40 A
2117.50819 13.563 0.003 11 40 A
2117.51694 13.554 0.003 11 40 A
2117.55705 13.570 0.003 11 40 A
2117.56580 13.570 0.003 11 40 A
2117.57455 13.572 0.003 11 40 A
2117.58397 13.558 0.003 11 40 A
2117.59272 13.566 0.003 11 40 A
2117.60149 13.567 0.003 11 40 A
2117.61349 13.562 0.003 11 40 A
2117.62228 13.560 0.003 11 40 A
2117.63103 13.564 0.003 11 40 A
2117.63983 13.566 0.003 11 40 A
2117.64860 13.567 0.003 11 40 A
2117.65736 13.570 0.003 11 40 A
2117.66652 13.560 0.003 11 40 A
2117.67533 13.567 0.003 11 40 A
2117.68411 13.566 0.003 11 40 A
2117.69288 13.565 0.003 11 40 A
2117.70160 13.558 0.003 11 40 A
2117.71197 13.564 0.003 11 40 A
2117.72073 13.563 0.003 11 40 A
2117.72948 13.563 0.003 11 40 A
2117.73827 13.563 0.003 11 40 A
2117.74699 13.560 0.003 11 40 A
2117.75570 13.563 0.003 11 40 A
2118.49786 13.563 0.003 11 40 A
2118.50661 13.566 0.003 11 40 A
2118.51541 13.569 0.003 11 40 A
2118.52417 13.558 0.003 11 40 A
2118.64321 13.558 0.003 11 40 A
2118.65592 13.558 0.003 11 40 A
2118.66467 13.558 0.003 11 40 A
2118.67346 13.560 0.003 11 40 A
2118.68223 13.560 0.003 11 40 A
2118.69095 13.559 0.003 11 40 A
2118.70086 13.556 0.003 11 40 A
2118.70988 13.553 0.003 11 40 A
2118.71863 13.554 0.003 11 40 A
2118.72736 13.559 0.003 11 40 A
2118.73619 13.559 0.003 11 40 A
2125.64150 13.565 0.003 11 40 A
2128.57003 13.565 0.003 11 40 A
2131.56674 13.563 0.003 11 40 A
2134.66975 13.572 0.003 11 40 A
2138.54720 13.570 0.003 11 40 A
2143.52040 13.579 0.003 11  0 A
2155.64720 13.583 0.003 11 40 A
2156.48627 13.583 0.003 11 40 A
2158.49461 13.583 0.003 11 40 A
2158.53762 13.574 0.003 11 40 A
2162.50413 13.577 0.003 11 40 A
2168.53885 13.563 0.003 11 40 A
2173.49686 13.577 0.003 11 40 A
2180.49552 13.545 0.003 11 40 A
2184.50009 13.582 0.003 11 40 A
2194.55447 13.564 0.003 11 40 A
2321.87307 13.566 0.003 11 40 A
2324.87519 13.568 0.003 11 40 A
2341.83166 13.560 0.003 11 40 A
2350.84477 13.566 0.003 11 40 A
2358.88424 13.571 0.003 11 40 A
2370.81249 13.560 0.003 11 40 A
2381.80789 13.572 0.003 11 40 A
2384.79037 13.564 0.003 11 40 A
2388.85023 13.575 0.003 11 40 A
2391.69275 13.579 0.003 11 40 A
2400.69063 13.574 0.003 11 40 A
2402.80557 13.558 0.003 11 40 A
2404.84251 13.561 0.003 11 40 A
2410.71524 13.568 0.003 11 40 A
2414.86148 13.567 0.003 11 40 A
2415.72351 13.573 0.003 11 40 A
2416.74571 13.578 0.003 11 40 A
2417.72128 13.574 0.003 11 40 A
2424.76361 13.580 0.003 11 40 A
2426.67492 13.568 0.003 11 40 A
2431.80926 13.547 0.003 11 40 A
2433.73642 99.999 9.999 11  0 A
2434.80945 13.560 0.003 11 40 A
2436.58220 13.575 0.003 11 40 A
2438.61435 13.577 0.003 11 40 A
2440.59561 13.565 0.003 11 40 A
2442.61343 13.562 0.003 11 40 A
2444.70605 13.553 0.003 11 40 A
2446.64060 13.546 0.003 11 40 A
2448.52739 13.572 0.003 11 40 A
2453.73666 13.555 0.003 11 40 A
2458.73393 13.577 0.003 11 40 A
2462.72273 13.556 0.003 11 40 A
2463.81981 13.557 0.003 11 40 A
2466.46291 13.572 0.003 11 40 A
2466.47175 13.574 0.003 11 40 A
2466.48065 13.593 0.003 11 40 A
2466.48963 13.579 0.003 11 40 A
2466.50234 13.568 0.003 11 40 A
2466.51152 13.575 0.003 11 40 A
2466.52054 13.573 0.003 11 40 A
2466.52952 13.569 0.003 11 40 A
2466.53998 13.568 0.003 11 40 A
2466.54915 13.570 0.003 11 40 A
2466.55848 13.560 0.003 11 40 A
2466.56215 13.566 0.003 11 40 A
2466.56808 13.562 0.003 11 40 A
2466.57700 13.565 0.003 11 40 A
2466.58895 13.564 0.003 11 40 A
2466.59889 13.567 0.003 11 40 A
2466.60791 13.570 0.003 11 40 A
2466.61675 13.570 0.003 11 40 A
2466.62753 13.570 0.003 11 40 A
2466.63726 13.566 0.003 11 40 A
2466.64749 13.570 0.003 11 40 A
2466.65646 13.571 0.003 11 40 A
2466.66539 13.568 0.003 11 40 A
2466.67805 13.568 0.003 11 40 A
2466.68691 13.570 0.003 11 40 A
2466.69577 13.569 0.003 11 40 A
2466.70568 13.571 0.003 11 40 A
2466.71596 13.578 0.003 11 40 A
2466.72507 13.573 0.003 11 40 A
2466.73407 13.576 0.003 11 40 A
2466.74332 13.583 0.003 11 40 A
2466.74979 13.586 0.003 11 40 A
2466.75931 13.588 0.003 11 40 A
2466.76807 13.578 0.003 11 40 A
2466.77743 13.575 0.003 11 40 A
2466.79001 13.579 0.003 11 40 A
2466.79904 13.572 0.003 11 40 A
2466.80971 13.571 0.003 11 40 A
2466.81862 13.573 0.003 11 40 A
2466.82854 13.575 0.003 11 40 A
2466.83737 13.577 0.003 11 40 A
2466.84634 13.584 0.003 11 40 A
2468.46484 99.999 9.999 11  0 A
2470.46516 13.572 0.003 11 40 A
2472.45994 13.552 0.003 11 40 A
2472.46938 13.551 0.003 11 40 A
2472.47845 13.553 0.003 11 40 A
2472.48722 13.549 0.003 11 40 A
2472.49659 13.518 0.003 11 40 A
2472.50776 13.531 0.003 11 40 A
2472.51680 13.556 0.003 11 40 A
2472.52644 13.549 0.003 11 40 A
2472.53536 13.558 0.003 11 40 A
2472.54500 13.548 0.003 11 40 A
2472.55393 13.556 0.003 11 40 A
2472.56293 13.549 0.003 11 40 A
2472.57271 13.518 0.003 11  0 A
2472.58320 13.537 0.003 11 40 A
2472.59228 13.555 0.003 11 40 A
2472.63373 13.560 0.003 11 40 A
2472.64301 13.572 0.003 11 40 A
2472.65224 13.516 0.003 11  0 A
2472.66326 13.555 0.003 11 40 A
2472.67213 13.554 0.003 11 40 A
2472.68097 13.564 0.003 11 40 A
2472.69128 13.555 0.003 11 40 A
2472.70023 13.559 0.003 11 40 A
2472.70912 13.562 0.003 11 40 A
2472.71931 13.557 0.003 11 40 A
2472.73262 13.560 0.003 11 40 A
2472.74220 13.560 0.003 11 40 A
2472.75127 13.560 0.003 11 40 A
2472.76016 13.563 0.003 11 40 A
2472.76991 13.554 0.003 11 40 A
2472.77894 13.548 0.003 11 40 A
2472.79293 13.569 0.003 11 40 A
2472.80260 13.540 0.003 11  0 A
2472.81138 13.565 0.003 11  0 A
2472.82079 13.556 0.003 11 40 A
2474.46546 13.563 0.003 11 40 A
2482.62214 13.568 0.003 11 40 A
2485.63215 13.574 0.003 11 40 A
2489.70299 13.552 0.003 11 40 A
2492.64767 13.545 0.003 11 40 A
2494.70205 13.555 0.003 11 40 A
2497.50460 13.559 0.003 11 40 A
2499.54039 13.545 0.003 11 40 A
2501.56811 13.555 0.003 11 40 A
2503.49162 13.537 0.003 11 40 A
2511.54830 13.565 0.003 11 40 A
2521.51672 13.581 0.003 11 40 A
2526.54693 13.555 0.003 11 40 A
2537.47811 13.567 0.003 11 40 A
2540.49470 13.569 0.003 11 40 A
2546.50525 13.553 0.003 11 40 A
2550.48652 13.567 0.003 11 40 A
2554.55841 13.562 0.003 11 40 A
2558.49496 13.564 0.003 11 40 A
2565.48782 13.587 0.003 11 40 A
2693.89219 13.548 0.003 11 40 A
2698.89013 13.566 0.003 11 40 A
2711.87315 13.540 0.003 11 40 A
2721.88060 99.999 9.999 11  0 A
2730.89389 99.999 9.999 11  0 A
2743.77029 13.536 0.003 11 40 A
2748.78884 13.559 0.003 11 40 A
2755.77874 13.544 0.003 11 40 A
2758.93016 13.555 0.003 11 40 A
2765.78688 13.552 0.003 11 40 A
2769.77149 13.538 0.003 11 40 A
2782.71004 13.555 0.003 11 40 A
2784.69899 13.549 0.003 11 40 A
2786.58455 13.560 0.003 11 40 A
2788.68634 13.565 0.003 11 40 A
2790.79144 13.551 0.003 11 40 A
2792.52842 13.540 0.003 11 40 A
2794.55466 13.560 0.003 11 40 A
2796.56337 13.564 0.003 11 40 A
2802.55824 13.559 0.003 11 40 A
2808.63079 13.561 0.003 11 40 A
2810.56903 13.563 0.003 11 40 A
2812.57090 13.549 0.003 11 40 A
2813.81465 13.546 0.003 11 40 A
2815.59325 13.550 0.003 11 40 A
2816.65868 13.555 0.003 11 40 A
2817.77333 13.549 0.003 11 40 A
2818.66818 13.553 0.003 11 40 A
2819.76228 13.554 0.003 11 40 A
2821.66052 13.551 0.003 11 40 A
2826.65119 13.571 0.003 11 40 A
2830.78143 13.548 0.003 11 40 A
2835.47782 13.554 0.003 11 40 A
2837.49663 13.554 0.003 11 40 A
2838.72714 13.542 0.003 11 40 A
2840.49871 13.544 0.003 11 40 A
2842.53514 13.569 0.003 11 40 A
2844.61128 13.546 0.003 11 40 A
2848.54648 13.566 0.003 11 40 A
2851.53374 13.560 0.003 11 40 A
2853.53159 13.553 0.003 11  0 A
2854.75453 13.568 0.003 11 40 A
2857.71747 13.572 0.003 11 40 A
2862.49376 13.554 0.003 11 40 A
2864.50077 13.561 0.003 11 40 A
2867.65598 13.569 0.003 11 40 A
2867.69807 13.567 0.003 11 40 A
2867.71936 13.563 0.003 11 40 A
2867.72930 13.568 0.003 11 40 A
2867.73251 13.581 0.003 11 40 A
2867.73556 13.587 0.003 11 40 A
2867.73861 13.591 0.003 11 40 A
2868.51429 13.584 0.003 11 40 A
2869.56728 13.552 0.003 11 40 A
2869.58857 13.551 0.003 11 40 A
2870.65628 13.544 0.003 11 40 A
2871.47684 13.546 0.003 11 40 A
2871.51151 13.549 0.003 11 40 A
2871.52781 13.570 0.003 11 40 A
2871.54698 13.547 0.003 11 40 A
2871.55026 13.557 0.003 11 40 A
2871.55365 13.555 0.003 11 40 A
2871.55700 13.557 0.003 11 40 A
2871.56044 13.557 0.003 11 40 A
2871.56414 13.558 0.003 11 40 A
2871.56803 13.547 0.003 11 40 A
2871.57980 13.538 0.003 11 40 A
2871.58743 13.551 0.003 11 40 A
2871.59090 13.553 0.003 11 40 A
2871.59428 13.554 0.003 11 40 A
2871.59764 13.549 0.003 11 40 A
2871.60093 13.551 0.003 11 40 A
2871.60426 13.554 0.003 11 40 A
2871.60748 13.550 0.003 11 40 A
2871.61118 13.555 0.003 11 40 A
2871.61585 13.543 0.003 11 40 A
2871.63049 13.547 0.003 11 40 A
2871.71129 13.545 0.003 11 40 A
2872.50170 13.557 0.003 11 40 A
2872.67540 13.553 0.003 11 40 A
2872.70262 13.546 0.003 11 40 A
2874.57627 13.544 0.003 11 40 A
2875.53658 13.562 0.003 11 40 A
2875.61544 13.566 0.003 11 40 A
2875.69346 13.554 0.003 11 40 A
2876.49411 13.562 0.003 11 40 A
2876.65169 13.573 0.003 11 40 A
2877.52165 13.584 0.003 11 40 A
2877.65100 13.571 0.003 11 40 A
2878.49816 13.566 0.003 11 40 A
2878.56930 13.564 0.003 11 40 A
2879.55333 13.574 0.003 11 40 A
2880.70010 13.599 0.003 11 40 A
2881.65634 13.574 0.003 11 40 A
2882.50044 13.564 0.003 11 40 A
2883.58619 13.564 0.003 11 40 A
2884.47633 13.565 0.003 11 40 A
2892.51419 13.567 0.003 11 40 A
2896.58101 13.558 0.003 11 40 A
2899.60441 13.552 0.003 11 40 A
2905.54431 13.565 0.003 11 40 A
2909.51514 13.569 0.003 11 40 A
2912.53773 13.571 0.003 11 40 A
2921.59831 13.549 0.003 11 40 A
2926.56551 13.561 0.003 11 40 A
3040.88363 13.570 0.003 11 40 A
3044.85820 13.572 0.003 11 40 A
3046.86814 13.566 0.003 11 40 A
3047.85686 13.550 0.003 11 40 A
3055.87452 13.578 0.003 11 40 A
3058.89269 13.567 0.003 11 40 A
3064.81324 13.533 0.003 11 40 A
3067.88666 13.550 0.003 11 40 A
3070.84819 13.548 0.003 11 40 A
3070.89257 13.554 0.003 11 40 A
3071.87693 13.547 0.003 11 40 A
3073.80367 99.999 9.999 11  0 A
3075.84225 13.551 0.003 11 40 A
3079.88686 13.574 0.003 11 40 A
3082.86016 13.567 0.003 11 40 A
3084.89946 13.555 0.003 11 40 A
3086.83181 13.564 0.003 11 40 A
3088.78930 13.573 0.003 11 40 A
3089.89856 13.578 0.003 11 40 A
3091.81875 13.559 0.003 11 40 A
3096.85686 13.569 0.003 11 40 A
3098.83736 13.560 0.003 11 40 A
3100.79783 13.567 0.003 11 40 A
3101.90434 13.558 0.003 11 40 A
3103.76910 13.536 0.003 11 40 A
3104.88363 13.541 0.003 11 40 A
3108.76167 13.560 0.003 11 40 A
3109.79661 13.549 0.003 11 40 A
3110.82828 13.553 0.003 11  0 A
3112.77709 13.559 0.003 11 40 A
3113.86686 13.574 0.003 11 40 A
3114.77838 13.549 0.003 11 40 A
3115.86120 13.545 0.003 11 40 A
3116.91732 13.555 0.003 11 40 A
3122.90439 13.573 0.003 11 40 A
3125.86465 13.561 0.003 11  0 A
3126.89027 13.550 0.003 11 40 A
3127.79578 13.569 0.003 11 40 A
3128.81415 13.570 0.003 11 40 A
3130.69216 13.567 0.003 11 40 A
3137.93253 13.549 0.003 11 40 A
3138.69522 13.555 0.003 11 40 A
3139.86654 13.537 0.003 11 40 A
3140.87225 13.563 0.003 11 40 A
3140.90258 13.567 0.003 11 40 A
3142.76055 13.564 0.003 11 40 A
3144.78149 13.563 0.003 11 40 A
3146.78130 13.576 0.003 11 40 A
3151.74408 13.580 0.003 11 40 A
3151.89676 13.568 0.003 11 40 A
3152.74737 13.569 0.003 11 40 A
3153.75212 13.574 0.003 11 40 A
3154.81363 13.557 0.003 11 40 A
3156.83333 13.563 0.003 11 40 A
3158.90401 13.566 0.003 11 40 A
3162.80832 13.537 0.003 11 40 A
3163.62123 13.552 0.003 11 40 A
3163.64006 13.532 0.003 11 40 A
3164.72995 13.573 0.003 11 40 A
3165.75076 13.557 0.003 11 40 A
3166.89589 13.572 0.003 11  0 A
3167.74876 13.571 0.003 11 40 A
3168.74394 13.581 0.003 11 40 A
3169.71984 13.578 0.003 11 40 A
3170.79736 13.559 0.003 11 40 A
3171.82006 13.572 0.003 11 40 A
3172.74707 13.570 0.003 11 40 A
3174.70336 13.506 0.003 11  0 A
3175.71330 13.552 0.003 11 40 A
3177.75044 13.566 0.003 11  0 A
3178.77701 13.566 0.003 11 40 A
3179.78676 13.564 0.003 11 40 A
3180.71510 13.566 0.003 11 40 A
3182.76659 13.571 0.003 11 40 A
3183.73524 13.565 0.003 11 40 A
3184.69303 13.552 0.003 11 40 A
3185.74569 13.547 0.003 11  0 A
3185.76592 13.564 0.003 11  0 A
3185.79186 13.558 0.003 11 40 A
3185.82991 13.566 0.003 11 40 A
3185.85790 13.566 0.003 11 40 A
3185.87937 13.563 0.003 11 40 A
3186.62474 99.999 9.999 11  0 A
3190.63676 13.547 0.003 11  0 A
3191.77823 13.552 0.003 11 40 A
3193.53123 13.550 0.003 11 40 A
3194.58989 13.557 0.003 11  0 A
3195.63717 13.557 0.003 11 40 A
3195.79485 13.558 0.003 11 40 A
3196.54027 99.999 9.999 11  0 A
3196.55746 13.565 0.003 11 40 A
3197.50783 13.556 0.003 11 40 A
3199.61760 13.587 0.003 11 40 A
3201.50944 13.579 0.003 11 40 A
3202.47390 13.575 0.003 11 40 A
3202.52602 13.570 0.003 11 40 A
3202.56388 13.573 0.003 11 40 A
3202.63017 13.582 0.003 11 40 A
3202.75567 13.572 0.003 11 40 A
3202.79234 13.567 0.003 11 40 A
3202.82853 13.578 0.003 11 40 A
3203.46962 13.571 0.003 11 40 A
3203.65337 13.576 0.003 11 40 A
3204.64660 13.574 0.003 11 40 A
3205.75522 13.577 0.003 11 40 A
3206.71223 13.564 0.003 11 40 A
3207.66076 13.572 0.003 11 40 A
3209.70588 13.574 0.003 11  0 A
3210.53961 13.571 0.003 11 40 A
3211.57807 13.571 0.003 11 40 A
3217.47623 13.565 0.003 11 40 A
3218.64498 13.576 0.003 11 40 A
3219.59333 13.577 0.003 11 40 A
3223.64623 13.577 0.003 11 40 A
3224.69175 13.542 0.003 11 40 A
3226.60906 13.569 0.003 11  0 A
3228.59549 13.569 0.003 11 40 A
3229.62796 13.571 0.003 11 40 A
3230.66154 13.556 0.003 11 40 A
3231.56488 13.568 0.003 11 40 A
3238.61386 13.568 0.003 11 40 A
3239.69262 13.578 0.003 11 40 A
3240.67375 13.577 0.003 11 40 A
3245.54852 13.569 0.003 11 40 A
3246.65224 13.572 0.003 11 40 A
3247.61839 13.573 0.003 11 40 A
3249.52031 13.580 0.003 11 40 A
3250.65307 13.577 0.003 11 40 A
3251.49826 13.586 0.003 11 40 A
3251.59855 13.578 0.003 11 40 A
3251.64976 13.578 0.003 11 40 A
3253.51737 13.596 0.003 11 40 A
3256.63014 13.592 0.003 11 40 A
3259.61960 13.576 0.003 11 40 A
3264.52709 13.581 0.003 11 40 A
3267.52620 13.573 0.003 11 40 A
3272.58162 13.577 0.003 11  0 A
3275.56458 13.590 0.003 11 40 A
3278.59349 13.571 0.003 11 40 A
3281.60025 13.574 0.003 11 40 A
3288.54008 13.568 0.003 11 40 A
3293.51065 13.564 0.003 11 40 A
3295.52085 13.557 0.003 11 40 A
3299.52446 13.568 0.003 11  0 A
3305.54167 13.563 0.003 11 40 A
3306.54123 13.561 0.003 11 40 A
3307.54072 13.583 0.003 11 40 A
3309.51660 13.573 0.003 11 40 A
3310.52622 13.573 0.003 11 40 A
3314.51011 13.578 0.003 11 40 A
3408.88462 13.591 0.003 11 40 A
3410.88473 13.599 0.003 11 40 A
3413.88556 13.602 0.003 11 40 A
3421.89178 13.569 0.003 11 40 A
3422.86168 13.576 0.003 11 40 A
3426.85731 13.583 0.003 11 40 A
3429.83041 13.598 0.003 11 40 A
3432.88273 13.553 0.003 11 40 A
3442.88513 13.573 0.003 11 40 A
3445.79797 13.556 0.003 11 40 A
3447.84859 13.569 0.003 11 40 A
3449.86122 13.590 0.003 11 40 A
3452.88183 13.574 0.003 11 40 A
3455.81607 13.549 0.003 11 40 A
3457.84953 13.567 0.003 11 40 A
3459.84475 13.572 0.003 11 40 A
3469.78051 13.564 0.003 11 40 A
3470.79348 13.555 0.003 11 40 A
3472.75591 13.588 0.003 11 40 A
3473.77571 13.566 0.003 11 40 A
3474.77237 13.574 0.003 11 40 A
3475.79793 13.563 0.003 11 40 A
3477.75977 13.568 0.003 11 40 A
3479.75860 13.563 0.003 11 40 A
3480.71874 13.567 0.003 11 40 A
3481.73667 13.572 0.003 11 40 A
3482.67900 13.586 0.003 11 40 A
3496.71626 13.572 0.003 11 40 A
3497.78781 13.596 0.003 11 40 A
3498.91109 13.592 0.003 11 40 A
3499.85893 13.579 0.003 11 40 A
3500.72514 13.592 0.003 11 40 A
3501.82158 13.594 0.003 11 40 A
3502.71742 13.589 0.003 11 40 A
3503.68661 13.569 0.003 11 40 A
3504.70133 13.591 0.003 11 40 A
3506.74514 13.579 0.003 11 40 A
3508.74935 13.577 0.003 11 40 A
3509.72782 13.567 0.003 11 40 A
3510.79760 13.577 0.003 11 40 A
3511.83673 13.558 0.003 11 40 A
3512.70641 13.562 0.003 11  0 A
3517.68222 13.595 0.003 11 40 A
3520.75750 13.580 0.003 11 40 A
3521.71471 13.566 0.003 11 40 A
3522.74274 13.556 0.003 11 40 A
3522.93395 13.570 0.003 11 40 A
3523.74723 13.566 0.003 11 40 A
3524.89241 13.563 0.003 11 40 A
3525.74562 13.551 0.003 11 40 A
3526.74905 13.573 0.003 11 40 A
3528.66990 13.561 0.003 11 40 A
3529.69227 13.598 0.003 11 40 A
3530.60734 13.584 0.003 11 40 A
3537.73817 13.538 0.003 11 40 A
3538.55386 13.551 0.003 11 40 A
3538.60102 13.574 0.003 11 40 A
3538.63175 13.569 0.003 11 40 A
3538.68725 13.555 0.003 11 40 A
3538.73637 13.557 0.003 11 40 A
3538.78384 13.556 0.003 11 40 A
3538.81495 13.553 0.003 11 40 A
3538.84381 13.543 0.003 11 40 A
3538.87524 13.554 0.003 11 40 A
3538.90769 13.552 0.003 11 40 A
3539.51083 13.571 0.003 11 40 A
3539.53042 13.583 0.003 11 40 A
3539.56304 13.562 0.003 11 40 A
3539.59305 13.564 0.003 11 40 A
3539.61593 13.571 0.003 11 40 A
3539.68199 13.557 0.003 11 40 A
3539.73745 13.589 0.003 11 40 A
3539.80860 13.562 0.003 11 40 A
3540.51620 13.580 0.003 11 40 A
3540.61626 13.569 0.003 11 40 A
3540.73621 13.552 0.003 11 40 A
3540.83437 13.575 0.003 11 40 A
3541.63152 13.593 0.003 11 40 A
3541.78057 13.571 0.003 11 40 A
3542.56565 13.591 0.003 11 40 A
3542.83831 13.553 0.003 11 40 A
3544.61196 13.597 0.003 11 40 A
3544.72499 13.545 0.003 11 40 A
3546.84410 13.585 0.003 11  0 A
3547.80836 13.576 0.003 11 40 A
3549.84020 13.570 0.003 11 40 A
3550.63202 13.585 0.003 11 40 A
3551.63161 13.552 0.003 11  0 A
3552.66733 13.581 0.003 11 40 A
3553.71738 13.558 0.003 11  0 A
3554.65271 13.549 0.003 11 40 A
3555.66479 13.567 0.003 11 40 A
3556.67254 13.582 0.003 11 40 A
3558.52735 13.550 0.003 11 40 A
3558.82609 13.565 0.003 11 40 A
3559.69603 13.561 0.003 11  0 A
3560.59735 13.543 0.003 11 40 A
3561.54511 13.523 0.003 11 40 A
3562.58579 13.557 0.003 11  0 A
3563.63648 13.554 0.003 11 40 A
3564.57425 13.548 0.003 11  0 A
3569.55961 13.548 0.003 11 40 A
3572.81507 13.564 0.003 11 40 A
3573.64605 13.536 0.003 11  0 A
3574.68595 13.571 0.003 11  0 A
3575.53344 13.540 0.003 11 40 A
3575.77005 13.552 0.003 11 40 A
3576.68735 13.531 0.003 11 40 A
3577.58745 13.557 0.003 11  0 A
3578.67206 13.557 0.003 11 40 A
3579.61750 13.552 0.003 11  0 A
3580.65072 13.565 0.003 11 40 A
3581.67061 13.554 0.003 11 40 A
3582.64244 13.544 0.003 11 40 A
3583.63288 13.536 0.003 11 40 A
3583.75281 13.533 0.003 11  0 A
3584.64156 13.532 0.003 11 40 A
3584.75615 13.536 0.003 11 40 A
3585.63187 13.549 0.003 11  0 A
3585.77460 13.543 0.003 11 40 A
3586.46947 13.545 0.003 11 40 A
3586.56846 13.575 0.003 11 40 A
3586.67493 13.537 0.003 11 40 A
3586.71697 13.561 0.003 11  0 A
3587.59338 13.558 0.003 11 40 A
3587.64873 13.541 0.003 11 40 A
3587.71438 13.538 0.003 11 40 A
3588.55798 13.533 0.003 11 40 A
3589.49306 13.559 0.003 11 40 A
3589.54506 13.545 0.003 11 40 A
3589.67054 13.544 0.003 11  0 A
3589.69740 13.552 0.003 11  0 A
3590.65448 13.543 0.003 11 40 A
3591.49752 13.544 0.003 11 40 A
3591.54072 13.544 0.003 11  0 A
3591.64564 13.566 0.003 11 40 A
3591.67802 13.559 0.003 11 40 A
3591.75825 13.548 0.003 11 40 A
3592.75423 13.542 0.003 11  0 A
3593.74495 13.567 0.003 11 40 A
3594.70716 13.568 0.003 11 40 A
3601.65572 13.545 0.003 11  0 A
3601.72213 13.556 0.003 11 40 A
3602.61631 13.558 0.003 11 40 A
3603.63634 13.549 0.003 11 40 A
3607.63470 13.538 0.003 11  0 A
3608.65006 13.539 0.003 11 40 A
3609.63060 13.577 0.003 11 40 A
3615.57781 13.550 0.003 11  0 A
3618.57944 13.546 0.003 11 40 A
3620.54264 13.553 0.003 11 40 A
3622.52050 13.555 0.003 11  0 A
3628.59671 13.558 0.003 11  0 A
3630.53603 13.572 0.003 11 40 A
3632.58615 13.565 0.003 11 40 A
3634.48675 13.577 0.003 11 40 A
3639.54561 13.565 0.003 11 40 A
3641.54407 13.594 0.003 11 40 A
3644.50439 13.574 0.003 11 40 A
3648.53623 13.567 0.003 11  0 A
3650.57858 13.575 0.003 11 40 A
3654.54028 13.544 0.003 11 40 A
3656.52150 13.539 0.003 11 40 A
3658.55330 13.596 0.003 11 40 A
3660.52593 13.573 0.003 11 40 A
3664.50273 13.547 0.003 11 40 A
3675.50804 13.566 0.003 11  0 A
3675.52524 13.563 0.003 11 40 A
3676.49774 13.552 0.003 11 40 A
3776.86666 13.579 0.003 11 40 A
3782.85138 13.552 0.003 11 40 A
3784.87670 13.550 0.003 11  0 A
3786.89627 13.565 0.003 11 40 A
3788.84686 13.561 0.003 11 40 A
3790.88929 13.566 0.003 11 40 A
3793.85656 13.549 0.003 11 40 A
3795.84399 13.557 0.003 11 40 A
3798.80720 13.571 0.003 11 40 A
3799.83136 13.571 0.003 11 40 A
3800.82630 13.575 0.003 11 40 A
3801.88578 13.569 0.003 11 40 A
3802.85137 13.567 0.003 11 40 A
3803.88664 13.568 0.003 11  0 A
3805.80308 13.553 0.003 11 40 A
3806.76939 13.557 0.003 11 40 A
3807.78847 13.565 0.003 11 40 A
3808.79614 13.560 0.003 11 40 A
3809.88126 13.563 0.003 11 40 A
3810.84788 13.565 0.003 11 40 A
3811.83947 13.571 0.003 11 40 A
3812.83558 13.572 0.003 11 40 A
3813.82552 13.563 0.003 11 40 A
3814.82739 13.562 0.003 11 40 A
3817.85893 13.546 0.003 11 40 A
3818.88802 13.559 0.003 11 40 A
3819.80573 13.557 0.003 11  0 A
3820.77237 13.559 0.003 11 40 A
3821.77549 13.568 0.003 11  0 A
3822.81491 13.571 0.003 11 40 A
3822.86280 13.589 0.003 11  0 A
3822.88373 13.589 0.003 11  0 A
3822.91798 13.568 0.003 11 40 A
3823.74126 13.574 0.003 11 40 A
3823.79522 13.568 0.003 11 40 A
3823.83900 13.532 0.003 11  0 A
3823.88712 13.577 0.003 11  0 A
3823.92038 13.561 0.003 11 40 A
3824.74127 13.579 0.003 11 40 A
3824.82034 13.578 0.003 11 40 A
3824.86053 13.567 0.003 11  0 A
3824.89538 13.571 0.003 11  0 A
3825.80613 13.564 0.003 11 40 A
3825.84993 13.569 0.003 11 40 A
3825.88261 13.559 0.003 11 40 A
3825.91910 13.561 0.003 11 40 A
3826.73466 13.569 0.003 11 40 A
3826.77342 13.561 0.003 11 40 A
3826.82792 13.559 0.003 11  0 A
3826.90004 13.556 0.003 11 40 A
3827.76609 13.555 0.003 11 40 A
3827.80246 13.563 0.003 11 40 A
3827.85050 13.569 0.003 11  0 A
3827.92210 13.558 0.003 11 40 A
3828.75189 13.572 0.003 11 40 A
3828.79947 13.567 0.003 11 40 A
3828.86375 13.561 0.003 11  0 A
3828.91913 13.561 0.003 11 40 A
3829.73331 13.547 0.003 11 40 A
3829.77952 13.568 0.003 11 40 A
3829.84867 13.559 0.003 11 40 A
3829.89464 13.559 0.003 11  0 A
3829.92346 13.560 0.003 11  0 A
3830.69453 13.566 0.003 11 40 A
3830.70868 13.565 0.003 11 40 A
3830.73142 13.562 0.003 11 40 A
3830.74754 13.559 0.003 11 40 A
3830.76319 13.561 0.003 11 40 A
3830.77736 13.558 0.003 11 40 A
3830.79213 13.563 0.003 11  0 A
3830.80630 13.542 0.003 11  0 A
3830.82027 13.545 0.003 11  0 A
3830.83216 13.568 0.003 11  0 A
3830.84383 13.557 0.003 11  0 A
3830.85761 13.561 0.003 11 40 A
3830.86987 13.564 0.003 11  0 A
3830.88120 13.556 0.003 11 40 A
3830.89251 13.553 0.003 11 40 A
3830.90230 13.552 0.003 11  0 A
3830.91349 13.554 0.003 11  0 A
3830.92325 13.550 0.003 11  0 A
3830.92650 13.558 0.003 11 40 A
3831.69282 13.562 0.003 11 40 A
3831.70232 13.563 0.003 11 40 A
3831.71506 13.559 0.003 11 40 A
3831.72433 13.548 0.003 11  0 A
3831.72722 13.558 0.003 11 40 A
3831.73049 13.554 0.003 11  0 A
3831.73328 13.554 0.003 11  0 A
3831.73606 13.559 0.003 11 40 A
3831.73915 13.545 0.003 11  0 A
3831.74194 13.551 0.003 11  0 A
3831.74473 13.558 0.003 11 40 A
3831.74789 13.552 0.003 11  0 A
3831.75069 13.556 0.003 11 40 A
3831.75349 13.555 0.003 11 40 A
3831.75671 13.553 0.003 11  0 A
3831.75945 13.557 0.003 11 40 A
3831.76226 13.555 0.003 11 40 A
3831.76573 13.552 0.003 11  0 A
3831.76901 13.541 0.003 11 40 A
3831.77236 13.550 0.003 11  0 A
3831.77516 13.550 0.003 11 40 A
3831.77794 13.548 0.003 11  0 A
3831.78134 13.547 0.003 11  0 A
3831.78451 13.548 0.003 11  0 A
3831.78811 13.556 0.003 11  0 A
3831.79136 13.557 0.003 11  0 A
3831.79413 13.556 0.003 11  0 A
3831.79693 13.557 0.003 11 40 A
3831.80037 13.555 0.003 11 40 A
3831.80352 13.551 0.003 11  0 A
3831.80663 13.555 0.003 11  0 A
3831.80942 13.557 0.003 11 40 A
3831.81220 13.555 0.003 11 40 A
3831.81540 13.561 0.003 11 40 A
3831.81820 13.559 0.003 11 40 A
3831.82100 13.561 0.003 11 40 A
3831.82421 13.556 0.003 11 40 A
3831.82701 13.559 0.003 11 40 A
3831.82981 13.559 0.003 11 40 A
3831.83338 13.554 0.003 11  0 A
3831.83682 13.559 0.003 11 40 A
3831.83960 13.560 0.003 11 40 A
3831.84239 13.554 0.003 11  0 A
3831.84590 13.556 0.003 11  0 A
3831.84895 13.559 0.003 11 40 A
3831.85173 13.558 0.003 11 40 A
3831.85453 13.552 0.003 11 40 A
3831.85733 13.555 0.003 11 40 A
3831.86047 13.552 0.003 11 40 A
3831.86326 13.554 0.003 11  0 A
3831.86606 13.554 0.003 11  0 A
3831.87571 13.556 0.003 11 40 A
3831.88127 13.559 0.003 11 40 A
3831.88685 13.554 0.003 11 40 A
3831.89242 13.544 0.003 11  0 A
3831.90378 13.560 0.003 11 40 A
3831.91135 13.562 0.003 11 40 A
3831.91778 13.563 0.003 11 40 A
3831.92417 13.562 0.003 11 40 A
3831.92728 13.565 0.003 11 40 A
3831.93025 13.566 0.003 11 40 A
3832.69746 13.574 0.003 11 40 A
3832.70964 13.566 0.003 11 40 A
3832.73347 13.566 0.003 11 40 A
3832.77960 13.570 0.003 11 40 A
3832.82546 13.561 0.003 11  0 A
3832.86883 13.565 0.003 11 40 A
3832.91484 13.568 0.003 11  0 A
3833.69203 13.578 0.003 11 40 A
3833.71386 13.563 0.003 11 40 A
3833.73818 13.564 0.003 11 40 A
3833.78086 13.567 0.003 11 40 A
3833.82362 13.566 0.003 11 40 A
3833.84562 13.572 0.003 11  0 A
3833.87403 13.569 0.003 11  0 A
3833.90449 13.565 0.003 11  0 A
3833.92084 13.567 0.003 11 40 A
3834.69807 13.575 0.003 11 40 A
3834.71734 13.572 0.003 11 40 A
3834.74118 13.569 0.003 11 40 A
3834.79019 13.558 0.003 11 40 A
3834.87001 13.567 0.003 11 40 A
3834.91248 13.567 0.003 11 40 A
3835.70754 13.561 0.003 11 40 A
3835.77773 13.568 0.003 11 40 A
3835.85155 13.560 0.003 11 40 A
3835.88133 13.566 0.003 11 40 A
3835.92110 13.567 0.003 11 40 A
3836.70365 13.577 0.003 11 40 A
3836.76522 13.572 0.003 11 40 A
3836.80968 13.564 0.003 11 40 A
3836.84025 13.567 0.003 11  0 A
3836.89700 13.570 0.003 11 40 A
3837.70232 13.573 0.003 11 40 A
3837.73259 13.559 0.003 11  0 A
3837.90433 13.562 0.003 11  0 A
3838.74437 13.570 0.003 11  0 A
3838.91167 13.563 0.003 11  0 A
3839.74014 13.575 0.003 11 40 A
3839.81869 13.565 0.003 11 40 A
3839.86286 13.567 0.003 11 40 A
3839.92328 13.566 0.003 11  0 A
3840.70612 13.575 0.003 11 40 A
3840.78725 13.567 0.003 11 40 A
3840.91107 13.570 0.003 11 40 A
3841.74464 13.567 0.003 11 40 A
3841.83337 13.564 0.003 11  0 A
3841.89524 13.572 0.003 11 40 A
3842.84722 13.565 0.003 11 40 A
3845.72015 13.571 0.003 11 40 A
3845.90886 13.574 0.003 11 40 A
3846.73085 13.570 0.003 11 40 A
3846.91520 13.578 0.003 11 40 A
3847.79698 13.570 0.003 11  0 A
3848.75195 13.571 0.003 11 40 A
3849.75102 13.569 0.003 11 40 A
3849.92157 13.574 0.003 11 40 A
3850.69508 13.567 0.003 11 40 A
3850.86679 13.558 0.003 11  0 A
3851.71023 13.572 0.003 11 40 A
3851.87509 13.574 0.003 11 40 A
3851.92125 13.577 0.003 11 40 A
3852.69879 13.575 0.003 11 40 A
3852.87008 13.568 0.003 11 40 A
3853.68722 13.565 0.003 11 40 A
3853.85556 13.565 0.003 11 40 A
3853.92630 13.563 0.003 11 40 A
3856.67728 13.564 0.003 11 40 A
3856.84401 13.555 0.003 11 40 A
3857.91495 13.567 0.003 11 40 A
3858.76365 13.567 0.003 11 40 A
3859.80186 13.570 0.003 11 40 A
3860.67032 13.572 0.003 11 40 A
3860.91020 13.569 0.003 11 40 A
3861.66778 13.577 0.003 11 40 A
3861.77301 13.560 0.003 11 40 A
3861.93627 13.568 0.003 11 40 A
3862.70115 13.558 0.003 11 40 A
3862.86513 13.579 0.003 11 40 A
3863.63658 13.573 0.003 11 40 A
3863.85422 13.571 0.003 11 40 A
3863.93351 13.574 0.003 11  0 A
3864.67711 13.570 0.003 11 40 A
3864.86713 13.570 0.003 11 40 A
3865.68793 13.565 0.003 11  0 A
3865.82339 13.575 0.003 11 40 A
3865.90139 13.579 0.003 11 40 A
3866.68633 13.574 0.003 11 40 A
3866.82582 13.578 0.003 11  0 A
3866.90472 13.575 0.003 11 40 A
3867.62923 13.583 0.003 11 40 A
3867.81489 13.578 0.003 11 40 A
3867.88795 13.578 0.003 11 40 A
3868.71231 13.579 0.003 11 40 A
3868.86399 13.580 0.003 11 40 A
3869.69210 13.567 0.003 11 40 A
3869.87310 13.573 0.003 11 40 A
3872.88947 13.582 0.003 11 40 A
3873.64441 13.568 0.003 11 40 A
3873.78712 13.568 0.003 11 40 A
3873.85985 13.582 0.003 11 40 A
3873.92942 13.581 0.003 11 40 A
3874.74408 13.576 0.003 11 40 A
3875.65777 13.571 0.003 11 40 A
3875.80525 13.574 0.003 11 40 A
3875.90419 13.574 0.003 11 40 A
3876.63502 13.575 0.003 11 40 A
3877.63314 13.569 0.003 11 40 A
3877.78382 13.577 0.003 11 40 A
3877.85836 13.577 0.003 11 40 A
3879.66460 13.581 0.003 11 40 A
3880.83400 13.589 0.003 11 40 A
3880.91278 13.582 0.003 11 40 A
3881.66319 13.566 0.003 11 40 A
3881.87469 13.563 0.003 11  0 A
3881.92144 13.575 0.003 11 40 A
3882.75148 13.580 0.003 11 40 A
3882.82572 13.583 0.003 11 40 A
3882.89458 13.579 0.003 11 40 A
3883.64089 13.567 0.003 11 40 A
3883.83854 13.570 0.003 11 40 A
3886.60296 13.567 0.003 11 40 A
3886.79572 13.560 0.003 11  0 A
3886.86759 13.568 0.003 11 40 A
3887.57628 13.580 0.003 11 40 A
3887.77883 13.574 0.003 11 40 A
3887.87851 13.571 0.003 11  0 A
3888.59233 13.577 0.003 11 40 A
3889.65877 13.579 0.003 11 40 A
3889.93701 13.578 0.003 11 40 A
3890.63801 13.575 0.003 11 40 A
3891.66836 13.580 0.003 11 40 A
3891.79664 13.586 0.003 11 40 A
3891.87862 13.593 0.003 11 40 A
3892.56996 13.594 0.003 11 40 A
3892.93307 13.585 0.003 11 40 A
3893.61937 13.584 0.003 11 40 A
3893.86123 13.589 0.003 11 40 A
3894.67263 13.584 0.003 11 40 A
3896.61021 13.568 0.003 11 40 A
3900.53154 13.563 0.003 11 40 A
3900.71721 13.540 0.003 11  0 A
3900.79651 13.554 0.003 11 40 A
3900.86518 13.552 0.003 11 40 A
3901.54164 13.571 0.003 11 40 A
3901.72296 13.560 0.003 11 40 A
3901.80026 13.565 0.003 11 40 A
3901.86919 13.562 0.003 11 40 A
3902.56432 13.575 0.003 11 40 A
3902.74384 13.566 0.003 11 40 A
3902.86280 13.569 0.003 11 40 A
3903.65200 13.576 0.003 11 40 A
3903.89770 13.578 0.003 11 40 A
3904.55258 13.562 0.003 11 40 A
3904.71569 13.551 0.003 11  0 A
3904.78472 13.573 0.003 11 40 A
3904.88687 13.567 0.003 11 40 A
3905.54940 13.572 0.003 11 40 A
3905.72600 13.552 0.003 11 40 A
3905.79609 13.558 0.003 11  0 A
3905.86464 13.558 0.003 11 40 A
3906.56391 13.568 0.003 11 40 A
3906.70373 13.557 0.003 11 40 A
3906.77686 13.565 0.003 11  0 A
3906.85606 13.557 0.003 11 40 A
3907.59466 13.563 0.003 11 40 A
3907.77690 13.569 0.003 11  0 A
3907.86146 13.561 0.003 11  0 A
3908.53081 13.554 0.003 11 40 A
3908.71642 13.550 0.003 11  0 A
3908.79650 13.551 0.003 11 40 A
3908.87610 13.555 0.003 11 40 A
3909.53255 13.556 0.003 11 40 A
3909.71536 13.542 0.003 11 40 A
3909.80585 13.553 0.003 11 40 A
3909.88209 13.553 0.003 11 40 A
3910.56201 13.557 0.003 11 40 A
3912.53181 13.554 0.003 11  0 A
3912.71911 13.557 0.003 11 40 A
3912.81298 13.565 0.003 11 40 A
3913.52327 13.555 0.003 11 40 A
3913.72868 13.556 0.003 11 40 A
3913.81763 13.564 0.003 11  0 A
3914.54703 13.559 0.003 11 40 A
3915.52479 13.576 0.003 11 40 A
3915.72677 13.565 0.003 11 40 A
3915.82500 13.573 0.003 11  0 A
3916.56350 13.577 0.003 11 40 A
3916.80737 13.576 0.003 11 40 A
3917.55117 13.580 0.003 11 40 A
3917.81791 13.574 0.003 11 40 A
3918.59191 13.584 0.003 11 40 A
3918.81566 13.575 0.003 11 40 A
3919.54241 13.553 0.003 11  0 A
3919.75241 13.568 0.003 11 40 A
3920.51012 13.576 0.003 11 40 A
3920.70621 13.575 0.003 11 40 A
3920.79156 13.571 0.003 11 40 A
3921.50629 13.569 0.003 11 40 A
3921.70554 13.586 0.003 11 40 A
3921.72000 13.583 0.003 11  0 A
3922.70997 13.581 0.003 11 40 A
3930.53762 13.572 0.003 11 40 A
3930.78501 13.571 0.003 11 40 A
3931.49555 13.566 0.003 11 40 A
3931.82270 13.573 0.003 11 40 A
3932.52644 13.565 0.003 11  0 A
3932.79819 13.575 0.003 11 40 A
3933.51288 13.563 0.003 11 40 A
3933.69729 13.566 0.003 11 40 A
3933.76931 13.562 0.003 11 40 A
3934.48675 13.569 0.003 11 40 A
3934.65679 13.559 0.003 11 40 A
3934.72662 13.555 0.003 11 40 A
3935.53665 13.560 0.003 11  0 A
3935.70795 13.565 0.003 11 40 A
3935.80551 13.562 0.003 11 40 A
3936.49004 13.564 0.003 11 40 A
3936.65553 13.567 0.003 11 40 A
3936.73190 13.571 0.003 11 40 A
3937.55431 13.576 0.003 11  0 A
3938.49782 13.582 0.003 11 40 A
3938.68874 13.570 0.003 11  0 A
3938.79796 13.587 0.003 11 40 A
3940.57805 13.572 0.003 11  0 A
3941.69904 13.594 0.003 11 40 A
3944.55038 13.573 0.003 11 40 A
3944.75072 13.568 0.003 11 40 A
3945.51209 13.572 0.003 11 40 A
3945.77859 13.566 0.003 11  0 A
3946.50948 13.572 0.003 11 40 A
3946.70167 13.568 0.003 11 40 A
3950.51836 13.565 0.003 11 40 A
3950.73340 13.577 0.003 11 40 A
3951.51106 13.588 0.003 11 40 A
3951.74233 13.582 0.003 11 40 A
3956.56358 13.581 0.003 11  0 A
3957.50269 13.567 0.003 11 40 A
3958.57350 13.584 0.003 11 40 A
3959.50625 13.574 0.003 11 40 A
3959.68067 13.579 0.003 11 40 A
3960.49552 13.575 0.003 11 40 A
3960.67458 13.575 0.003 11 40 A
3961.56682 13.580 0.003 11 40 A
3963.52813 13.554 0.003 11  0 A
3963.70552 13.576 0.003 11 40 A
3964.52323 13.573 0.003 11 40 A
3964.72811 13.551 0.003 11  0 A
3965.50767 13.571 0.003 11 40 A
3965.69897 13.571 0.003 11 40 A
3966.48285 13.569 0.003 11 40 A
3966.68461 13.563 0.003 11 40 A
3967.51722 13.577 0.003 11  0 A
3967.71002 13.569 0.003 11 40 A
3968.49534 13.572 0.003 11 40 A
3968.57205 13.584 0.003 11  0 A
3968.66525 13.567 0.003 11 40 A
3969.47696 13.566 0.003 11 40 A
3969.67764 13.574 0.003 11 40 A
3970.50608 13.573 0.003 11 40 A
3970.68464 13.567 0.003 11 40 A
3971.54996 13.583 0.003 11  0 A
3973.56806 13.580 0.003 11 40 A
3974.50540 13.578 0.003 11 40 A
3974.68840 13.578 0.003 11 40 A
3975.50832 13.572 0.003 11 40 A
3975.68018 13.571 0.003 11 40 A
3976.50287 13.569 0.003 11 40 A
3976.67889 13.569 0.003 11 40 A
3979.50514 13.573 0.003 11 40 A
3982.56575 13.561 0.003 11 40 A
3983.51944 13.555 0.003 11  0 A
3986.58020 13.573 0.003 11 40 A
3987.50256 13.581 0.003 11 40 A
3988.50840 13.574 0.003 11 40 A
3989.52606 13.573 0.003 11 40 A
3989.59339 13.572 0.003 11 40 A
3989.65912 13.571 0.003 11 40 A
3990.54287 13.562 0.003 11  0 A
3990.60769 13.562 0.003 11 40 A
3990.63502 13.553 0.003 11 40 A
3990.66921 13.557 0.003 11 40 A
3991.49865 13.567 0.003 11  0 A
3991.64194 13.557 0.003 11 40 A
3993.55037 13.564 0.003 11  0 A
3994.56103 13.572 0.003 11 40 A
3995.56860 13.575 0.003 11 40 A
3999.58387 13.566 0.003 11 40 A
4002.49208 13.571 0.003 11 40 A
4003.48958 13.564 0.003 11 40 A
4004.52370 13.567 0.003 11 40 A
4006.51665 13.583 0.003 11 40 A
4012.49654 13.577 0.003 11 40 A
4016.51218 13.557 0.003 11 40 A
4018.54847 13.587 0.003 11 40 A
4020.53521 13.568 0.003 11  0 A
4023.53555 13.578 0.003 11 40 A
4025.55494 13.567 0.003 11 40 A
4028.49433 13.565 0.003 11  0 A
4031.49442 13.581 0.003 11 40 A
4038.49978 13.581 0.003 11 40 A
4040.51413 13.579 0.003 11 40 A
4041.49634 13.587 0.003 11  0 A
4043.50658 13.581 0.003 11 40 A
4141.87425 13.573 0.003 11 40 A
4143.89158 13.569 0.003 11 40 A
4150.88943 13.573 0.003 11 40 A
4153.87732 13.557 0.003 11 40 A
4156.85575 13.560 0.003 11 40 A
4158.87533 13.583 0.003 11 40 A
4161.84330 13.582 0.003 11 40 A
4163.80945 13.574 0.003 11 40 A
4163.82618 13.573 0.003 11 40 A
4165.80755 13.576 0.003 11 40 A
4168.80086 13.566 0.003 11 40 A
4170.79671 13.551 0.003 11  0 A
4175.78733 13.575 0.003 11 40 A
4176.89869 13.569 0.003 11 40 A
4178.80243 13.569 0.003 11 40 A
4179.84679 13.567 0.003 11 40 A
4181.78315 13.574 0.003 11 40 A
4182.82815 13.563 0.003 11 40 A
4183.86427 13.570 0.003 11 40 A
4184.90489 13.574 0.003 11 40 A
4189.83630 13.566 0.003 11 40 A
4191.80518 13.569 0.003 11 40 A
4193.73955 13.578 0.003 11 40 A
4194.78508 13.569 0.003 11 40 A
4196.77521 13.576 0.003 11 40 A
4202.75669 13.561 0.003 11 40 A
4203.74471 13.560 0.003 11 40 A
4204.73698 13.565 0.003 11 40 A
4204.91930 13.565 0.003 11 40 A
4205.73353 13.572 0.003 11 40 A
4207.72299 13.557 0.003 11 40 A
4208.74507 13.558 0.003 11 40 A
4211.78923 13.570 0.003 11 40 A
4212.86641 13.578 0.003 11 40 A
4213.70960 13.571 0.003 11 40 A
4213.91318 13.564 0.003 11 40 A
4215.74231 13.573 0.003 11 40 A
4216.70011 13.569 0.003 11 40 A
4216.92447 13.576 0.003 11 40 A
4217.70755 13.571 0.003 11 40 A
4217.91117 13.567 0.003 11 40 A
4218.75716 13.576 0.003 11 40 A
4219.75533 13.570 0.003 11 40 A
4220.70006 13.579 0.003 11 40 A
4222.66603 13.574 0.003 11 40 A
4222.91352 13.574 0.003 11 40 A
4224.78224 13.567 0.003 11 40 A
4228.67769 13.569 0.003 11 40 A
4228.91127 13.571 0.003 11 40 A
4229.67133 13.573 0.003 11 40 A
4229.86831 13.572 0.003 11 40 A
4229.93550 13.575 0.003 11 40 A
4230.68107 13.572 0.003 11 40 A
4230.86912 13.575 0.003 11 40 A
4230.93399 13.575 0.003 11 40 A
4231.62340 13.571 0.003 11 40 A
4231.76761 13.571 0.003 11 40 A
4231.89179 13.572 0.003 11 40 A
4231.93490 13.571 0.003 11 40 A
4232.67545 13.572 0.003 11 40 A
4232.83648 13.574 0.003 11 40 A
4233.80725 13.565 0.003 11 40 A
4234.70891 13.568 0.003 11 40 A
4235.63696 13.563 0.003 11 40 A
4235.79816 13.560 0.003 11 40 A
4235.89058 13.561 0.003 11 40 A
4238.62283 13.583 0.003 11 40 A
4238.87527 13.571 0.003 11 40 A
4239.62372 13.580 0.003 11 40 A
4240.67695 13.571 0.003 11 40 A
4240.81133 13.578 0.003 11 40 A
4243.64276 13.575 0.003 11 40 A
4243.73547 13.574 0.003 11 40 A
4243.82923 13.576 0.003 11 40 A
4244.61516 13.566 0.003 11 40 A
4244.71136 13.565 0.003 11 40 A
4244.80419 13.568 0.003 11 40 A
4244.91602 13.566 0.003 11 40 A
4245.60820 13.562 0.003 11 40 A
4245.70212 13.556 0.003 11 40 A
4245.79797 13.561 0.003 11 40 A
4246.66654 13.564 0.003 11 40 A
4246.75941 13.560 0.003 11 40 A
4246.85272 13.557 0.003 11 40 A
4247.68174 13.550 0.003 11  0 A
4247.82259 13.551 0.003 11 40 A
4250.72988 13.556 0.003 11 40 A
4251.80147 13.567 0.003 11 40 A
4256.61760 13.565 0.003 11 40 A
4256.76362 13.574 0.003 11 40 A
4256.86143 13.575 0.003 11 40 A
4257.64927 13.569 0.003 11 40 A
4258.63292 13.566 0.003 11 40 A
4258.75541 13.563 0.003 11 40 A
4258.84951 13.565 0.003 11 40 A
4267.59350 13.572 0.003 11 40 A
4268.55670 13.569 0.003 11 40 A
4268.83957 13.558 0.003 11 40 A
4269.57593 13.549 0.003 11 40 A
4269.69646 13.557 0.003 11 40 A
4269.78570 13.553 0.003 11 40 A
4270.56946 13.546 0.003 11 40 A
4272.59781 13.557 0.003 11 40 A
4272.74695 13.554 0.003 11 40 A
4272.80620 13.564 0.003 11 40 A
4272.87774 13.560 0.003 11 40 A
4273.61494 13.569 0.003 11 40 A
4273.79560 13.561 0.003 11 40 A
4273.85674 13.565 0.003 11 40 A
4274.54757 13.567 0.003 11 40 A
4274.69991 13.564 0.003 11 40 A
4274.76248 13.563 0.003 11 40 A
4274.82088 13.568 0.003 11 40 A
4275.60002 13.564 0.003 11 40 A
4275.77537 13.568 0.003 11 40 A
4275.83384 13.565 0.003 11 40 A
4276.58481 13.563 0.003 11 40 A
4277.52860 13.568 0.003 11 40 A
4277.70549 13.567 0.003 11 40 A
4277.76419 13.571 0.003 11 40 A
4277.82283 13.569 0.003 11 40 A
4278.57236 13.566 0.003 11 40 A
4278.74964 13.569 0.003 11 40 A
4278.82870 13.568 0.003 11 40 A
4283.50801 13.550 0.003 11 40 A
4283.72834 13.563 0.003 11 40 A
4284.50297 13.553 0.003 11  0 A
4284.69312 13.557 0.003 11 40 A
4284.75590 13.560 0.003 11 40 A
4284.81484 13.560 0.003 11 40 A
4285.50605 13.571 0.003 11 40 A
4285.69418 13.561 0.003 11 40 A
4285.76062 13.563 0.003 11 40 A
4285.82594 13.566 0.003 11 40 A
4286.50575 13.566 0.003 11 40 A
4286.80293 13.561 0.003 11 40 A
4289.51356 13.586 0.003 11 40 A
4289.73212 13.578 0.003 11 40 A
4289.79724 13.580 0.003 11 40 A
4290.55988 13.577 0.003 11 40 A
4291.62250 13.565 0.003 11 40 A
4291.78520 13.578 0.003 11 40 A
4292.48816 13.563 0.003 11 40 A
4292.66732 13.565 0.003 11 40 A
4292.72592 13.571 0.003 11 40 A
4292.78445 13.557 0.003 11 40 A
4293.48847 13.561 0.003 11 40 A
4293.71307 13.573 0.003 11 40 A
4294.48765 13.563 0.003 11 40 A
4295.49476 13.573 0.003 11 40 A
4295.69278 13.557 0.003 11 40 A
4295.75137 13.560 0.003 11 40 A
4296.49173 13.562 0.003 11 40 A
4296.68443 13.560 0.003 11 40 A
4296.81270 13.565 0.003 11 40 A
4297.51134 13.560 0.003 11 40 A
4297.71294 13.558 0.003 11 40 A
4298.54621 13.572 0.003 11  0 A
4298.65195 13.564 0.003 11 40 A
4298.75155 13.561 0.003 11  0 A
4299.52924 13.559 0.003 11 40 A
4299.62223 13.559 0.003 11 40 A
4299.71442 13.559 0.003 11 40 A
4299.80517 13.563 0.003 11 40 A
4300.52491 13.562 0.003 11 40 A
4300.64499 13.563 0.003 11 40 A
4300.74051 13.564 0.003 11  0 A
4301.51578 13.561 0.003 11 40 A
4301.61155 13.552 0.003 11 40 A
4301.71129 13.566 0.003 11 40 A
4301.80251 13.550 0.003 11  0 A
4302.58876 13.569 0.003 11 40 A
4302.68896 13.566 0.003 11  0 A
4303.67480 13.579 0.003 11 40 A
4304.54890 13.565 0.003 11 40 A
4304.65959 13.582 0.003 11 40 A
4306.63285 13.557 0.003 11 40 A
4306.68565 13.560 0.003 11 40 A
4310.61207 13.565 0.003 11 40 A
4311.76074 13.576 0.003 11 40 A
4312.54435 13.577 0.003 11 40 A
4312.74280 13.582 0.003 11 40 A
4315.63534 13.582 0.003 11 40 A
4316.70852 13.581 0.003 11 40 A
4317.55659 13.568 0.003 11 40 A
4319.51385 13.575 0.003 11 40 A
4319.76870 13.567 0.003 11 40 A
4320.54067 13.571 0.003 11 40 A
4320.59554 13.568 0.003 11 40 A
4320.77207 13.572 0.003 11 40 A
4326.50790 13.578 0.003 11 40 A
4326.70510 13.577 0.003 11 40 A
4327.58629 13.579 0.003 11 40 A
4327.72759 13.595 0.003 11 40 A
4328.51309 13.584 0.003 11  0 A
4328.69113 13.578 0.003 11 40 A
4329.52309 13.580 0.003 11 40 A
4329.67097 13.574 0.003 11 40 A
4330.49401 13.570 0.003 11 40 A
4330.68727 13.572 0.003 11 40 A
4331.47409 13.576 0.003 11 40 A
4331.68295 13.576 0.003 11  0 A
4332.50388 13.561 0.003 11 40 A
4333.52495 13.562 0.003 11 40 A
4333.68609 13.576 0.003 11 40 A
4334.49833 13.587 0.003 11 40 A
4334.62657 13.546 0.003 11 40 A
4338.49820 13.575 0.003 11 40 A
4339.47556 13.575 0.003 11 40 A
4339.69197 13.569 0.003 11 40 A
4340.59585 13.580 0.003 11 40 A
4341.49886 13.587 0.003 11 40 A
4342.52808 13.577 0.003 11 40 A
4343.50688 13.563 0.003 11 40 A
4344.53510 13.580 0.003 11 40 A
4345.49997 13.564 0.003 11  0 A
4346.51297 13.570 0.003 11  0 A
4347.52770 13.577 0.003 11 40 A
4349.48892 13.567 0.003 11  0 A
4350.53598 13.557 0.003 11  0 A
4351.50187 13.564 0.003 11 40 A
4352.55243 13.578 0.003 11 40 A
4353.50579 13.559 0.003 11 40 A
4354.53451 13.569 0.003 11 40 A
4355.53613 13.572 0.003 11 40 A
4356.50250 13.575 0.003 11 40 A
4357.53158 13.574 0.003 11 40 A
4358.49461 13.581 0.003 11 40 A
4359.53217 13.576 0.003 11 40 A
4360.51960 13.586 0.003 11 40 A
4361.56492 13.587 0.003 11 40 A
4362.50666 13.571 0.003 11 40 A
4365.55748 13.597 0.003 11 40 A
4367.48358 13.592 0.003 11 40 A
4368.52723 13.590 0.003 11 40 A
4369.60659 13.588 0.003 11 40 A
4370.48450 13.585 0.003 11 40 A
4371.52966 13.572 0.003 11 40 A
4372.51542 13.571 0.003 11 40 A
4373.48991 13.567 0.003 11  0 A
4376.56630 13.581 0.003 11 40 A
4377.60358 13.565 0.003 11 40 A
4378.51410 13.573 0.003 11 40 A
4379.52915 13.576 0.003 11 40 A
4380.54064 13.568 0.003 11 40 A
4381.51930 13.589 0.003 11 40 A
4382.56131 13.580 0.003 11 40 A
4383.55241 13.572 0.003 11 40 A
4384.52658 13.568 0.003 11  0 A
4387.58054 13.561 0.003 11 40 A
4393.52643 13.569 0.003 11 40 A
4394.54178 13.576 0.003 11 40 A
4395.51318 13.577 0.003 11 40 A
4396.50517 13.578 0.003 11 40 A
4397.52950 13.567 0.003 11 40 A
4398.53441 13.565 0.003 11 40 A
4399.52707 13.571 0.003 11 40 A
4400.52917 13.567 0.003 11 40 A
4402.54558 13.586 0.003 11 40 A
4403.54462 13.572 0.003 11  0 A
4407.52056 13.588 0.003 11 40 A
4507.85096 13.594 0.003 11 40 A
4510.85622 13.577 0.003 11 40 A
4513.85736 13.568 0.003 11 40 A
4517.85647 13.576 0.003 11 40 A
4519.87741 13.570 0.003 11 40 A
4522.87132 13.578 0.003 11 40 A
4524.80722 13.582 0.003 11 40 A
4530.81482 13.561 0.003 11 40 A
4533.84845 13.573 0.003 11 40 A
4535.80187 13.589 0.003 11 40 A
4536.89110 13.583 0.003 11 40 A
4537.87675 13.577 0.003 11 40 A
4538.81187 13.566 0.003 11 40 A
4539.84992 13.565 0.003 11 40 A
4540.79607 13.556 0.003 11 40 A
4541.78880 13.560 0.003 11 40 A
4542.78349 13.575 0.003 11 40 A
4543.77903 13.575 0.003 11 40 A
4544.77593 13.578 0.003 11 40 A
4545.78221 13.579 0.003 11 40 A
4546.78936 13.574 0.003 11 40 A
4547.78333 13.579 0.003 11 40 A
4548.79431 13.580 0.003 11 40 A
4550.73734 13.566 0.003 11 40 A
4551.76054 13.557 0.003 11 40 A
4552.75644 13.571 0.003 11 40 A
4556.75256 13.559 0.003 11 40 A
4557.76983 13.569 0.003 11 40 A
4558.74677 13.565 0.003 11 40 A
4558.91653 13.561 0.003 11 40 A
4559.74466 13.573 0.003 11 40 A
4560.74477 13.574 0.003 11 40 A
4561.73482 13.576 0.003 11 40 A
4561.92101 13.566 0.003 11 40 A
4564.72502 13.568 0.003 11 40 A
4564.92553 13.565 0.003 11 40 A
4565.72309 13.557 0.003 11 40 A
4565.91395 13.557 0.003 11 40 A
4566.72257 13.569 0.003 11 40 A
4566.91943 13.559 0.003 11 40 A
4567.71554 13.565 0.003 11 40 A
4567.92144 13.554 0.003 11 40 A
4568.72145 13.569 0.003 11 40 A
4569.73047 13.573 0.003 11 40 A
4570.72389 13.564 0.003 11 40 A
4571.71852 13.577 0.003 11 40 A
4571.90711 13.569 0.003 11 40 A
4572.74601 13.579 0.003 11 40 A
4573.73441 13.576 0.003 11 40 A
4573.90077 13.569 0.003 11 40 A
4574.73680 13.580 0.003 11 40 A
4575.74229 13.573 0.003 11 40 A
4576.75240 13.561 0.003 11 40 A
4577.83408 13.563 0.003 11 40 A
4578.78513 13.563 0.003 11 40 A
4579.86203 13.556 0.003 11 40 A
4583.72884 13.570 0.003 11 40 A
4583.91498 13.574 0.003 11 40 A
4585.75258 13.588 0.003 11 40 A
4586.77776 13.577 0.003 11 40 A
4587.76544 13.565 0.003 11 40 A
4587.92403 13.583 0.003 11 40 A
4588.68795 13.577 0.003 11 40 A
4588.91884 13.575 0.003 11 40 A
4589.67089 13.569 0.003 11 40 A
4589.82630 13.571 0.003 11 40 A
4589.88829 13.583 0.003 11 40 A
4590.69049 13.570 0.003 11 40 A
4590.89615 13.565 0.003 11 40 A
4591.70215 13.567 0.003 11 40 A
4591.82705 13.561 0.003 11 40 A
4591.89416 13.569 0.003 11 40 A
4592.66075 13.569 0.003 11 40 A
4592.85004 13.563 0.003 11 40 A
4592.92836 13.568 0.003 11 40 A
4593.64992 13.570 0.003 11 40 A
4593.85961 13.557 0.003 11 40 A
4593.94178 13.564 0.003 11 40 A
4594.67097 13.562 0.003 11 40 A
4594.86596 13.566 0.003 11 40 A
4594.93148 13.569 0.003 11 40 A
4595.66048 13.565 0.003 11 40 A
4595.85485 13.562 0.003 11 40 A
4595.91674 13.571 0.003 11 40 A
4596.65567 13.568 0.003 11 40 A
4597.68013 13.571 0.003 11 40 A
4597.87164 13.569 0.003 11 40 A
4598.65642 13.569 0.003 11 40 A
4598.92509 13.572 0.003 11 40 A
4599.62885 13.580 0.003 11 40 A
4599.91943 13.569 0.003 11 40 A
4600.63812 13.574 0.003 11 40 A
4600.84684 13.562 0.003 11 40 A
4601.64370 13.562 0.003 11 40 A
4601.85993 13.557 0.003 11 40 A
4601.92178 13.565 0.003 11 40 A
4602.63634 13.559 0.003 11 40 A
4602.84575 13.554 0.003 11 40 A
4603.76378 13.560 0.003 11 40 A
4606.63762 13.565 0.003 11 40 A
4606.88897 13.568 0.003 11 40 A
4610.73377 13.575 0.003 11 40 A
4610.94100 13.576 0.003 11 40 A
4611.62311 13.581 0.003 11 40 A
4611.81395 13.580 0.003 11 40 A
4612.64448 13.588 0.003 11 40 A
4615.78621 13.567 0.003 11 40 A
4616.59523 13.567 0.003 11 40 A
4616.81174 13.569 0.003 11 40 A
4616.88170 13.564 0.003 11 40 A
4617.66147 13.563 0.003 11 40 A
4618.60696 13.563 0.003 11 40 A
4621.73592 13.564 0.003 11 40 A
4622.80539 13.571 0.003 11 40 A
4622.90685 13.581 0.003 11 40 A
4623.64076 13.578 0.003 11 40 A
4623.86454 13.576 0.003 11 40 A
4624.58447 13.574 0.003 11 40 A
4624.80866 13.582 0.003 11 40 A
4624.87501 13.580 0.003 11 40 A
4625.59857 13.586 0.003 11 40 A
4625.78893 13.581 0.003 11 40 A
4625.90369 13.591 0.003 11 40 A
4626.59709 13.579 0.003 11 40 A
4626.85240 13.585 0.003 11  0 A
4627.55754 13.583 0.003 11 40 A
4627.82975 13.582 0.003 11 40 A
4627.91410 13.578 0.003 11 40 A
4628.54325 13.582 0.003 11 40 A
4628.75111 13.577 0.003 11 40 A
4628.81654 13.575 0.003 11 40 A
4628.88643 13.574 0.003 11 40 A
4629.62222 13.569 0.003 11 40 A
4629.82486 13.566 0.003 11 40 A
4629.90286 13.563 0.003 11 40 A
4630.55817 13.568 0.003 11 40 A
4630.76401 13.567 0.003 11 40 A
4630.84735 13.569 0.003 11 40 A
4630.91014 13.560 0.003 11 40 A
4631.55957 13.553 0.003 11 40 A
4631.77533 13.560 0.003 11 40 A
4631.86199 13.554 0.003 11 40 A
4632.56335 13.561 0.003 11 40 A
4632.85009 13.564 0.003 11 40 A
4633.56332 13.562 0.003 11 40 A
4633.67486 13.559 0.003 11 40 A
4633.79060 13.561 0.003 11 40 A
4638.74837 13.577 0.003 11 40 A
4638.85858 13.569 0.003 11  0 A
4639.57093 13.568 0.003 11 40 A
4639.66871 13.565 0.003 11 40 A
4640.59044 13.553 0.003 11 40 A
4640.72261 13.562 0.003 11 40 A
4640.82762 13.564 0.003 11 40 A
4641.66443 13.558 0.003 11 40 A
4641.77439 13.560 0.003 11 40 A
4642.58832 13.560 0.003 11 40 A
4642.75085 13.569 0.003 11 40 A
4642.82592 13.560 0.003 11 40 A
4643.54611 13.552 0.003 11 40 A
4644.59349 13.557 0.003 11 40 A
4644.84970 13.562 0.003 11  0 A
4645.51655 13.553 0.003 11 40 A
4645.76503 13.555 0.003 11 40 A
4645.83977 13.558 0.003 11 40 A
4646.51461 13.561 0.003 11 40 A
4646.84700 13.553 0.003 11 40 A
4647.51098 13.557 0.003 11 40 A
4647.73402 13.565 0.003 11 40 A
4647.84504 13.559 0.003 11 40 A
4648.49412 13.559 0.003 11 40 A
4648.70775 13.560 0.003 11 40 A
4648.81164 13.560 0.003 11 40 A
4649.52021 13.554 0.003 11 40 A
4649.72891 13.558 0.003 11 40 A
4649.85532 13.553 0.003 11 40 A
4650.50620 13.559 0.003 11 40 A
4650.77012 13.553 0.003 11 40 A
4650.86381 13.550 0.003 11 40 A
4651.50953 13.557 0.003 11 40 A
4651.80468 13.553 0.003 11 40 A
4652.50059 13.556 0.003 11 40 A
4652.71373 13.553 0.003 11 40 A
4652.78861 13.557 0.003 11 40 A
4652.83834 13.549 0.003 11 40 A
4653.49694 13.558 0.003 11  0 A
4653.71612 13.560 0.003 11 40 A
4653.78129 13.561 0.003 11 40 A
4654.53574 13.557 0.003 11 40 A
4654.74719 13.554 0.003 11 40 A
4654.81232 13.560 0.003 11 40 A
4655.49681 13.556 0.003 11 40 A
4655.72130 13.560 0.003 11 40 A
4655.78309 13.551 0.003 11 40 A
4656.49875 13.551 0.003 11 40 A
4656.68849 13.558 0.003 11 40 A
4656.80777 13.552 0.003 11 40 A
4657.72310 13.565 0.003 11 40 A
4658.65708 13.564 0.003 11 40 A
4659.59119 13.575 0.003 11 40 A
4660.60952 13.563 0.003 11 40 A
4661.48681 13.560 0.003 11 40 A
4661.68750 13.569 0.003 11 40 A
4661.74898 13.569 0.003 11 40 A
4661.81617 13.564 0.003 11 40 A
4665.65426 13.561 0.003 11 40 A
4666.55968 13.568 0.003 11 40 A
4666.70276 13.566 0.003 11 40 A
4666.74491 13.563 0.003 11 40 A
4667.57123 13.577 0.003 11 40 A
4670.64440 13.563 0.003 11 40 A
4671.57992 13.565 0.003 11 40 A
4672.50540 13.557 0.003 11 40 A
4672.69790 13.566 0.003 11 40 A
4672.72018 13.559 0.003 11  0 A
4674.50853 13.569 0.003 11 40 A
4674.70164 13.570 0.003 11 40 A
4674.74093 13.570 0.003 11 40 A
4675.67582 99.999 9.999 11  0 A
4677.48511 13.575 0.003 11 40 A
4677.63144 13.570 0.003 11 40 A
4677.77402 13.573 0.003 11 40 A
4678.68853 13.570 0.003 11 40 A
4679.49073 13.583 0.003 11  0 A
4681.52651 13.585 0.003 11 40 A
4681.62653 13.569 0.003 11 40 A
4681.75875 13.571 0.003 11 40 A
4682.49752 13.566 0.003 11 40 A
4682.65485 13.575 0.003 11  0 A
4682.75007 13.571 0.003 11 40 A
4683.51604 13.569 0.003 11 40 A
4683.70294 13.556 0.003 11  0 A
4684.50859 13.568 0.003 11 40 A
4684.72229 13.573 0.003 11 40 A
4685.49352 13.580 0.003 11 40 A
4685.51327 13.575 0.003 11 40 A
4685.57035 13.571 0.003 11 40 A
4685.60439 13.574 0.003 11 40 A
4685.65929 13.567 0.003 11 40 A
4685.72849 13.578 0.003 11 40 A
4686.49730 13.578 0.003 11 40 A
4686.70129 13.577 0.003 11 40 A
4687.48106 13.578 0.003 11 40 A
4687.73655 13.582 0.003 11 40 A
4688.49398 13.587 0.003 11  0 A
4688.68381 13.561 0.003 11  0 A
4688.74562 13.560 0.003 11 40 A
4693.54156 13.570 0.003 11 40 A
4694.53679 13.582 0.003 11 40 A
4697.49745 13.567 0.003 11 40 A
4698.50297 13.558 0.003 11  0 A
4699.49911 13.580 0.003 11  0 A
4700.50538 13.557 0.003 11 40 A
4701.50066 13.562 0.003 11 40 A
4702.49919 13.559 0.003 11 40 A
4703.56967 13.593 0.003 11  0 A
4704.63945 13.563 0.003 11 40 A
4705.50288 13.588 0.003 11  0 A
4708.53608 13.574 0.003 11 40 A
4709.51218 13.585 0.003 11  0 A
4710.54181 13.568 0.003 11 40 A
4711.52116 13.572 0.003 11 40 A
4715.58116 13.576 0.003 11 40 A
4716.58355 13.592 0.003 11  0 A
4720.55070 13.566 0.003 11 40 A
4721.48225 13.573 0.003 11 40 A
4722.51479 13.562 0.003 11 40 A
4724.50459 13.571 0.003 11 40 A
4725.48288 13.572 0.003 11 40 A
4726.54431 13.579 0.003 11 40 A
4728.58944 13.579 0.003 11 40 A
4729.54492 13.578 0.003 11 40 A
4730.56128 13.552 0.003 11 40 A
4731.56818 13.573 0.003 11 40 A
4733.51988 13.552 0.003 11  0 A
4734.54926 13.573 0.003 11 40 A
4737.54014 13.557 0.003 11 40 A
4740.55065 13.578 0.003 11  0 A
4741.55834 13.564 0.003 11  0 A
4743.53330 13.584 0.003 11 40 A
4753.54423 13.562 0.003 11  0 A
4756.52306 13.584 0.003 11 40 A
4758.50588 13.583 0.003 11 40 A
4868.87629 13.587 0.003 11 40 A
4869.86015 13.583 0.003 11 40 A
4873.84898 13.590 0.003 11 40 A
4877.84329 13.582 0.003 11 40 A
4883.84531 13.592 0.003 11 40 A
4884.85082 13.581 0.003 11 40 A
4886.89396 13.578 0.003 11 40 A
4890.87888 13.571 0.003 11 40 A
4896.86714 13.580 0.003 11 40 A
4899.83804 13.578 0.003 11 40 A
4900.87949 13.570 0.003 11 40 A
4901.87787 13.578 0.003 11 40 A
4902.87659 13.580 0.003 11 40 A
4904.80068 13.588 0.003 11 40 A
4905.90466 13.586 0.003 11 40 A
4910.80658 99.999 9.999 11  0 A
4910.82642 13.595 0.003 11 40 A
4911.77720 13.595 0.003 11 40 A
4912.77411 13.575 0.003 11 40 A
4914.79119 13.575 0.003 11 40 A
4917.75222 13.564 0.003 11 40 A
4920.73252 13.593 0.003 11  0 A
4924.77358 13.571 0.003 11 40 A
4925.81352 13.565 0.003 11 40 A
4925.90056 13.570 0.003 11 40 A
4927.70715 13.593 0.003 11 40 A
4927.86768 13.572 0.003 11 40 A
4928.72968 13.573 0.003 11 40 A
4929.78595 13.572 0.003 11 40 A
4930.70045 13.585 0.003 11 40 A
4930.81938 13.572 0.003 11 40 A
4931.71528 13.571 0.003 11 40 A
4931.86095 13.574 0.003 11 40 A
4932.71834 13.566 0.003 11 40 A
4932.78452 13.571 0.003 11 40 A
4932.81901 13.576 0.003 11 40 A
4933.76667 13.572 0.003 11 40 A
4934.76507 13.588 0.003 11 40 A
4934.83033 13.576 0.003 11 40 A
4938.67566 13.586 0.003 11 40 A
4938.88031 13.583 0.003 11 40 A
4939.69457 13.583 0.003 11 40 A
4940.69457 13.574 0.003 11 40 A
4941.67332 13.580 0.003 11 40 A
4941.77132 13.571 0.003 11 40 A
4942.71109 13.566 0.003 11 40 A
4943.66516 13.578 0.003 11 40 A
4943.80465 13.587 0.003 11 40 A
4944.66197 13.576 0.003 11 40 A
4944.81741 13.571 0.003 11 40 A
4945.71042 13.581 0.003 11 40 A
4945.76687 13.579 0.003 11 40 A
4946.66009 13.582 0.003 11 40 A
4947.65375 13.564 0.003 11 40 A
4947.85169 13.576 0.003 11 40 A
4948.83430 13.574 0.003 11 40 A
4949.78240 13.577 0.003 11 40 A
4951.64246 13.558 0.003 11 40 A
4952.64068 13.576 0.003 11 40 A
4953.63432 13.569 0.003 11 40 A
4953.80888 13.563 0.003 11 40 A
4954.63584 13.567 0.003 11 40 A
4954.82871 13.570 0.003 11 40 A
4955.76991 13.572 0.003 11 40 A
