2452125.53977 17.065 0.023 5.55 1395.0
2452129.62312 17.032 0.012 3.64 766.0
2452132.56739 17.059 0.015 4.61 755.0
2452135.70504 17.034 0.012 4.02 841.0
2452140.66302 17.067 0.016 5.36 702.0
2452144.54739 17.065 0.015 4.71 854.0
2452160.53646 17.051 0.018 5.69 812.0
2452168.60389 17.025 0.016 5.29 750.0
2452187.51327 17.040 0.017 5.50 928.0
2452206.50895 17.063 0.024 6.46 1339.0
2452331.84956 17.067 0.015 3.88 1134.0
2452346.89588 17.032 0.013 3.84 741.0
2452358.81957 17.039 0.014 3.98 746.0
2452365.91969 17.069 0.017 4.06 1525.0
2452382.90586 17.048 0.015 4.20 816.0
2452386.84916 17.054 0.017 4.99 793.0
2452390.79230 17.046 0.015 4.41 992.0
2452397.75433 17.020 0.013 3.67 834.0
2452401.77911 17.052 0.013 3.96 734.0
2452403.83515 17.058 0.012 3.75 746.0
2452405.80360 17.014 0.014 5.01 692.0
2452414.78053 17.039 0.013 4.14 700.0
2452416.75488 17.043 0.015 4.48 756.0
2452424.84660 17.052 0.020 5.78 989.0
2452428.74891 17.003 0.012 4.32 757.0
2452432.79208 17.134 0.023 6.58 795.0
2452434.65988 17.035 0.013 4.01 689.0
2452436.70550 17.043 0.013 3.61 713.0
2452438.68382 17.053 0.014 4.49 620.0
2452440.78805 17.027 0.014 4.70 690.0
2452443.69061 17.063 0.014 4.38 653.0
2452445.57171 17.028 0.015 4.56 875.0
2452448.54505 17.011 0.024 4.52 4111.0
2452453.80721 17.049 0.015 4.66 917.0
2452459.49855 17.110 0.018 6.27 714.0
2452463.47967 17.089 0.020 5.78 1013.0
2452464.70977 17.050 0.012 3.63 598.0
2452467.61274 17.097 0.019 5.95 637.0
2452469.62714 17.037 0.011 3.57 512.0
2452471.63895 17.047 0.012 3.66 615.0
2452473.60003 17.057 0.015 5.03 676.0
2452483.66888 17.083 0.017 4.71 749.0
2452486.65225 17.074 0.020 6.40 607.0
2452490.61884 17.033 0.018 6.32 626.0
2452493.57862 17.057 0.014 4.22 714.0
2452495.65268 17.047 0.012 3.76 694.0
2452497.70856 17.005 0.013 4.46 866.0
2452499.75545 17.056 0.014 4.57 907.0
2452502.49907 17.031 0.014 4.29 896.0
2452508.59395 17.035 0.014 4.15 923.0
2452512.55029 17.047 0.016 4.62 944.0
2452517.65101 17.068 0.014 4.54 720.0
2452520.50975 17.081 0.016 5.09 791.0
2452526.60325 17.063 0.013 3.77 637.0
2452537.58592 17.047 0.021 6.49 971.0
2452541.58404 17.095 0.016 4.37 1011.0
2452547.52212 17.076 0.019 5.21 1043.0
2452556.51306 17.010 0.017 4.85 945.0
2452563.54655 17.041 0.014 4.39 1021.0
2452574.52585 17.003 0.018 4.81 1423.0
2452705.88942 17.043 0.014 4.74 646.0
2452706.85529 17.024 0.015 5.21 732.0
2452714.83961 17.053 0.014 4.16 760.0
2452728.86949 17.073 0.017 5.45 730.0
2452733.85237 17.048 0.015 4.09 893.0
2452752.89856 17.059 0.016 4.73 910.0
2452756.86960 17.071 0.015 4.53 791.0
2452760.83785 17.048 0.015 5.20 937.0
2452766.86979 17.047 0.014 4.20 801.0
2452770.75743 17.039 0.014 4.30 837.0
2452783.75821 17.026 0.012 3.44 745.0
2452785.86981 16.997 0.013 3.91 1221.0
2452786.87187 17.094 0.024 6.52 1078.0
2452789.67788 17.044 0.013 3.75 728.0
2452791.64049 17.057 0.015 4.69 614.0
2452794.79412 17.042 0.014 5.13 678.0
2452796.74488 17.030 0.012 3.33 622.0
2452803.55025 17.050 0.032 6.13 3127.0
2452808.88531 17.110 0.026 6.54 1372.0
2452809.88968 17.063 0.016 4.21 1130.0
2452810.81672 17.070 0.015 4.55 945.0
2452811.85392 17.066 0.014 4.01 881.0
2452813.65065 17.134 0.027 7.57 702.0
2452815.77233 17.062 0.014 4.04 699.0
2452817.72522 17.062 0.014 4.55 742.0
2452818.78818 17.098 0.019 5.52 754.0
2452820.66047 17.045 0.014 4.07 828.0
2452826.67354 16.945 0.008 4.24 576.0
2452834.71134 17.019 0.022 4.56 2082.0
2452835.82877 17.071 0.017 4.20 1389.0
2452837.56669 17.049 0.019 5.07 1219.0
2452839.60355 17.065 0.015 4.67 698.0
2452841.62090 17.049 0.015 4.72 739.0
2452843.55354 17.050 0.014 4.76 909.0
2452845.58896 17.044 0.017 5.30 720.0
2452849.74146 17.041 0.016 5.35 792.0
2452849.76907 17.056 0.018 5.73 911.0
2452851.75184 17.027 0.017 5.17 892.0
2452853.75469 17.088 0.020 5.81 976.0
2452856.64343 17.040 0.015 4.34 819.0
2452858.61879 17.055 0.017 4.15 2053.0
2452859.61280 17.048 0.020 4.14 2672.0
2452860.74087 17.052 0.023 4.18 3318.0
2452863.57705 17.038 0.015 4.01 1209.0
2452866.66907 17.052 0.018 5.16 858.0
2452869.66012 17.033 0.013 4.34 790.0
2452872.65465 17.037 0.012 3.56 564.0
2452877.62387 17.055 0.016 4.38 754.0
2452883.59948 17.052 0.012 3.77 665.0
2452890.65596 17.138 0.025 5.35 1304.0
2452892.58940 17.068 0.021 5.67 1158.0
2452896.61105 17.050 0.014 3.44 926.0
2452902.57811 17.081 0.022 5.87 1039.0
2452907.55249 17.063 0.021 5.93 834.0
2452917.54014 17.051 0.018 4.38 1210.0
2452922.51675 17.073 0.019 4.80 1116.0
2452923.52895 17.062 0.015 3.83 1110.0
2452924.52627 17.021 0.013 3.34 1112.0
2452925.51447 17.047 0.016 4.86 895.0
2452926.54505 17.017 0.015 4.46 831.0
2452927.51523 17.087 0.017 4.89 776.0
2452928.52990 17.047 0.017 4.73 910.0
2452929.52747 17.096 0.027 6.90 1060.0
2452934.52948 17.082 0.021 5.80 996.0
2452941.52545 17.029 0.020 5.10 1626.0
2452943.49773 17.027 0.024 5.41 2102.0
2452945.52439 17.113 0.026 5.81 1643.0
2452946.49849 17.102 0.025 5.61 1761.0
2452947.53105 17.075 0.024 5.80 1543.0
2452949.50880 17.089 0.027 6.12 1572.0
2452950.50297 17.053 0.022 4.93 2013.0
2453051.84676 17.034 0.020 5.28 1907.0
2453058.84188 17.009 0.013 4.04 875.0
2453063.83656 17.061 0.014 4.54 855.0
2453067.84045 17.027 0.014 4.27 761.0
2453070.79985 17.045 0.023 6.51 1221.0
2453072.87869 17.052 0.012 3.28 798.0
2453075.77561 17.051 0.017 4.99 1088.0
2453079.83205 17.034 0.014 3.07 2016.0
2453082.79211 17.052 0.013 4.16 655.0
2453084.84890 17.044 0.013 3.88 635.0
2453086.77996 17.047 0.011 3.34 649.0
2453087.89329 17.040 0.015 4.98 622.0
2453089.80158 17.049 0.012 3.78 716.0
2453091.76369 17.040 0.013 4.09 674.0
2453096.79345 17.043 0.015 5.16 687.0
2453098.80497 17.043 0.012 3.46 757.0
2453100.86032 17.042 0.012 3.70 762.0
2453102.81629 17.060 0.014 3.69 935.0
2453103.89160 17.029 0.013 3.51 863.0
2453106.76913 17.014 0.015 3.65 1570.0
2453107.91597 17.059 0.013 3.93 846.0
2453109.73758 17.036 0.012 3.36 732.0
2453110.77886 17.045 0.013 3.87 884.0
2453112.74776 17.008 0.013 4.39 609.0
2453113.81697 17.070 0.012 3.91 537.0
2453115.81558 17.055 0.011 3.53 640.0
2453118.87264 17.020 0.014 4.39 789.0
2453125.80366 17.105 0.020 6.14 719.0
2453126.83454 17.028 0.012 3.73 778.0
2453127.74517 17.053 0.014 3.62 856.0
2453128.76756 17.025 0.013 3.94 839.0
2453129.74237 17.068 0.017 3.91 1526.0
2453130.92043 17.046 0.016 3.89 1278.0
2453131.77631 17.060 0.018 4.53 1349.0
2453134.71262 17.057 0.022 4.55 2692.0
2453135.80810 17.079 0.013 3.56 1212.0
2453137.86019 17.030 0.016 5.33 999.0
2453138.81777 17.054 0.013 4.23 674.0
2453139.81260 17.053 0.012 3.95 597.0
2453140.81915 17.028 0.013 4.39 663.0
2453142.71405 17.050 0.012 4.18 645.0
2453144.73644 17.068 0.012 3.94 579.0
2453146.70618 17.046 0.016 5.39 611.0
2453151.69592 17.073 0.015 5.02 631.0
2453152.70055 17.051 0.013 3.92 695.0
2453152.91332 17.111 0.019 5.63 817.0
2453153.70455 17.116 0.019 5.83 690.0
2453154.75970 17.081 0.018 6.02 722.0
2453156.74613 17.016 0.013 4.16 860.0
2453158.80613 17.065 0.018 4.88 1264.0
2453162.75354 17.075 0.014 4.06 896.0
2453162.93983 17.075 0.021 5.17 1543.0
2453163.93905 17.057 0.019 4.68 1561.0
2453164.67924 17.051 0.013 3.79 666.0
2453165.80104 17.050 0.010 3.55 845.0
2453166.83066 17.175 0.024 6.51 821.0
2453168.71215 17.042 0.013 4.72 618.0
2453168.92840 17.113 0.016 4.60 1066.0
2453169.66860 17.078 0.013 3.80 689.0
2453170.74148 17.062 0.013 4.41 635.0
2453171.69291 17.076 0.012 3.84 568.0
2453172.67974 17.045 0.012 3.65 595.0
2453174.65655 17.061 0.011 3.32 687.0
2453175.65842 17.022 0.012 3.46 727.0
2453176.70537 17.081 0.018 5.86 610.0
2453178.72099 17.033 0.016 5.07 879.0
2453179.59891 17.028 0.011 3.56 645.0
2453179.85467 17.073 0.016 4.89 826.0
2453180.64961 17.016 0.010 3.20 549.0
2453182.71977 17.022 0.013 4.31 556.0
2453183.66446 17.072 0.016 5.05 677.0
2453184.64410 17.043 0.011 3.47 575.0
2453185.80208 17.083 0.016 4.63 835.0
2453193.48005 17.095 0.026 7.21 1097.0
2453193.81684 17.078 0.014 4.40 762.0
2453194.63565 17.073 0.016 4.77 807.0
2453195.61400 17.028 0.013 4.10 668.0
2453196.68951 17.033 0.018 5.95 775.0
2453196.77841 17.055 0.013 4.13 700.0
2453196.79609 17.057 0.013 4.14 714.0
2453196.85559 17.047 0.015 4.89 848.0
2453197.48697 17.044 0.016 4.74 1008.0
2453197.58961 17.056 0.014 4.43 652.0
2453197.65705 17.033 0.013 4.45 619.0
2453197.73699 17.045 0.012 4.00 661.0
2453197.80152 17.052 0.017 5.39 867.0
2453198.66720 17.076 0.012 4.94 502.0
2453199.57517 17.031 0.016 5.97 623.0
2453199.72355 17.087 0.015 5.17 512.0
2453201.49404 17.035 0.013 4.11 864.0
2453202.58682 17.044 0.013 4.76 645.0
2453203.71053 17.050 0.013 4.10 571.0
2453204.70615 17.067 0.012 3.81 584.0
2453205.63115 17.042 0.012 4.09 491.0
2453206.61273 17.069 0.011 3.98 521.0
2453210.60288 17.088 0.016 5.14 773.0
2453211.67490 17.101 0.016 5.59 527.0
2453212.64359 17.092 0.021 7.05 674.0
2453217.59893 17.030 0.013 3.23 1094.0
2453218.59821 17.037 0.016 4.72 1062.0
2453219.65739 17.077 0.021 6.34 798.0
2453223.59544 17.116 0.022 6.84 729.0
2453224.64517 17.066 0.012 3.62 702.0
2453226.55799 17.026 0.012 3.98 524.0
2453228.51659 17.054 0.014 4.88 619.0
2453229.57473 17.040 0.012 3.96 619.0
2453230.61344 17.043 0.012 3.98 504.0
2453231.51445 17.027 0.016 5.23 732.0
2453232.48826 17.102 0.022 6.72 821.0
2453239.52308 17.067 0.013 3.99 718.0
2453240.60050 17.048 0.017 5.69 650.0
2453241.60475 17.091 0.034 7.04 2455.0
2453244.70129 17.062 0.021 4.67 2568.0
2453245.48926 17.057 0.016 5.15 1031.0
2453246.59720 17.049 0.017 5.68 783.0
2453247.66786 17.056 0.014 4.03 961.0
2453248.66104 17.107 0.017 4.79 796.0
2453250.60046 17.046 0.014 4.62 764.0
2453253.59331 17.037 0.014 5.06 533.0
2453256.57586 17.086 0.018 5.51 615.0
2453259.56847 17.112 0.017 5.39 639.0
2453264.51198 17.041 0.015 4.38 820.0
2453266.59401 17.094 0.020 6.12 783.0
2453272.54325 17.032 0.014 4.20 996.0
2453274.57281 17.078 0.018 5.79 887.0
2453278.54690 17.024 0.014 4.15 862.0
2453281.48854 17.184 0.022 5.94 802.0
2453287.55575 17.068 0.015 5.54 641.0
2453292.54453 17.038 0.012 5.78 484.0
2453415.87928 17.033 0.011 3.67 646.0
2453420.87953 17.032 0.012 4.52 644.0
2453425.85472 17.036 0.017 5.91 882.0
2453428.86049 17.013 0.012 3.78 771.0
2453430.89733 17.045 0.011 3.35 772.0
2453442.83397 17.066 0.014 4.66 663.0
2453444.88782 17.052 0.012 4.00 628.0
2453446.91640 17.045 0.019 4.34 1967.0
2453449.81356 17.059 0.012 4.23 612.0
2453452.83452 17.002 0.013 4.21 696.0
2453454.88812 17.041 0.014 4.80 982.0
2453457.82642 17.076 0.015 4.98 781.0
2453459.77161 17.047 0.014 4.44 971.0
2453468.82350 17.030 0.011 3.67 660.0
2453469.83051 17.050 0.011 3.49 560.0
2453471.91078 17.046 0.016 5.89 596.0
2453473.82596 17.065 0.015 5.42 603.0
2453476.71859 17.018 0.011 4.22 528.0
2453478.78423 17.080 0.013 4.29 529.0
2453479.92150 17.061 0.010 3.22 632.0
2453481.76286 17.034 0.011 3.69 632.0
2453483.89647 17.049 0.012 3.68 937.0
2453484.72142 17.013 0.015 3.83 1853.0
2453496.79786 17.057 0.014 4.92 746.0
2453497.73557 17.048 0.014 4.65 719.0
2453499.92552 17.043 0.011 3.95 661.0
2453500.79461 17.078 0.012 3.97 611.0
2453501.78838 17.073 0.011 4.37 684.0
2453502.76128 17.017 0.010 3.23 680.0
2453503.73032 17.055 0.011 3.85 526.0
2453504.81998 17.064 0.011 4.32 533.0
2453506.88496 17.023 0.012 4.24 676.0
2453508.83560 17.079 0.014 4.94 636.0
2453509.78531 17.060 0.013 4.61 645.0
2453511.74290 17.025 0.012 4.20 745.0
2453512.78656 17.019 0.016 4.84 1006.0
2453517.86001 17.086 0.015 4.58 925.0
2453520.81425 17.123 0.015 4.67 678.0
2453521.62394 17.071 0.012 4.40 525.0
2453522.67828 17.044 0.011 4.07 551.0
2453523.72036 17.035 0.010 3.47 531.0
2453524.70916 17.060 0.014 5.16 513.0
2453525.69105 17.030 0.011 3.56 519.0
2453526.77350 17.028 0.012 4.20 597.0
2453527.77840 17.023 0.011 3.87 579.0
2453528.72119 17.047 0.012 4.08 501.0
2453528.78286 17.051 0.014 4.76 597.0
2453529.61114 17.039 0.011 3.89 488.0
2453529.64325 17.045 0.011 4.20 436.0
2453529.78366 17.065 0.011 3.76 514.0
2453529.85427 17.042 0.011 3.71 666.0
2453529.91247 17.070 0.013 3.92 797.0
2453530.55735 17.007 0.013 4.90 725.0
2453530.63306 17.024 0.010 3.32 537.0
2453530.68629 17.042 0.010 3.29 537.0
2453530.81641 17.066 0.011 3.57 561.0
2453530.88468 17.063 0.011 3.46 621.0
2453530.92464 17.155 0.011 3.95 659.0
2453536.87733 17.117 0.014 5.24 1121.0
2453536.89306 17.131 0.016 5.71 1131.0
2453537.68183 17.039 0.013 4.86 727.0
2453538.66494 17.077 0.014 4.94 628.0
2453541.81548 17.068 0.012 3.40 878.0
2453547.70700 17.091 0.016 5.53 667.0
2453550.58104 17.044 0.014 4.95 803.0
2453551.77046 17.043 0.011 4.29 527.0
2453552.60759 16.976 0.010 4.06 901.0
2453553.74012 17.097 0.018 5.70 751.0
2453554.77708 17.141 0.019 5.77 643.0
2453555.75125 17.060 0.012 4.14 618.0
2453556.81699 17.078 0.018 6.17 648.0
2453558.47991 17.029 0.015 5.03 907.0
2453558.77917 17.082 0.015 5.35 525.0
2453559.54762 17.095 0.019 6.86 730.0
2453560.51063 17.035 0.013 4.52 625.0
2453561.48803 17.040 0.015 4.86 1063.0
2453562.53457 17.096 0.012 4.29 596.0
2453563.58956 17.036 0.012 3.98 593.0
2453564.61768 17.080 0.015 5.25 602.0
2453569.50574 17.025 0.021 5.10 1988.0
2453573.58294 17.066 0.017 5.80 811.0
2453574.63942 17.090 0.015 4.88 727.0
2453575.62445 17.059 0.011 3.82 569.0
2453576.60471 17.093 0.014 4.62 655.0
2453577.66683 17.041 0.011 4.11 655.0
2453578.61387 17.058 0.012 4.06 499.0
2453579.57110 17.006 0.011 4.15 539.0
2453580.59256 17.061 0.012 4.13 642.0
2453581.62088 17.106 0.013 4.43 603.0
2453582.56914 17.053 0.014 5.15 526.0
2453583.58614 17.042 0.012 4.51 487.0
2453584.59513 17.051 0.010 3.56 501.0
2453585.58532 17.051 0.011 3.74 510.0
2453586.63118 17.071 0.011 3.75 511.0
2453589.62397 17.037 0.009 3.14 502.0
2453590.59268 17.060 0.011 3.55 548.0
2453591.65460 17.031 0.011 3.08 633.0
2453593.52756 17.054 0.011 3.77 540.0
2453594.64362 17.041 0.011 4.03 561.0
2453601.57606 17.032 0.012 3.56 854.0
2453602.59301 17.027 0.011 3.43 862.0
2453603.59009 17.075 0.013 4.44 623.0
2453604.59397 17.095 0.016 4.72 1001.0
2453606.60967 17.099 0.018 6.14 687.0
2453607.58206 17.025 0.011 4.19 531.0
2453608.59093 17.103 0.015 4.99 581.0
2453615.50372 17.050 0.012 4.78 574.0
2453618.62842 17.065 0.013 4.08 739.0
2453620.51683 17.049 0.011 3.51 545.0
2453622.49584 17.077 0.014 4.76 635.0
2453628.62459 17.090 0.019 5.42 1182.0
2453630.50997 17.050 0.018 5.34 939.0
2453631.64017 17.040 0.018 5.06 1357.0
2453633.49529 17.017 0.017 6.31 697.0
2453637.58529 17.115 0.018 5.59 733.0
2453639.60258 17.045 0.012 3.84 706.0
2453641.49758 17.057 0.016 5.39 743.0
2453643.57408 17.181 0.026 6.90 850.0
2453648.48999 17.060 0.015 5.40 676.0
2453654.49904 17.053 0.019 3.93 2083.0
2453656.49583 17.033 0.017 4.86 1012.0
2453658.52987 17.089 0.021 5.44 1098.0
2453661.52777 17.131 0.023 5.59 1289.0
2453668.50082 17.144 0.019 5.66 902.0
2453674.51462 17.038 0.018 4.80 1174.0
2453775.85940 17.028 0.015 5.76 769.0
2453780.88419 17.050 0.013 3.76 1085.0
2453786.85818 17.045 0.017 5.20 925.0
2453787.83305 17.063 0.016 4.31 1430.0
2453790.86369 17.069 0.015 4.07 1229.0
2453792.86033 17.031 0.010 3.52 595.0
2453794.81729 16.999 0.014 5.24 702.0
2453795.89659 17.059 0.012 3.86 820.0
2453797.89679 17.048 0.011 3.27 764.0
2453799.85167 17.040 0.015 4.66 868.0
2453800.87801 17.070 0.012 4.22 581.0
2453801.86017 17.042 0.012 3.47 721.0
2453802.82576 17.042 0.012 3.65 734.0
2453803.86100 17.063 0.011 3.13 791.0
2453805.77711 17.064 0.016 4.99 820.0
2453806.79720 17.043 0.012 3.89 790.0
2453807.81093 17.033 0.015 4.74 952.0
2453808.77063 17.072 0.016 4.56 1158.0
2453809.77344 17.049 0.014 4.05 1095.0
2453810.81804 17.046 0.013 3.84 951.0
2453811.81405 17.066 0.016 4.77 777.0
2453812.80575 17.110 0.016 4.73 837.0
2453813.77835 17.026 0.012 3.78 804.0
2453814.79862 17.027 0.013 4.08 924.0
2453817.82901 17.052 0.013 3.72 1023.0
2453818.86080 17.040 0.011 3.34 686.0
2453819.77645 17.009 0.010 3.40 568.0
2453820.74670 17.062 0.012 4.16 702.0
2453820.91417 17.048 0.013 3.54 866.0
2453821.74716 17.015 0.013 4.63 616.0
2453822.78930 17.044 0.013 4.34 701.0
2453823.74815 17.064 0.013 4.87 640.0
2453824.76287 17.084 0.015 4.96 729.0
2453825.77647 17.076 0.018 6.23 639.0
2453826.75637 17.040 0.013 5.34 542.0
2453827.75764 17.064 0.017 6.33 588.0
2453828.73894 17.064 0.018 6.24 705.0
2453829.78779 17.041 0.013 4.23 604.0
2453830.70165 17.011 0.014 4.94 827.0
2453831.70556 17.035 0.012 3.97 754.0
2453832.72655 17.013 0.012 4.30 640.0
2453833.73203 17.016 0.011 3.94 581.0
2453834.70492 17.008 0.017 5.90 828.0
2453835.71074 17.045 0.015 5.06 838.0
2453835.89679 17.064 0.011 3.42 582.0
2453836.73914 17.065 0.014 4.57 857.0
2453836.90675 17.055 0.012 3.65 683.0
2453837.70566 17.063 0.019 5.93 969.0
2453837.87791 17.041 0.010 3.04 753.0
2453838.71312 17.025 0.019 6.17 1046.0
2453839.71447 16.966 0.017 5.87 1005.0
2453839.90098 17.045 0.016 4.88 1002.0
2453840.72645 17.030 0.014 4.39 998.0
2453840.88524 17.011 0.012 3.41 871.0
2453841.68440 17.069 0.020 6.15 1114.0
2453841.91577 17.075 0.013 3.78 1140.0
2453842.70003 16.963 0.022 4.34 4400.0
2453842.81651 17.043 0.011 3.21 893.0
2453845.69410 17.018 0.023 5.82 2598.0
2453845.87675 17.033 0.024 6.30 1713.0
2453846.67454 16.972 0.014 5.22 768.0
2453847.77131 17.072 0.018 6.10 682.0
2453847.92660 17.133 0.021 5.79 1004.0
2453848.72625 17.053 0.014 4.82 582.0
2453849.68998 17.057 0.014 4.90 618.0
2453849.92486 17.049 0.013 3.89 783.0
2453850.66821 17.045 0.013 4.81 708.0
2453850.84119 17.074 0.014 4.38 671.0
2453850.91274 17.074 0.013 4.25 803.0
2453851.68192 16.981 0.013 5.43 663.0
2453851.84769 17.043 0.015 5.11 654.0
2453852.67319 17.009 0.015 5.27 719.0
2453852.90166 17.073 0.015 4.98 661.0
2453853.66146 17.091 0.016 5.70 704.0
2453853.82909 17.046 0.009 3.01 551.0
2453853.90054 17.044 0.010 3.37 612.0
2453854.70124 17.040 0.013 5.08 596.0
2453855.69542 17.026 0.010 4.01 716.0
2453856.65143 17.051 0.013 4.53 857.0
2453856.81783 17.039 0.012 4.07 720.0
2453857.88766 17.035 0.010 3.56 712.0
2453858.67400 16.968 0.012 5.41 640.0
2453859.76565 17.019 0.014 6.08 544.0
2453860.78672 17.081 0.017 5.75 686.0
2453860.93400 17.033 0.014 4.23 958.0
2453861.64032 17.043 0.016 5.47 819.0
2453861.74726 17.052 0.012 4.31 592.0
2453862.63747 17.008 0.014 4.88 919.0
2453862.83336 17.036 0.010 3.28 678.0
2453862.90941 17.017 0.012 3.79 852.0
2453863.66095 17.056 0.013 4.49 1050.0
2453863.88121 17.051 0.011 3.53 610.0
2453864.63857 17.035 0.015 5.22 803.0
2453864.84146 17.055 0.010 3.13 585.0
2453865.70888 17.039 0.013 4.13 765.0
2453865.85143 17.007 0.011 4.12 677.0
2453865.92149 17.034 0.010 3.42 634.0
2453866.66054 17.027 0.013 4.34 840.0
2453866.80012 17.049 0.011 3.64 653.0
2453866.87006 17.050 0.012 3.94 710.0
2453867.67542 17.006 0.012 3.74 985.0
2453867.86102 17.051 0.012 3.69 919.0
2453867.93444 17.047 0.013 3.45 1185.0
2453868.68335 17.057 0.015 4.08 1184.0
2453868.82736 17.077 0.015 3.95 1071.0
2453868.90719 17.087 0.015 3.97 1124.0
2453869.66025 17.010 0.013 3.69 1302.0
2453869.84262 17.060 0.014 3.46 1323.0
2453872.74472 17.028 0.011 3.03 1082.0
2453873.66643 17.020 0.012 3.93 713.0
2453873.80872 17.043 0.011 3.45 677.0
2453873.88059 17.086 0.014 4.54 757.0
2453874.71828 17.031 0.014 4.74 611.0
2453874.89227 17.057 0.012 3.73 721.0
2453875.67815 17.062 0.011 3.85 545.0
2453875.83386 17.022 0.011 3.72 649.0
2453875.92427 17.061 0.011 3.65 722.0
2453876.59879 16.992 0.012 4.81 640.0
2453877.68285 17.037 0.010 3.49 550.0
2453877.83163 17.086 0.013 4.48 647.0
2453877.90569 17.054 0.015 4.88 810.0
2453879.63883 17.030 0.011 4.81 518.0
2453880.80809 17.046 0.012 3.92 705.0
2453880.88716 17.087 0.013 4.40 706.0
2453881.63358 17.036 0.013 4.31 737.0
2453881.84915 17.037 0.010 3.53 705.0
2453881.89577 17.014 0.011 3.22 794.0
2453882.61855 17.016 0.011 3.88 669.0
2453882.77203 17.039 0.012 4.45 615.0
2453882.84592 17.054 0.012 4.17 697.0
2453882.91469 17.055 0.012 3.94 656.0
2453883.60197 17.050 0.018 6.13 714.0
2453883.80310 17.032 0.012 4.16 597.0
2453886.56511 17.005 0.014 5.37 750.0
2453886.76663 17.059 0.012 3.96 590.0
2453886.84192 17.049 0.012 4.00 600.0
2453886.93984 17.059 0.016 5.26 772.0
2453887.61917 17.031 0.013 4.88 639.0
2453887.74567 17.056 0.012 4.33 557.0
2453887.84977 17.074 0.012 4.29 640.0
2453887.92184 17.114 0.014 4.29 804.0
2453888.92668 17.084 0.015 5.50 661.0
2453889.63320 17.029 0.013 4.77 603.0
2453889.90810 17.038 0.012 3.64 902.0
2453890.67583 17.012 0.010 3.45 634.0
2453891.64258 17.056 0.013 4.40 620.0
2453891.76435 17.058 0.015 5.13 650.0
2453891.84656 17.045 0.012 4.06 667.0
2453892.66149 17.051 0.013 4.37 750.0
2453892.89243 17.029 0.013 4.36 735.0
2453893.57721 17.104 0.018 5.85 834.0
2453893.82076 17.053 0.017 5.75 670.0
2453893.92846 17.083 0.019 6.01 868.0
2453894.63693 17.084 0.016 5.38 605.0
2453894.85277 17.050 0.015 5.23 614.0
2453896.57346 16.987 0.018 5.56 1196.0
2453896.83082 17.036 0.020 5.95 1122.0
2453900.50128 17.039 0.018 5.91 1054.0
2453900.68669 17.030 0.012 3.52 1046.0
2453900.77101 17.078 0.013 3.88 942.0
2453900.83951 17.053 0.013 3.54 994.0
2453901.50363 17.087 0.018 6.00 941.0
2453901.51611 16.988 0.017 6.29 850.0
2453901.69226 17.043 0.012 3.48 769.0
2453901.77001 17.041 0.012 4.02 702.0
2453901.84311 17.055 0.015 4.73 949.0
2453902.52764 16.978 0.015 5.98 751.0
2453902.71415 17.079 0.011 3.63 685.0
2453902.81707 17.047 0.014 4.60 833.0
2453903.62499 17.031 0.010 3.57 606.0
2453903.86482 17.071 0.013 4.16 763.0
2453904.52695 17.047 0.015 5.51 742.0
2453904.68943 17.027 0.009 2.94 601.0
2453904.75890 17.098 0.012 3.57 637.0
2453904.83169 17.064 0.011 3.59 702.0
2453905.51702 17.024 0.014 4.85 858.0
2453905.52381 17.029 0.014 4.78 854.0
2453905.63069 17.060 0.011 3.47 586.0
2453905.70018 17.061 0.012 3.77 652.0
2453905.77045 17.052 0.010 3.10 685.0
2453905.83902 17.054 0.010 3.15 677.0
2453906.53168 17.024 0.016 5.36 873.0
2453906.72458 17.074 0.012 4.18 604.0
2453906.75330 17.080 0.012 3.93 630.0
2453906.79414 17.094 0.013 4.06 674.0
2453906.82055 17.072 0.014 4.30 671.0
2453906.84649 17.044 0.013 4.08 723.0
2453906.86471 17.075 0.015 4.92 749.0
2453906.88627 17.115 0.016 5.04 817.0
2453906.90356 17.074 0.014 4.60 831.0
2453907.51382 17.043 0.019 6.41 763.0
2453907.58872 17.050 0.013 4.63 612.0
2453907.75130 17.089 0.019 6.59 665.0
2453907.83573 17.141 0.016 4.88 756.0
2453908.50397 17.020 0.016 5.08 1084.0
2453908.69001 17.058 0.011 3.34 656.0
2453908.76775 17.076 0.012 3.91 635.0
2453908.85045 17.081 0.013 4.22 661.0
2453909.50359 17.017 0.019 5.81 1181.0
2453909.68202 17.038 0.010 3.15 477.0
2453909.77675 17.050 0.011 4.05 510.0
2453909.85639 17.044 0.013 4.41 690.0
2453910.52132 17.008 0.015 5.17 923.0
2453912.49855 17.044 0.012 4.39 796.0
2453912.68993 17.042 0.009 2.99 489.0
2453912.78128 17.042 0.010 3.54 501.0
2453912.86916 17.054 0.012 4.29 648.0
2453913.49140 17.029 0.011 3.54 716.0
2453913.69330 17.055 0.011 3.81 549.0
2453913.78877 17.078 0.011 3.84 660.0
2453913.87478 17.118 0.015 4.93 692.0
2453914.51740 17.056 0.016 5.48 775.0
2453914.74900 17.082 0.012 4.57 582.0
2453915.49314 17.000 0.014 5.11 878.0
2453915.69745 17.041 0.011 3.99 535.0
2453915.78935 17.028 0.011 4.21 524.0
2453916.53789 17.013 0.016 5.68 751.0
2453916.83375 17.082 0.013 4.66 628.0
2453917.53884 17.055 0.015 5.51 670.0
2453917.78884 17.000 0.016 5.74 696.0
2453918.51613 17.095 0.017 5.58 817.0
2453918.78573 17.098 0.016 5.30 657.0
2453919.49096 17.090 0.016 4.90 1059.0
2453919.72342 17.072 0.010 3.94 554.0
2453920.48072 17.053 0.017 5.63 842.0
2453920.67731 17.039 0.014 5.04 553.0
2453920.75935 17.060 0.011 3.56 593.0
2453921.48072 17.068 0.015 4.35 935.0
2453921.67819 17.084 0.019 5.81 664.0
2453921.76646 17.053 0.017 5.25 681.0
2453922.67268 17.102 0.018 6.20 647.0
2453930.47819 17.035 0.014 4.72 931.0
2453930.73724 17.058 0.017 5.00 1134.0
2453931.46572 17.042 0.018 5.49 1155.0
2453932.49727 17.043 0.015 4.83 830.0
2453932.77258 17.093 0.014 4.29 710.0
2453933.47516 17.083 0.012 3.76 829.0
2453933.66664 17.077 0.010 3.54 524.0
2453933.74362 17.079 0.011 3.45 742.0
2453934.46103 17.065 0.022 4.62 2609.0
2453934.67787 17.064 0.012 4.19 531.0
2453934.74686 17.022 0.012 4.13 654.0
2453935.46519 17.057 0.024 6.52 1386.0
2453935.50412 17.071 0.015 5.16 656.0
2453935.67790 17.110 0.017 5.93 608.0
2453935.75087 17.114 0.015 5.15 567.0
2453936.46435 17.075 0.022 5.19 1670.0
2453936.62965 17.026 0.011 3.55 639.0
2453936.70623 17.044 0.012 3.69 658.0
2453937.47060 17.094 0.018 5.02 1046.0
2453937.74763 17.040 0.015 5.80 614.0
2453938.46898 17.058 0.020 5.92 1055.0
2453938.65682 16.984 0.012 4.98 513.0
2453938.74584 17.025 0.013 4.57 605.0
2453939.53650 17.031 0.011 3.62 666.0
2453940.65474 17.065 0.011 4.00 588.0
2453940.78554 17.074 0.012 4.15 583.0
2453942.52237 17.117 0.015 5.47 634.0
2453944.50165 17.076 0.012 4.21 759.0
2453945.48517 17.052 0.013 4.53 727.0
2453945.68475 17.077 0.011 3.73 591.0
2453945.74059 17.051 0.013 4.62 613.0
2453946.48651 17.037 0.015 5.11 701.0
2453946.67285 17.060 0.012 4.21 577.0
2453946.75025 17.090 0.013 5.01 526.0
2453950.48459 17.066 0.013 4.33 738.0
2453950.69431 17.055 0.011 4.06 570.0
2453951.48441 17.028 0.014 4.46 775.0
2453951.71693 17.017 0.013 4.12 800.0
2453955.50501 17.045 0.022 6.69 1203.0
2453956.51541 17.055 0.020 6.03 1025.0
2453957.47758 17.034 0.012 3.85 931.0
2453959.47302 17.058 0.018 5.77 931.0
2453959.65544 17.024 0.013 4.42 698.0
2453960.47038 17.037 0.016 4.85 1096.0
2453960.64940 17.050 0.010 3.23 604.0
2453960.72153 17.050 0.012 3.82 806.0
2453961.52685 17.055 0.015 4.89 675.0
2453963.50306 17.035 0.013 4.68 639.0
2453963.67465 17.093 0.012 3.86 593.0
2453964.48737 17.040 0.013 4.48 691.0
2453964.69603 17.099 0.013 4.32 587.0
2453965.47636 17.027 0.013 4.26 684.0
2453965.66892 17.076 0.011 3.56 539.0
2453966.50262 17.073 0.014 4.47 730.0
2453966.65934 17.100 0.012 4.14 597.0
2453967.48788 17.021 0.017 5.46 668.0
2453967.68169 17.060 0.012 4.48 496.0
2453968.46820 17.013 0.017 4.35 1718.0
2453968.64004 17.038 0.012 4.01 587.0
2453968.70923 17.112 0.014 4.67 661.0
2453969.49671 17.068 0.016 5.64 618.0
2453969.65049 17.090 0.015 5.06 561.0
2453970.47735 17.031 0.014 4.88 723.0
2453970.65830 17.065 0.013 4.43 538.0
2453971.50014 17.158 0.020 6.07 640.0
2453971.69156 17.069 0.013 4.52 551.0
2453973.54120 17.134 0.017 6.13 547.0
2453974.47706 17.047 0.016 5.35 827.0
2453974.65616 17.064 0.013 4.76 575.0
2453975.47461 17.065 0.020 6.26 914.0
2453975.65124 17.038 0.013 4.66 651.0
2453976.47652 16.995 0.012 3.88 830.0
2453976.64375 17.063 0.016 5.42 711.0
2453979.47100 17.018 0.023 6.18 1679.0
2453982.53567 17.069 0.016 4.82 887.0
2453983.48613 17.083 0.021 6.39 907.0
2453986.54928 17.017 0.016 4.96 809.0
2453987.47730 17.055 0.018 5.95 841.0
2453987.63816 17.065 0.013 4.24 808.0
2453988.47977 17.017 0.012 3.88 703.0
2453990.61132 17.119 0.017 5.82 646.0
2453993.58132 17.060 0.015 5.09 624.0
2453995.53799 17.060 0.012 4.43 631.0
2453996.53645 17.074 0.018 6.19 636.0
2453999.55873 17.065 0.013 3.98 650.0
2454003.50933 17.100 0.014 4.63 701.0
2454004.48458 17.064 0.012 3.45 836.0
2454006.49134 17.188 0.020 5.61 784.0
2454012.53939 17.088 0.017 5.03 842.0
2454016.48686 17.028 0.015 4.56 960.0
2454018.49425 17.182 0.021 5.40 768.0
2454020.50145 17.179 0.021 6.05 682.0
2454023.51034 17.133 0.022 6.11 989.0
2454025.52980 17.063 0.013 4.25 882.0
2454027.53468 17.068 0.016 5.14 831.0
2454030.52648 17.093 0.018 5.49 763.0
2454036.50772 17.093 0.023 6.12 1293.0
2454039.52133 17.063 0.018 5.38 919.0
2454042.51888 17.133 0.022 6.00 1076.0
2454140.87575 17.047 0.021 6.07 1179.0
2454149.86860 17.029 0.015 4.56 800.0
2454153.85494 17.033 0.013 4.01 852.0
2454155.89092 17.038 0.014 3.94 811.0
2454158.85289 17.022 0.013 4.09 842.0
2454161.81967 16.951 0.017 5.25 1121.0
2454162.90220 17.036 0.015 3.97 1220.0
2454164.80937 17.026 0.015 3.93 1177.0
2454165.88974 17.130 0.022 4.71 2007.0
2454167.89376 17.025 0.013 3.76 905.0
2454169.89733 17.066 0.013 3.37 871.0
2454174.89978 17.077 0.014 3.78 777.0
2454176.87327 17.041 0.013 3.58 814.0
2454178.76554 17.028 0.016 5.03 732.0
2454179.82441 17.037 0.013 3.51 762.0
2454180.90373 17.065 0.018 5.80 737.0
2454182.80556 17.051 0.012 3.34 610.0
2454182.90568 17.038 0.011 3.16 686.0
2454183.75055 17.042 0.014 4.34 743.0
2454183.84172 17.039 0.013 4.11 690.0
2454184.75338 17.102 0.017 5.21 726.0
2454184.83752 17.049 0.014 4.39 615.0
2454184.88216 17.056 0.012 3.88 605.0
2454184.91632 17.048 0.014 3.96 952.0
2454185.74994 17.046 0.015 4.75 750.0
2454185.78017 17.035 0.014 4.20 680.0
2454185.81402 17.047 0.013 4.13 628.0
2454185.85510 17.084 0.016 4.87 643.0
2454185.85811 17.055 0.014 4.41 646.0
2454186.90472 17.129 0.020 5.96 678.0
2454187.84643 17.103 0.020 6.63 574.0
2454187.86727 17.088 0.020 6.46 564.0
2454187.87111 17.140 0.021 6.39 568.0
2454187.88133 17.090 0.020 6.33 576.0
2454187.89452 17.114 0.017 5.60 573.0
2454187.90653 17.077 0.018 5.95 586.0
2454187.91987 17.045 0.018 5.03 1003.0
2454189.80123 17.082 0.021 6.34 784.0
2454189.83970 17.051 0.016 5.10 701.0
2454189.87909 17.046 0.015 4.71 689.0
2454189.88515 17.079 0.018 5.56 693.0
2454189.91612 17.061 0.017 4.83 808.0
2454190.73787 17.035 0.015 4.64 952.0
2454190.77277 17.071 0.017 5.14 858.0
2454190.80234 17.009 0.018 5.75 837.0
2454190.83623 17.057 0.015 4.43 808.0
2454190.86797 17.046 0.013 3.95 721.0
2454190.89829 17.073 0.013 4.01 676.0
2454190.91708 17.087 0.015 4.46 768.0
2454191.76707 17.066 0.018 5.20 975.0
2454191.79918 17.048 0.017 4.98 921.0
2454191.84784 17.084 0.020 5.88 865.0
2454191.90249 17.076 0.019 5.61 792.0
2454192.76306 17.059 0.019 5.41 991.0
2454192.81814 17.055 0.017 5.16 865.0
2454193.77872 17.065 0.017 4.71 1055.0
2454194.76249 17.032 0.015 4.65 923.0
2454196.75276 17.014 0.019 5.62 1057.0
2454197.76371 16.972 0.018 4.09 2227.0
2454202.73419 17.046 0.016 5.30 918.0
2454203.72234 17.055 0.012 3.55 699.0
2454203.90675 17.025 0.012 3.08 813.0
2454204.71062 17.033 0.016 5.20 814.0
2454205.71109 17.068 0.016 5.10 673.0
2454207.70056 17.044 0.016 5.11 799.0
2454207.87525 17.037 0.012 3.50 662.0
2454208.72270 17.048 0.014 4.33 711.0
2454209.75539 17.067 0.011 3.85 645.0
2454211.73533 17.128 0.021 6.15 644.0
2454212.89665 17.113 0.021 5.97 682.0
2454212.91382 17.141 0.020 5.59 693.0
2454213.72931 17.046 0.014 4.65 651.0
2454215.71928 17.016 0.015 4.79 747.0
2454216.67661 17.045 0.016 5.05 826.0
2454216.86565 17.041 0.011 4.41 421.0
2454217.68222 17.021 0.012 3.66 830.0
2454218.70643 17.058 0.017 5.26 784.0
2454219.72788 17.062 0.018 5.84 734.0
2454220.66484 17.032 0.020 6.14 957.0
2454221.68219 17.048 0.016 4.83 991.0
2454222.88513 17.041 0.014 3.93 994.0
2454223.66917 17.032 0.016 4.16 1452.0
2454224.75992 17.015 0.016 4.18 1264.0
2454228.65418 17.068 0.019 5.47 1049.0
2454228.88586 17.051 0.018 5.48 1007.0
2454229.64892 17.048 0.019 5.68 877.0
2454229.84602 17.045 0.014 4.21 858.0
2454229.90760 17.062 0.014 3.93 875.0
2454230.65876 17.038 0.013 4.09 743.0
2454230.84674 17.064 0.015 4.77 744.0
2454230.90849 17.092 0.021 6.19 928.0
2454231.64312 17.030 0.013 4.58 774.0
2454231.81856 17.052 0.013 3.75 782.0
2454231.91148 17.074 0.017 5.03 862.0
2454232.72595 17.059 0.016 4.48 964.0
2454232.89297 17.058 0.019 5.68 852.0
2454233.75358 17.067 0.018 5.48 843.0
2454234.68310 17.037 0.016 5.07 819.0
2454234.92315 17.022 0.016 4.96 979.0
2454235.86817 17.037 0.014 4.19 721.0
2454237.66540 17.021 0.015 5.62 731.0
2454238.70690 17.072 0.014 4.09 714.0
2454238.85287 17.041 0.015 4.58 901.0
2454238.91459 17.109 0.016 4.87 1073.0
2454239.59729 17.029 0.021 6.44 936.0
2454240.65432 17.027 0.013 3.99 763.0
2454240.77372 17.054 0.014 3.94 699.0
2454240.91688 17.068 0.017 5.05 840.0
2454243.61686 17.055 0.019 5.67 917.0
2454243.71315 17.032 0.016 5.01 701.0
2454243.80662 17.048 0.015 4.46 753.0
2454243.92442 17.070 0.017 5.02 930.0
2454244.59270 17.030 0.018 5.43 1053.0
2454244.68503 17.064 0.015 4.61 754.0
2454244.78161 17.053 0.013 3.86 767.0
2454245.58538 17.071 0.012 5.37 436.0
2454245.67911 17.038 0.012 3.97 584.0
2454245.77228 17.034 0.012 3.71 571.0
2454246.64412 17.068 0.015 4.86 719.0
2454246.73714 17.039 0.015 4.90 744.0
2454246.83041 17.076 0.015 4.43 816.0
2454247.62710 17.004 0.015 4.51 917.0
2454247.78018 17.044 0.013 4.29 738.0
2454250.70744 17.040 0.016 4.43 1051.0
2454251.77901 17.063 0.021 4.86 1772.0
2454256.59421 17.072 0.021 5.99 1083.0
2454256.74072 17.107 0.022 6.23 911.0
2454256.83891 17.079 0.021 5.89 1028.0
2454257.62614 17.073 0.019 5.75 833.0
2454258.61024 17.078 0.019 6.19 736.0
2454258.73291 17.079 0.016 4.76 753.0
2454258.82817 17.053 0.017 5.14 869.0
2454267.56960 17.065 0.019 5.94 800.0
2454268.75766 17.041 0.013 4.22 755.0
2454268.87803 17.070 0.018 5.38 911.0
2454269.55256 17.068 0.016 4.71 861.0
2454269.67363 17.065 0.013 4.42 600.0
2454269.76437 17.056 0.014 4.99 666.0
2454270.54808 17.055 0.016 4.63 1020.0
2454272.61653 17.051 0.014 4.18 783.0
2454272.76568 17.054 0.015 4.44 774.0
2454272.83718 17.085 0.015 4.41 922.0
2454273.59349 17.049 0.021 6.29 1001.0
2454273.77437 17.072 0.015 3.93 977.0
2454273.83415 17.090 0.019 5.05 1042.0
2454274.58597 17.049 0.018 4.84 1104.0
2454274.74057 17.040 0.016 4.43 857.0
2454274.79966 17.077 0.016 4.62 890.0
2454275.57868 17.038 0.016 4.83 1018.0
2454275.75415 17.062 0.017 4.86 952.0
2454275.81261 17.084 0.018 4.76 1074.0
2454275.87374 17.104 0.022 5.61 1264.0
2454276.55668 17.121 0.022 6.25 990.0
2454277.50731 17.077 0.020 5.12 1324.0
2454277.68251 17.045 0.014 4.18 792.0
2454277.74297 17.053 0.017 5.21 812.0
2454277.80160 17.067 0.019 5.47 948.0
2454278.54111 17.097 0.021 5.33 1213.0
2454278.72836 17.109 0.024 6.40 864.0
2454278.80134 17.115 0.024 6.22 1121.0
2454283.48679 17.053 0.018 4.18 1469.0
2454283.68769 16.989 0.023 4.28 3870.0
2454283.69344 17.041 0.015 3.61 1198.0
2454284.48184 17.070 0.020 5.49 1138.0
2454284.71229 17.081 0.015 4.05 957.0
2454284.77451 17.081 0.015 3.83 1051.0
2454284.83959 17.086 0.019 4.62 1404.0
2454285.48033 17.052 0.020 5.15 1297.0
2454285.67218 17.075 0.016 4.21 955.0
2454285.73690 17.043 0.016 4.84 770.0
2454285.80243 17.119 0.018 4.84 843.0
2454286.48061 17.107 0.024 6.25 1371.0
2454286.76384 17.022 0.016 4.53 1538.0
2454286.77020 17.035 0.015 4.12 1506.0
2454286.85138 17.023 0.020 5.01 1945.0
2454289.48115 17.114 0.022 6.05 1065.0
2454289.50797 17.067 0.019 5.82 876.0
2454289.53237 17.063 0.017 4.54 924.0
2454289.55400 17.082 0.019 5.40 858.0
2454289.58776 17.142 0.019 5.31 807.0
2454289.63610 17.129 0.021 6.01 749.0
2454289.67454 17.098 0.020 5.58 888.0
2454289.70697 17.069 0.018 5.33 806.0
2454289.72651 17.069 0.016 4.63 848.0
2454289.75138 17.090 0.019 5.50 772.0
2454289.77272 17.056 0.015 4.45 817.0
2454289.79172 17.119 0.016 4.50 837.0
2454289.81611 17.093 0.020 5.78 863.0
2454289.83955 17.065 0.017 5.04 858.0
2454290.53819 17.119 0.019 5.73 724.0
2454290.57845 17.073 0.019 6.02 668.0
2454290.75404 17.109 0.020 5.97 649.0
2454291.57188 17.065 0.020 6.13 772.0
2454291.64112 17.079 0.013 3.73 651.0
2454291.76354 17.081 0.017 5.29 711.0
2454292.46684 17.041 0.019 5.08 1289.0
2454292.64494 17.038 0.012 3.49 663.0
2454292.70459 17.067 0.013 3.65 703.0
2454292.76330 17.017 0.011 3.18 697.0
2454292.82647 17.079 0.016 4.57 887.0
2454293.46716 17.071 0.017 4.34 1128.0
2454293.67309 17.031 0.013 3.83 644.0
2454293.73186 17.035 0.013 3.82 628.0
2454293.80950 17.078 0.015 4.62 711.0
2454294.46646 17.066 0.020 5.24 1234.0
2454295.46296 17.053 0.024 5.69 1813.0
2454295.67151 17.066 0.013 4.35 523.0
2454295.73018 17.064 0.012 3.91 537.0
2454295.80720 17.059 0.015 5.54 636.0
2454296.46928 17.123 0.020 4.72 967.0
2454296.65671 17.032 0.012 3.83 532.0
2454296.74359 17.041 0.013 4.31 594.0
2454297.46448 17.111 0.022 5.72 1113.0
2454297.69193 17.072 0.014 4.63 578.0
2454297.75364 17.076 0.013 4.99 591.0
2454298.52478 17.033 0.013 4.13 639.0
2454298.63009 17.033 0.014 4.65 556.0
2454298.72411 17.075 0.015 4.94 597.0
2454299.50760 17.030 0.015 4.53 737.0
2454299.60095 17.058 0.013 4.45 590.0
2454299.69318 17.068 0.015 5.03 549.0
2454299.78335 17.067 0.015 5.27 610.0
2454300.49862 17.036 0.015 4.29 746.0
2454300.62291 17.060 0.012 3.67 545.0
2454300.71932 17.105 0.015 4.37 577.0
2454301.49354 17.065 0.014 3.88 902.0
2454301.58583 17.041 0.012 3.59 716.0
2454301.68250 17.046 0.013 4.67 619.0
2454301.78102 17.047 0.013 4.37 636.0
2454302.54637 17.087 0.016 4.67 889.0
2454302.66121 17.055 0.017 5.29 645.0
2454303.64038 17.103 0.018 5.40 602.0
2454304.52732 17.113 0.021 5.56 1200.0
2454304.63672 17.034 0.015 4.23 928.0
2454305.65251 17.114 0.019 5.84 678.0
2454306.51256 17.095 0.023 6.34 1049.0
2454306.65209 17.070 0.015 4.45 815.0
2454307.75266 17.057 0.016 4.12 1325.0
2454310.75849 17.078 0.019 4.02 2070.0
2454311.72810 17.106 0.021 5.25 1346.0
2454312.49792 17.097 0.019 4.62 1247.0
2454312.69312 17.146 0.019 4.88 925.0
2454312.79070 17.064 0.017 5.15 1054.0
2454314.49148 17.148 0.014 5.43 559.0
2454315.53207 17.073 0.015 4.36 729.0
2454316.56094 17.014 0.012 3.84 628.0
2454317.48334 17.042 0.014 4.31 754.0
2454317.68232 17.050 0.013 4.75 653.0
2454319.49239 17.050 0.018 5.58 811.0
2454319.74686 17.038 0.018 5.62 830.0
2454320.50790 17.066 0.016 5.05 678.0
2454326.47095 17.030 0.018 5.21 1334.0
2454327.56358 17.065 0.018 5.64 699.0
2454328.49085 17.016 0.014 4.01 932.0
2454328.66780 17.093 0.017 5.10 710.0
2454329.50182 17.063 0.016 5.08 737.0
2454329.64963 17.113 0.017 4.50 677.0
2454329.70845 17.137 0.019 5.43 730.0
2454330.51358 17.042 0.013 4.09 674.0
2454330.66456 17.072 0.015 4.35 648.0
2454331.49378 17.033 0.016 4.84 765.0
2454331.66028 17.056 0.016 5.13 611.0
2454332.47148 17.049 0.017 3.92 1551.0
2454333.50256 17.111 0.018 5.20 880.0
2454333.66363 17.050 0.014 4.06 718.0
2454334.47580 17.071 0.029 5.69 3106.0
2454334.57337 16.998 0.022 4.17 3721.0
2454338.47426 17.072 0.018 4.00 1676.0
2454339.49544 17.053 0.016 4.27 1182.0
2454339.66652 17.068 0.017 4.94 1090.0
2454340.56403 17.060 0.020 5.39 1070.0
2454341.47634 17.095 0.023 5.68 1275.0
2454342.47236 17.165 0.031 6.36 2019.0
2454342.50517 17.050 0.015 4.58 735.0
2454343.47373 17.050 0.016 3.63 1849.0
2454343.68146 17.095 0.018 5.20 872.0
2454344.51239 17.105 0.021 5.76 866.0
2454345.47777 17.068 0.018 4.61 1118.0
2454346.48640 17.074 0.017 4.93 899.0
2454347.50521 17.155 0.021 5.99 721.0
2454348.47904 17.082 0.017 4.64 976.0
2454349.67176 17.089 0.016 5.18 746.0
2454350.50081 17.109 0.017 4.61 819.0
2454351.47573 17.074 0.019 4.63 1328.0
2454352.48686 17.117 0.020 5.67 831.0
2454353.48341 17.062 0.014 4.04 913.0
2454354.51218 17.036 0.013 4.12 824.0
2454355.50276 17.077 0.014 4.50 937.0
2454356.48026 17.065 0.014 3.86 967.0
2454357.56347 17.112 0.023 6.62 774.0
2454358.52069 17.077 0.020 5.90 793.0
2454359.48072 17.039 0.016 4.80 1039.0
2454361.54256 17.135 0.023 5.93 922.0
2454362.47792 17.026 0.019 4.28 2216.0
2454365.52535 17.044 0.020 5.64 1090.0
2454367.51068 17.069 0.016 4.65 1076.0
2454368.54684 17.056 0.018 4.88 1036.0
2454369.48512 17.066 0.021 5.76 1254.0
2454370.53135 17.048 0.013 3.50 1007.0
2454371.50608 17.071 0.015 4.47 891.0
2454372.48186 17.050 0.016 3.82 1537.0
2454373.55719 17.087 0.018 4.84 951.0
2454375.50767 17.061 0.021 6.09 1029.0
2454377.58132 17.047 0.020 6.26 867.0
2454378.49138 17.068 0.015 4.49 829.0
2454379.50676 17.067 0.024 6.62 891.0
2454380.51826 17.053 0.015 4.17 838.0
2454381.49624 17.101 0.024 6.27 996.0
2454382.58475 17.076 0.019 5.27 958.0
2454383.50977 17.075 0.016 4.82 841.0
2454384.54672 17.067 0.019 5.51 817.0
2454387.52846 17.063 0.018 5.21 901.0
2454393.50404 17.037 0.014 4.11 1042.0
2454394.56149 17.080 0.019 4.96 1180.0
2454395.53290 17.110 0.021 5.40 1081.0
2454396.54540 17.083 0.024 5.73 1434.0
2454397.50422 17.081 0.019 4.75 1276.0
2454398.51188 17.104 0.018 4.35 1251.0
2454399.54750 17.104 0.019 4.82 1317.0
2454400.50683 17.103 0.020 5.03 1358.0
2454402.52147 17.077 0.020 5.28 1138.0
2454403.52242 17.078 0.021 5.50 1061.0
2454409.53989 17.082 0.023 5.14 1499.0
2454411.52740 17.042 0.022 6.10 1257.0
2454505.88583 17.037 0.015 3.76 1370.0
2454509.85811 17.031 0.012 5.14 606.0
2454513.83438 17.064 0.014 4.84 958.0
2454517.82843 17.102 0.023 6.17 1460.0
2454519.81441 17.019 0.021 6.56 1176.0
2454522.84324 17.045 0.021 6.28 1030.0
2454524.82690 17.010 0.016 4.81 1160.0
2454525.88705 17.055 0.018 3.36 2471.0
2454530.78907 17.031 0.012 3.82 850.0
2454532.90778 17.012 0.019 5.25 1336.0
2454533.81783 17.039 0.014 4.88 657.0
2454535.87281 16.997 0.016 5.72 747.0
2454537.77242 17.053 0.016 5.35 746.0
2454538.86639 17.075 0.015 4.59 764.0
2454539.82756 17.018 0.012 3.74 691.0
2454540.83746 17.068 0.012 3.56 727.0
2454541.76652 17.028 0.013 4.53 703.0
2454542.76108 17.005 0.017 5.63 950.0
2454543.75668 17.009 0.015 5.07 887.0
2454544.75354 17.078 0.018 5.42 1052.0
2454545.74022 17.062 0.021 6.15 1149.0
2454546.74690 17.056 0.018 5.23 1158.0
2454547.76105 17.035 0.015 4.19 1131.0
2454548.81394 17.041 0.014 4.14 937.0
2454550.78617 17.040 0.015 4.72 891.0
2454551.73252 17.027 0.015 4.20 1125.0
2454552.77611 17.086 0.028 5.70 3003.0
2454556.72802 17.031 0.014 4.97 659.0
2454556.91824 17.085 0.014 4.01 935.0
2454557.74638 17.050 0.016 5.60 649.0
2454558.76659 17.027 0.012 3.91 643.0
2454559.71945 17.081 0.013 4.37 601.0
2454559.90842 17.059 0.013 4.29 651.0
2454560.71574 17.068 0.016 5.85 596.0
2454560.90849 17.050 0.011 3.46 625.0
2454561.71223 17.071 0.014 4.38 744.0
2454561.89780 17.037 0.011 3.35 619.0
2454564.70245 17.033 0.014 5.03 652.0
2454564.90272 17.041 0.012 3.62 612.0
2454565.70059 17.037 0.011 3.61 655.0
2454565.89119 17.029 0.010 3.00 624.0
2454566.69993 17.022 0.013 4.53 668.0
2454566.89245 17.059 0.011 3.45 648.0
2454567.69210 17.082 0.017 5.33 818.0
2454567.89886 17.061 0.012 3.53 716.0
2454568.69766 17.066 0.016 5.27 671.0
2454569.70732 17.075 0.017 5.82 710.0
2454569.91688 17.061 0.013 3.85 730.0
2454570.69525 17.060 0.015 5.07 786.0
2454570.92529 17.055 0.015 3.87 1136.0
2454571.68638 17.046 0.019 6.29 859.0
2454571.88437 17.077 0.012 3.61 632.0
2454572.69820 17.113 0.021 6.50 851.0
2454573.71203 17.029 0.015 4.86 893.0
2454573.92049 17.064 0.012 3.77 699.0
2454574.71444 17.075 0.016 4.37 946.0
2454575.71986 17.037 0.014 3.57 991.0
2454576.72755 17.014 0.014 3.82 1205.0
2454577.80900 17.028 0.013 3.46 877.0
2454578.76276 17.013 0.016 4.96 961.0
2454579.83948 17.027 0.014 3.99 1037.0
2454583.70647 17.062 0.016 5.01 903.0
2454583.88723 17.064 0.014 4.30 707.0
2454585.72696 17.082 0.017 5.60 739.0
2454586.73488 17.067 0.018 6.23 695.0
2454587.73806 17.065 0.018 6.07 691.0
2454587.90156 17.059 0.017 5.49 789.0
2454588.70831 17.108 0.017 5.75 716.0
2454589.69059 17.037 0.015 5.06 728.0
2454589.84592 17.082 0.016 4.96 696.0
2454589.90795 17.061 0.017 5.37 756.0
2454590.66797 17.053 0.014 4.25 838.0
2454590.87367 17.080 0.014 4.10 772.0
2454591.67982 17.053 0.014 4.32 911.0
2454591.85183 17.035 0.013 3.85 805.0
2454591.91393 17.063 0.015 4.22 948.0
2454592.63825 17.018 0.015 5.00 969.0
2454592.82748 17.064 0.016 4.25 1017.0
2454592.89088 17.064 0.014 3.48 1079.0
2454593.62756 17.078 0.016 4.88 925.0
2454593.83709 17.067 0.013 3.62 765.0
2454593.89915 17.034 0.013 3.75 890.0
2454594.64863 17.034 0.018 5.85 854.0
2454594.84335 17.063 0.014 4.39 763.0
2454594.90551 17.031 0.014 4.17 818.0
2454595.63178 17.189 0.024 6.41 873.0
2454595.83225 17.047 0.014 4.50 672.0
2454595.89433 17.078 0.016 5.07 719.0
2454596.62738 17.006 0.014 4.71 822.0
2454596.90705 17.065 0.015 4.66 717.0
2454597.65786 17.055 0.015 5.13 648.0
2454597.84918 17.064 0.013 3.63 815.0
2454597.92025 17.073 0.016 4.83 886.0
2454598.62762 17.051 0.011 3.67 624.0
2454598.87247 17.067 0.012 3.48 658.0
2454599.60644 17.070 0.017 5.01 974.0
2454599.81050 17.055 0.012 3.79 651.0
2454600.61560 17.037 0.013 4.37 697.0
2454600.82917 17.042 0.012 3.61 689.0
2454600.92224 17.083 0.014 3.93 994.0
2454601.62121 17.030 0.013 3.91 931.0
2454601.83760 17.042 0.012 3.54 576.0
2454601.89949 17.070 0.013 4.37 637.0
2454601.94199 17.077 0.021 4.46 2271.0
2454602.60863 17.057 0.014 4.20 886.0
2454602.81932 17.048 0.011 3.11 945.0
2454602.92805 17.093 0.015 4.90 809.0
2454603.74126 17.024 0.013 4.13 741.0
2454606.60901 17.042 0.016 4.29 1438.0
2454610.70991 17.031 0.020 4.06 3342.0
2454610.91729 17.086 0.021 4.48 2628.0
2454611.60081 16.992 0.019 5.73 995.0
2454611.83370 17.053 0.012 3.40 896.0
2454612.62218 17.096 0.017 5.38 912.0
2454615.76387 17.113 0.016 5.24 724.0
2454616.57292 17.095 0.020 6.09 840.0
2454616.78939 17.063 0.013 4.29 584.0
2454616.85914 17.053 0.015 4.80 710.0
2454617.63324 17.035 0.013 4.34 690.0
2454618.58442 17.059 0.016 5.38 753.0
2454620.63788 17.001 0.019 6.29 820.0
2454621.67047 17.018 0.011 3.71 632.0
2454622.76618 17.063 0.014 4.31 714.0
2454622.88442 17.107 0.016 4.79 885.0
2454623.59780 17.050 0.017 5.55 738.0
2454623.83816 17.068 0.017 5.23 826.0
2454623.90907 17.107 0.022 6.29 1013.0
2454624.54992 17.054 0.020 6.07 982.0
2454624.78181 17.066 0.015 4.68 694.0
2454624.84840 17.075 0.014 4.45 689.0
2454624.91741 17.108 0.018 5.44 882.0
2454625.57610 17.084 0.018 5.95 751.0
2454625.76425 17.072 0.016 4.74 759.0
2454625.85812 17.083 0.017 5.09 774.0
2454626.55995 17.109 0.020 6.58 728.0
2454626.82647 17.081 0.014 4.66 652.0
2454627.53147 17.034 0.014 4.53 902.0
2454627.79998 17.066 0.011 3.66 541.0
2454627.88663 17.085 0.013 4.43 591.0
2454628.56475 17.042 0.014 4.43 777.0
2454628.72854 17.039 0.012 3.99 638.0
2454628.79412 17.063 0.015 4.68 653.0
2454628.85607 17.065 0.014 4.67 616.0
2454629.57623 17.073 0.017 5.71 737.0
2454629.79765 17.079 0.015 4.35 754.0
2454629.87997 17.062 0.013 4.12 758.0
2454630.53144 17.083 0.017 5.13 923.0
2454630.74150 17.031 0.012 3.45 701.0
2454630.81958 17.064 0.014 4.44 700.0
2454630.88770 17.088 0.014 4.21 836.0
2454631.75278 17.056 0.013 4.33 680.0
2454631.83054 17.049 0.013 4.10 715.0
2454631.90550 17.031 0.018 5.43 1168.0
2454632.53428 17.046 0.018 5.23 1162.0
2454632.79716 17.053 0.013 3.66 818.0
2454633.54029 17.060 0.014 3.91 1101.0
2454633.64217 17.079 0.014 3.80 866.0
2454633.76380 17.057 0.019 3.88 2248.0
2454638.72583 17.077 0.017 4.98 837.0
2454638.82353 17.083 0.016 4.50 1019.0
2454639.53849 17.032 0.015 4.47 1106.0
2454639.64471 17.030 0.013 3.55 919.0
2454639.82407 17.067 0.017 4.45 1233.0
2454640.56462 17.052 0.013 4.11 681.0
2454640.69552 17.062 0.014 4.42 699.0
2454640.80282 17.124 0.021 6.24 772.0
2454641.58747 17.035 0.013 4.29 682.0
2454641.74305 17.051 0.015 4.85 718.0
2454642.56321 17.066 0.016 5.05 764.0
2454642.72371 17.078 0.014 4.31 613.0
2454642.80164 17.079 0.015 4.54 738.0
2454642.87312 17.088 0.019 5.29 1217.0
2454643.51634 17.061 0.017 5.40 993.0
2454643.84924 17.092 0.018 5.82 736.0
2454644.63582 17.077 0.016 5.41 664.0
2454644.81508 17.052 0.013 4.15 702.0
2454645.49001 17.018 0.015 4.33 1161.0
2454645.74069 17.058 0.015 4.33 671.0
2454645.81654 17.076 0.015 4.85 799.0
2454645.88127 17.062 0.018 5.15 1094.0
2454646.49186 17.053 0.014 3.72 1013.0
2454647.48636 17.090 0.019 4.66 1374.0
2454647.71117 17.120 0.017 4.77 765.0
2454647.80457 17.107 0.017 5.23 877.0
2454648.51471 17.065 0.015 4.11 887.0
2454648.60421 17.071 0.014 4.09 736.0
2454648.68036 17.060 0.013 4.05 662.0
2454648.83214 17.056 0.017 5.45 814.0
2454649.49489 17.082 0.016 4.41 961.0
2454649.70535 17.078 0.014 4.24 670.0
2454649.81987 17.101 0.018 5.48 769.0
2454650.52636 17.058 0.017 4.72 1002.0
2454650.74387 17.057 0.013 4.05 619.0
2454650.82882 17.119 0.017 5.35 773.0
2454651.48661 17.045 0.016 4.39 1151.0
2454651.73370 17.081 0.021 6.43 718.0
2454652.47817 17.063 0.018 5.04 1130.0
2454652.68077 17.060 0.014 4.36 707.0
2454652.76232 17.069 0.014 4.51 661.0
2454652.81592 17.079 0.017 5.42 778.0
2454653.47464 17.088 0.020 5.81 1120.0
2454653.69372 17.070 0.014 4.17 759.0
2454653.75898 17.037 0.016 5.09 763.0
2454654.50991 17.056 0.018 6.08 813.0
2454654.70773 17.044 0.014 4.24 766.0
2454654.78989 17.089 0.016 5.10 847.0
2454655.47447 17.052 0.018 5.14 1183.0
2454655.69883 17.038 0.012 3.77 569.0
2454655.76071 17.070 0.013 3.86 663.0
2454656.47637 17.060 0.014 3.93 939.0
2454656.66624 17.071 0.015 4.08 847.0
2454656.78183 17.067 0.014 3.89 1007.0
2454657.55095 17.055 0.016 4.97 868.0
2454658.63474 17.094 0.015 4.76 687.0
2454659.53192 17.132 0.021 6.35 811.0
2454660.52419 17.082 0.018 5.48 945.0
2454661.46456 17.028 0.018 4.26 1937.0
2454661.66210 17.098 0.018 3.87 2009.0
2454661.72669 17.051 0.015 4.25 1101.0
2454661.79376 17.078 0.016 4.48 1061.0
2454665.63154 17.063 0.017 4.03 1649.0
2454665.75683 17.091 0.020 4.66 1876.0
2454666.47603 17.058 0.020 5.47 1358.0
2454666.66063 17.035 0.016 4.76 982.0
2454666.76450 17.088 0.023 6.18 1106.0
2454666.79026 17.130 0.023 5.85 1165.0
2454667.52249 17.087 0.022 6.40 983.0
2454669.58614 17.092 0.018 5.78 787.0
2454670.54639 17.109 0.018 6.03 669.0
2454670.62214 17.088 0.017 5.52 677.0
2454671.54307 17.084 0.015 5.00 614.0
2454671.75000 17.068 0.015 4.77 683.0
2454672.47778 17.075 0.014 4.23 906.0
2454672.74133 17.093 0.017 5.30 802.0
2454672.78025 17.086 0.016 4.82 827.0
2454674.48225 17.131 0.021 6.33 744.0
2454677.46281 17.115 0.030 5.12 3460.0
2454677.60922 17.095 0.014 4.40 573.0
2454677.69299 17.094 0.014 4.63 645.0
2454678.65991 17.064 0.013 3.79 582.0
2454679.55556 17.105 0.018 5.84 657.0
2454681.50426 17.088 0.015 4.74 714.0
2454681.60432 17.063 0.015 5.00 595.0
2454682.47528 17.078 0.014 3.88 881.0
2454682.55120 17.030 0.013 4.49 700.0
2454682.72787 17.073 0.013 4.08 679.0
2454683.47182 17.112 0.021 5.74 1214.0
2454683.68068 17.111 0.016 5.05 623.0
2454683.74391 17.058 0.015 4.97 613.0
2454684.47750 17.093 0.018 5.49 942.0
2454684.74225 17.087 0.014 4.50 657.0
2454685.51965 17.065 0.015 4.26 877.0
2454686.47490 17.040 0.015 4.28 919.0
2454687.50089 17.051 0.014 4.08 755.0
2454687.71430 17.108 0.019 5.82 888.0
2454688.47147 17.060 0.021 5.09 1407.0
2454688.66148 17.090 0.014 4.08 689.0
2454688.72321 17.053 0.015 4.86 746.0
2454693.53566 17.023 0.013 3.71 997.0
2454694.51443 17.109 0.021 5.86 957.0
2454697.47142 17.043 0.018 4.89 1247.0
2454697.69661 17.078 0.020 6.21 850.0
2454698.47566 17.055 0.014 4.21 791.0
2454699.47457 17.036 0.017 5.18 976.0
2454700.48288 17.079 0.015 4.48 744.0
2454701.47819 17.033 0.017 4.94 896.0
2454701.66701 17.111 0.016 5.49 565.0
2454702.47658 17.096 0.018 5.40 916.0
2454703.47813 17.054 0.013 3.82 832.0
2454704.56165 17.077 0.014 3.83 796.0
2454705.48044 17.156 0.020 5.70 852.0
2454707.58139 17.053 0.014 4.50 665.0
2454708.51319 17.071 0.014 4.24 753.0
2454709.48919 17.088 0.019 5.95 821.0
2454710.51344 17.145 0.015 4.75 768.0
2454711.49838 17.076 0.018 5.66 768.0
2454715.56165 17.108 0.018 5.78 763.0
2454716.47660 17.009 0.017 4.27 1614.0
2454720.50224 17.125 0.025 4.49 2717.0
2454721.50315 17.046 0.021 6.00 1049.0
2454722.61538 17.122 0.018 5.05 988.0
2454724.48223 17.113 0.021 5.58 1090.0
2454725.55609 17.071 0.018 5.20 1065.0
2454726.52067 17.112 0.021 5.83 836.0
2454728.56515 17.104 0.019 5.50 740.0
2454729.50568 17.078 0.017 5.37 689.0
2454731.52859 17.083 0.018 5.53 734.0
2454733.48018 17.070 0.019 4.55 1460.0
2454734.49596 17.088 0.018 5.25 762.0
2454737.51484 17.090 0.016 5.20 683.0
2454738.55469 17.144 0.019 5.83 691.0
2454739.55860 17.077 0.020 6.17 843.0
2454740.52690 17.157 0.020 5.95 727.0
2454741.49964 17.087 0.018 5.48 748.0
2454743.50808 17.159 0.022 6.05 756.0
2454750.57479 17.122 0.020 5.19 1139.0
2454756.49060 17.124 0.023 5.59 1340.0
2454765.49232 17.044 0.022 5.61 1790.0
2454866.88420 16.926 0.022 6.01 1930.0
2454867.86783 16.933 0.014 4.83 1018.0
2454870.86754 16.894 0.013 4.51 1098.0
2454872.87919 16.843 0.019 6.25 1260.0
2454876.84061 16.834 0.015 5.82 909.0
2454883.84218 16.762 0.012 5.25 681.0
2454884.82289 16.675 0.011 4.64 945.0
2454886.87434 16.638 0.010 4.29 756.0
2454890.85655 16.516 0.008 3.73 662.0
2454896.84421 16.354 0.008 4.48 633.0
2454899.81564 16.210 0.007 3.72 948.0
2454900.79536 16.167 0.007 3.92 1101.0
2454901.85551 16.105 0.007 4.14 873.0
2454902.85389 16.055 0.006 3.47 820.0
2454904.77827 15.932 0.006 4.09 913.0
2454905.88210 15.924 0.008 5.33 898.0
2454910.78413 15.556 0.005 3.83 1328.0
2454911.75478 15.524 0.004 4.11 578.0
2454912.75161 15.481 0.004 3.81 617.0
2454914.75456 15.488 0.005 5.49 566.0
2454918.75146 15.642 0.005 3.80 616.0
2454924.71408 16.004 0.006 4.21 705.0
2454925.76338 16.045 0.006 3.41 677.0
2454925.87946 16.060 0.006 3.32 656.0
2454926.72720 16.078 0.007 4.79 923.0
2454927.79879 16.197 0.007 4.13 735.0
2454928.70289 16.245 0.010 6.12 923.0
2454929.70835 16.269 0.010 5.64 1048.0
2454929.84769 16.267 0.007 3.88 790.0
2454930.76631 16.284 0.008 4.27 1028.0
2454931.68829 16.357 0.012 5.99 1324.0
2454931.81065 16.357 0.008 3.62 915.0
2454932.76587 16.364 0.008 3.46 909.0
2454933.68598 16.419 0.011 5.50 1298.0
2454933.81419 16.409 0.009 4.34 910.0
2454934.78959 16.422 0.009 3.78 1519.0
2454938.69409 16.560 0.009 3.89 936.0
2454938.79354 16.580 0.010 4.41 766.0
2454939.71310 16.652 0.012 5.02 736.0
2454939.81460 16.606 0.011 4.93 703.0
2454940.71720 16.612 0.009 4.26 655.0
2454941.69187 16.689 0.010 4.45 726.0
2454941.81893 16.704 0.011 5.06 662.0
2454942.67137 16.683 0.011 4.44 769.0
2454942.84428 16.678 0.009 4.13 603.0
2454943.68374 16.678 0.009 4.33 628.0
2454943.74978 16.667 0.009 3.67 593.0
2454944.68911 16.717 0.010 3.99 693.0
2454944.76427 16.703 0.010 4.04 656.0
2454945.68586 16.729 0.010 4.24 753.0
2454945.81733 16.733 0.009 3.54 651.0
2454946.74327 16.750 0.011 4.49 630.0
2454947.69777 16.762 0.009 3.39 604.0
2454948.85316 16.751 0.009 3.70 572.0
2454949.64693 16.793 0.011 4.82 830.0
2454950.68474 16.800 0.010 3.76 644.0
2454951.67526 16.789 0.012 4.74 751.0
2454952.79407 16.828 0.010 4.17 591.0
2454953.65290 16.831 0.011 3.74 778.0
2454953.75862 16.847 0.012 4.21 681.0
2454954.67300 16.825 0.011 4.31 673.0
2454954.77097 16.843 0.011 4.00 602.0
2454955.67367 16.848 0.012 4.57 760.0
