2452125.53977 15.759 0.008 5.60 1451.0
2452129.62312 15.778 0.005 3.72 807.0
2452132.56739 15.772 0.006 4.43 794.0
2452135.70504 15.771 0.005 4.19 878.0
2452140.66302 15.785 0.006 5.56 721.0
2452144.54739 15.778 0.006 4.62 901.0
2452160.53646 15.769 0.007 5.78 865.0
2452168.60389 15.767 0.006 5.45 782.0
2452175.57580 15.735 0.007 5.15 2943.0
2452187.51327 15.776 0.006 5.44 977.0
2452206.50895 15.781 0.008 6.50 1408.0
2452331.84956 15.775 0.006 3.82 1199.0
2452346.89588 15.777 0.006 4.09 811.0
2452358.81957 15.776 0.006 4.20 810.0
2452365.91969 15.783 0.007 4.01 1614.0
2452382.90586 15.779 0.006 4.06 861.0
2452386.84916 15.777 0.006 5.06 845.0
2452390.79230 15.772 0.006 4.44 1048.0
2452397.75433 15.757 0.005 3.64 890.0
2452401.77911 15.782 0.006 4.07 778.0
2452403.83515 15.766 0.005 3.45 784.0
2452405.80360 15.778 0.006 4.61 736.0
2452414.78053 15.772 0.006 4.22 761.0
2452416.75488 15.773 0.006 4.56 814.0
2452424.84660 15.788 0.007 5.70 1021.0
2452428.74891 15.783 0.005 4.45 800.0
2452432.79208 15.785 0.007 6.51 856.0
2452434.65988 15.791 0.006 4.10 739.0
2452436.70550 15.769 0.005 3.61 743.0
2452438.68382 15.779 0.006 4.60 659.0
2452440.78805 15.780 0.006 4.34 720.0
2452443.69061 15.790 0.006 4.37 694.0
2452445.57171 15.787 0.006 4.57 955.0
2452448.54505 15.784 0.009 4.49 4260.0
2452453.80721 15.781 0.006 4.41 989.0
2452459.49855 15.813 0.006 6.43 761.0
2452463.47967 15.771 0.007 5.98 1084.0
2452464.70977 15.782 0.005 3.61 666.0
2452467.61274 15.777 0.006 5.85 699.0
2452469.62714 15.774 0.005 3.53 561.0
2452471.63895 15.779 0.005 3.66 687.0
2452473.60003 15.762 0.006 4.73 743.0
2452483.66888 15.778 0.006 4.67 819.0
2452486.65225 15.784 0.007 6.39 658.0
2452490.61884 15.778 0.007 6.32 682.0
2452493.57862 15.776 0.006 4.23 786.0
2452495.65268 15.761 0.005 3.72 753.0
2452497.70856 15.771 0.006 4.17 950.0
2452499.75545 15.779 0.006 4.46 981.0
2452502.49907 15.775 0.006 4.22 963.0
2452508.59395 15.771 0.006 4.11 994.0
2452512.55029 15.768 0.006 4.50 1021.0
2452517.65101 15.786 0.006 4.35 783.0
2452520.50975 15.787 0.006 5.14 859.0
2452526.60325 15.766 0.005 3.68 703.0
2452537.58592 15.782 0.007 6.48 1050.0
2452541.58404 15.783 0.006 4.39 1088.0
2452547.52212 15.773 0.007 5.16 1119.0
2452551.55830 15.785 0.007 6.22 857.0
2452556.51306 15.782 0.006 4.80 1010.0
2452563.54655 15.781 0.006 4.25 1078.0
2452574.52585 15.783 0.007 4.91 1509.0
2452705.88942 15.788 0.005 4.82 686.0
2452706.85529 15.776 0.006 5.22 777.0
2452714.83961 15.778 0.005 4.31 802.0
2452728.86949 15.773 0.006 5.73 807.0
2452733.85237 15.778 0.006 4.50 977.0
2452752.89856 15.773 0.006 4.58 997.0
2452756.86960 15.781 0.006 4.38 849.0
2452760.83785 15.779 0.006 5.14 1004.0
2452766.86979 15.770 0.006 4.10 874.0
2452770.75743 15.785 0.006 4.48 933.0
2452783.75821 15.782 0.005 4.08 839.0
2452785.86981 15.767 0.005 3.85 1286.0
2452786.87187 15.783 0.008 6.25 1163.0
2452789.67788 15.764 0.006 3.93 799.0
2452791.64049 15.776 0.006 4.53 680.0
2452794.79412 15.779 0.006 4.89 759.0
2452796.74488 15.784 0.005 3.53 685.0
2452803.55025 15.787 0.011 6.41 3284.0
2452808.88531 15.782 0.009 6.86 1460.0
2452809.88968 15.774 0.006 4.68 1209.0
2452810.81672 15.789 0.006 4.45 1007.0
2452811.85392 15.776 0.006 4.05 972.0
2452813.65065 15.784 0.008 7.84 785.0
2452815.77233 15.771 0.006 4.27 764.0
2452817.72522 15.771 0.006 4.20 828.0
2452818.78818 15.782 0.007 5.50 817.0
2452820.66047 15.790 0.006 4.18 915.0
2452826.67354 15.777 0.003 4.26 598.0
2452834.71134 15.765 0.008 4.82 2163.0
2452835.82877 15.782 0.007 4.38 1465.0
2452837.56669 15.781 0.007 5.04 1296.0
2452839.60355 15.775 0.006 4.39 771.0
2452841.62090 15.769 0.006 4.61 802.0
2452843.55354 15.773 0.005 4.62 965.0
2452845.58896 15.772 0.006 5.57 779.0
2452849.74146 15.771 0.006 5.04 866.0
2452849.76907 15.772 0.007 5.56 988.0
2452851.75184 15.774 0.006 5.22 968.0
2452853.75469 15.782 0.007 5.87 1081.0
2452856.64343 15.780 0.006 4.58 894.0
2452858.61879 15.769 0.007 3.95 2127.0
2452859.61280 15.766 0.007 4.24 2484.0
2452860.74087 15.788 0.008 4.20 3682.0
2452863.57705 15.780 0.006 3.86 1291.0
2452866.66907 15.776 0.007 5.04 931.0
2452869.66012 15.796 0.005 4.25 852.0
2452872.65465 15.780 0.005 3.69 630.0
2452877.62387 15.779 0.006 4.32 824.0
2452883.59948 15.779 0.005 3.67 750.0
2452890.65596 15.780 0.008 5.98 1394.0
2452892.58940 15.783 0.007 5.46 1229.0
2452896.61105 15.782 0.006 3.91 1023.0
2452902.57811 15.791 0.008 6.22 1125.0
2452907.55249 15.792 0.007 6.17 901.0
2452917.54014 15.780 0.007 4.64 1302.0
2452922.51675 15.789 0.007 5.09 1197.0
2452923.52895 15.781 0.006 3.93 1189.0
2452924.52627 15.785 0.006 3.48 1194.0
2452925.51447 15.768 0.006 4.69 964.0
2452926.54505 15.774 0.006 4.90 901.0
2452927.51523 15.786 0.007 5.33 848.0
2452928.52990 15.775 0.006 4.93 988.0
2452929.52747 15.790 0.009 7.23 1139.0
2452934.52948 15.782 0.007 5.93 1071.0
2452941.52545 15.795 0.008 5.49 1465.0
2452943.49773 15.771 0.009 5.26 2211.0
2452945.52439 15.776 0.008 6.09 1728.0
2452946.49849 15.787 0.008 5.75 1874.0
2452947.53105 15.778 0.009 6.42 1636.0
2452949.50880 15.761 0.009 6.46 1670.0
2452950.50297 15.785 0.008 5.14 2125.0
2453051.84676 15.776 0.007 4.92 2003.0
2453058.84188 15.788 0.005 3.79 919.0
2453063.83656 15.772 0.005 4.38 909.0
2453067.84045 15.776 0.006 4.17 821.0
2453070.79985 15.776 0.008 6.40 1261.0
2453072.87869 15.772 0.005 3.40 857.0
2453075.77561 15.774 0.006 4.63 1124.0
2453079.83205 15.770 0.006 3.31 1785.0
2453082.79211 15.782 0.006 4.51 704.0
2453084.84890 15.775 0.005 4.32 693.0
2453086.77996 15.781 0.005 3.53 705.0
2453087.89329 15.779 0.006 5.45 660.0
2453089.80158 15.769 0.005 3.92 760.0
2453091.76369 15.770 0.005 4.22 715.0
2453096.79345 15.778 0.006 5.35 741.0
2453098.80497 15.771 0.005 3.83 804.0
2453100.86032 15.776 0.005 4.01 802.0
2453102.81629 15.787 0.006 4.33 979.0
2453103.89160 15.776 0.006 4.07 912.0
2453106.76913 15.779 0.006 3.60 1600.0
2453107.91597 15.793 0.005 4.13 884.0
2453109.73758 15.788 0.005 3.67 786.0
2453110.77886 15.782 0.005 4.08 930.0
2453112.74776 15.776 0.005 4.43 658.0
2453113.81697 15.770 0.005 4.20 571.0
2453115.81558 15.774 0.005 4.12 682.0
2453118.87264 15.792 0.006 4.74 852.0
2453122.82321 15.766 0.006 5.56 691.0
2453125.80366 15.782 0.007 6.62 779.0
2453126.83454 15.781 0.005 4.09 827.0
2453127.74517 15.794 0.006 4.10 892.0
2453128.76756 15.772 0.005 4.46 877.0
2453129.74237 15.774 0.006 4.32 1569.0
2453130.92043 15.772 0.006 4.05 1329.0
2453131.77631 15.776 0.007 4.60 1405.0
2453134.71262 15.787 0.008 4.24 2725.0
2453135.80810 15.776 0.005 3.90 1240.0
2453137.86019 15.792 0.006 5.27 1024.0
2453138.81777 15.783 0.005 4.15 731.0
2453139.81260 15.786 0.005 3.74 631.0
2453140.81915 15.782 0.005 4.42 702.0
2453142.71405 15.781 0.005 4.07 675.0
2453144.73644 15.792 0.005 4.32 631.0
2453146.70618 15.785 0.006 5.87 657.0
2453151.69592 15.770 0.006 5.41 676.0
2453152.70055 15.769 0.005 3.91 732.0
2453152.91332 15.782 0.007 5.76 859.0
2453153.70455 15.775 0.007 6.23 737.0
2453154.75970 15.792 0.006 6.39 764.0
2453156.74613 15.783 0.005 4.27 892.0
2453158.80613 15.778 0.006 4.82 1310.0
2453162.75354 15.776 0.005 3.92 934.0
2453162.93983 15.787 0.008 5.66 1582.0
2453163.71546 15.789 0.005 3.84 806.0
2453163.93905 15.778 0.007 4.98 1626.0
2453164.67924 15.791 0.005 4.12 709.0
2453165.80104 15.776 0.004 3.54 868.0
2453166.83066 15.777 0.007 6.70 865.0
2453167.89465 15.786 0.008 7.80 818.0
2453168.71215 15.780 0.005 5.22 650.0
2453168.92840 15.796 0.006 4.48 1102.0
2453169.66860 15.788 0.005 3.73 730.0
2453170.74148 15.782 0.005 4.28 663.0
2453171.69291 15.793 0.005 4.09 613.0
2453172.67974 15.781 0.005 3.45 624.0
2453174.65655 15.790 0.005 3.57 738.0
2453175.65842 15.769 0.005 3.35 765.0
2453176.70537 15.786 0.006 5.86 660.0
2453178.72099 15.779 0.006 4.91 917.0
2453179.59891 15.785 0.005 3.84 680.0
2453179.85467 15.775 0.006 4.79 863.0
2453180.64961 15.795 0.005 3.30 579.0
2453182.71977 15.780 0.005 4.56 591.0
2453183.66446 15.781 0.006 5.30 704.0
2453184.64410 15.775 0.005 3.55 601.0
2453185.80208 15.791 0.006 4.71 890.0
2453193.48005 15.799 0.008 7.01 1137.0
2453193.81684 15.775 0.006 4.58 816.0
2453194.63565 15.785 0.006 5.00 856.0
2453195.61400 15.779 0.005 4.27 703.0
2453196.68951 15.787 0.006 5.74 811.0
2453196.77841 15.790 0.005 4.24 740.0
2453196.79609 15.778 0.005 4.37 762.0
2453196.85559 15.789 0.006 5.08 890.0
2453197.48697 15.783 0.006 4.81 1033.0
2453197.58961 15.764 0.005 4.49 695.0
2453197.65705 15.793 0.005 4.54 672.0
2453197.73699 15.781 0.005 4.03 697.0
2453197.80152 15.778 0.006 5.57 905.0
2453198.66720 15.798 0.004 5.03 521.0
2453199.57517 15.785 0.006 6.02 671.0
2453199.72355 15.784 0.005 5.03 546.0
2453201.49404 15.764 0.005 4.55 894.0
2453202.58682 15.796 0.006 5.24 693.0
2453203.71053 15.788 0.005 4.40 602.0
2453204.70615 15.778 0.005 4.11 628.0
2453205.63115 15.779 0.005 4.11 522.0
2453206.61273 15.784 0.005 4.40 568.0
2453210.60288 15.775 0.006 5.05 817.0
2453211.67490 15.779 0.006 5.80 556.0
2453212.64359 15.770 0.007 7.11 710.0
2453217.59893 15.783 0.005 3.47 1142.0
2453218.59821 15.778 0.006 4.51 1086.0
2453219.65739 15.796 0.007 6.52 827.0
2453223.59544 15.799 0.007 7.36 784.0
2453224.64517 15.782 0.005 3.55 754.0
2453226.55799 15.787 0.005 4.15 567.0
2453228.51659 15.790 0.005 4.64 656.0
2453229.57473 15.780 0.005 3.75 663.0
2453230.61344 15.795 0.005 4.06 549.0
2453231.51445 15.796 0.006 5.30 773.0
2453232.48826 15.784 0.007 6.80 852.0
2453239.52308 15.775 0.005 4.35 756.0
2453240.60050 15.795 0.006 5.94 693.0
2453241.60475 15.787 0.011 6.98 2438.0
2453244.70129 15.793 0.008 4.98 2728.0
2453245.48926 15.780 0.006 5.72 1061.0
2453246.59720 15.784 0.006 5.56 808.0
2453247.66786 15.806 0.006 4.06 1010.0
2453248.66104 15.771 0.006 5.20 834.0
2453250.60046 15.778 0.006 4.71 796.0
2453253.59331 15.797 0.005 4.97 560.0
2453256.57586 15.767 0.006 5.75 643.0
2453259.56847 15.777 0.006 5.67 670.0
2453264.51198 15.770 0.006 4.90 842.0
2453266.59401 15.784 0.007 6.49 815.0
2453272.54325 15.775 0.006 4.31 1016.0
2453274.57281 15.788 0.006 5.82 908.0
2453278.54690 15.783 0.006 4.60 888.0
2453281.48854 15.796 0.007 6.19 826.0
2453287.55575 15.760 0.005 5.55 655.0
2453292.54453 15.786 0.005 5.95 488.0
2453415.87928 15.766 0.005 3.65 664.0
2453420.87953 15.776 0.004 4.60 657.0
2453425.85472 15.777 0.006 5.77 906.0
2453428.86049 15.777 0.005 3.71 796.0
2453430.89733 15.775 0.005 3.45 807.0
2453442.83397 15.776 0.005 4.73 691.0
2453444.88782 15.774 0.005 3.89 660.0
2453446.91640 15.768 0.007 4.48 1979.0
2453449.81356 15.766 0.005 4.49 633.0
2453452.83452 15.777 0.005 4.44 720.0
2453454.88812 15.776 0.005 4.56 1004.0
2453457.82642 15.767 0.005 4.97 805.0
2453459.77161 15.776 0.005 4.44 987.0
2453468.82350 15.775 0.005 3.67 689.0
2453469.83051 15.781 0.005 3.64 594.0
2453471.91078 15.787 0.006 5.90 630.0
2453473.82596 15.785 0.006 5.40 636.0
2453476.71859 15.785 0.004 4.07 552.0
2453478.78423 15.781 0.005 4.09 566.0
2453479.92150 15.777 0.004 3.32 667.0
2453481.76286 15.782 0.005 3.81 670.0
2453483.89647 15.776 0.005 3.40 958.0
2453484.72142 15.793 0.006 3.48 1861.0
2453496.79786 15.788 0.005 4.84 768.0
2453497.73557 15.774 0.005 4.85 742.0
2453499.92552 15.781 0.004 3.83 670.0
2453500.79461 15.778 0.005 3.77 633.0
2453501.78838 15.798 0.004 4.34 698.0
2453502.76128 15.776 0.004 3.21 700.0
2453503.73032 15.792 0.004 3.74 548.0
2453504.81998 15.774 0.004 4.28 550.0
2453506.88496 15.781 0.005 4.20 699.0
2453508.83560 15.768 0.005 5.04 660.0
2453509.78531 15.780 0.005 4.91 676.0
2453511.74290 15.765 0.005 4.32 773.0
2453512.78656 15.778 0.006 4.88 1037.0
2453517.86001 15.777 0.005 4.60 950.0
2453520.81425 15.767 0.005 5.02 694.0
2453521.62394 15.778 0.005 3.96 552.0
2453522.67828 15.776 0.005 3.77 573.0
2453523.72036 15.785 0.004 3.44 550.0
2453524.70916 15.777 0.005 5.42 550.0
2453525.69105 15.773 0.004 3.64 544.0
2453526.77350 15.785 0.005 3.99 621.0
2453527.77840 15.780 0.005 4.00 605.0
2453528.72119 15.768 0.005 4.13 530.0
2453528.78286 15.771 0.005 5.11 631.0
2453529.61114 15.781 0.005 3.77 510.0
2453529.64325 15.778 0.005 4.09 456.0
2453529.78366 15.767 0.005 3.74 537.0
2453529.85427 15.767 0.005 3.71 688.0
2453529.91247 15.771 0.005 4.24 822.0
2453530.55735 15.769 0.005 4.49 741.0
2453530.63306 15.779 0.004 3.26 557.0
2453530.68629 15.775 0.004 3.06 560.0
2453530.81641 15.776 0.004 3.66 582.0
2453530.88468 15.754 0.004 3.61 645.0
2453530.92464 15.775 0.003 4.16 662.0
2453536.87733 15.779 0.004 5.54 1137.0
2453536.89306 15.787 0.005 5.98 1146.0
2453537.68183 15.789 0.005 5.08 743.0
2453538.66494 15.781 0.005 5.05 655.0
2453541.81548 15.794 0.005 3.67 905.0
2453546.85917 15.763 0.008 7.80 932.0
2453547.70700 15.789 0.006 5.55 679.0
2453550.58104 15.778 0.005 4.93 814.0
2453551.77046 15.780 0.004 4.39 543.0
2453552.60759 15.780 0.004 4.12 904.0
2453553.74012 15.770 0.006 5.73 763.0
2453554.77708 15.767 0.006 6.06 652.0
2453555.75125 15.775 0.005 4.09 627.0
2453556.81699 15.769 0.006 6.44 662.0
2453558.47991 15.780 0.005 4.81 916.0
2453558.77917 15.772 0.005 5.33 538.0
2453559.54762 15.774 0.006 6.92 738.0
2453560.51063 15.791 0.005 4.43 631.0
2453561.48803 15.759 0.005 4.36 1070.0
2453562.53457 15.779 0.005 4.18 607.0
2453563.58956 15.772 0.005 4.05 604.0
2453564.61768 15.769 0.005 5.29 613.0
2453569.50574 15.790 0.007 4.91 1932.0
2453573.58294 15.787 0.006 5.95 819.0
2453574.63942 15.778 0.005 5.07 732.0
2453575.62445 15.772 0.005 4.24 579.0
2453576.60471 15.771 0.005 4.67 674.0
2453577.66683 15.780 0.004 4.27 660.0
2453578.61387 15.778 0.005 4.43 508.0
2453579.57110 15.777 0.005 4.05 549.0
2453580.59256 15.792 0.005 4.35 651.0
2453581.62088 15.775 0.005 4.50 610.0
2453582.56914 15.766 0.005 5.20 534.0
2453583.58614 15.779 0.005 4.57 498.0
2453584.59513 15.770 0.004 3.64 514.0
2453585.58532 15.781 0.004 3.98 525.0
2453586.63118 15.774 0.005 4.04 526.0
2453589.62397 15.770 0.004 3.29 515.0
2453590.59268 15.761 0.004 3.74 556.0
2453591.65460 15.792 0.005 3.36 646.0
2453593.52756 15.786 0.005 3.86 554.0
2453594.64362 15.778 0.005 4.01 570.0
2453601.57606 15.788 0.005 3.70 866.0
2453602.59301 15.779 0.005 3.61 862.0
2453603.59009 15.775 0.005 4.50 636.0
2453604.59397 15.770 0.005 4.82 1012.0
2453606.60967 15.785 0.006 6.09 694.0
2453607.58206 15.774 0.005 4.30 541.0
2453608.59093 15.771 0.005 5.16 588.0
2453615.50372 15.777 0.005 5.16 585.0
2453618.62842 15.782 0.005 4.31 755.0
2453620.51683 15.769 0.004 3.73 557.0
2453622.49584 15.785 0.005 5.42 645.0
2453628.62459 15.779 0.006 5.33 1188.0
2453630.50997 15.778 0.006 5.65 943.0
2453631.64017 15.776 0.007 5.61 1367.0
2453633.49529 15.763 0.006 6.24 706.0
2453637.58529 15.771 0.006 5.83 744.0
2453639.60258 15.761 0.005 4.20 713.0
2453641.49758 15.761 0.006 5.47 755.0
2453643.57408 15.771 0.008 7.66 863.0
2453648.48999 15.784 0.005 5.33 685.0
2453651.54597 15.816 0.008 6.41 972.0
2453654.49904 15.785 0.007 4.31 2042.0
2453656.49583 15.784 0.006 5.34 1006.0
2453658.52987 15.783 0.007 5.92 1087.0
2453661.52777 15.793 0.007 6.04 1268.0
2453668.50082 15.772 0.006 5.83 900.0
2453674.51462 15.769 0.006 5.49 1137.0
2453775.85940 15.763 0.006 5.61 796.0
2453780.88419 15.787 0.005 3.83 1114.0
2453786.85818 15.782 0.006 5.17 951.0
2453787.83305 15.768 0.006 4.31 1433.0
2453790.86369 15.776 0.006 4.22 1180.0
2453792.86033 15.772 0.004 3.54 616.0
2453794.81729 15.785 0.005 5.15 726.0
2453795.89659 15.775 0.005 4.02 854.0
2453797.89679 15.773 0.005 3.92 803.0
2453799.85167 15.777 0.006 4.87 897.0
2453800.87801 15.782 0.005 4.62 612.0
2453801.86017 15.781 0.005 3.81 754.0
2453802.82576 15.783 0.005 3.76 767.0
2453803.86100 15.768 0.005 3.39 821.0
2453805.77711 15.780 0.006 5.12 844.0
2453806.79720 15.775 0.005 4.00 813.0
2453807.81093 15.786 0.006 4.84 979.0
2453808.77063 15.780 0.006 4.70 1177.0
2453809.77344 15.786 0.005 4.29 1118.0
2453810.81804 15.772 0.005 4.12 981.0
2453811.81405 15.777 0.006 5.07 804.0
2453812.80575 15.761 0.006 5.26 871.0
2453813.77835 15.781 0.005 3.96 832.0
2453814.79862 15.758 0.005 3.98 950.0
2453817.82901 15.782 0.005 3.85 1051.0
2453818.86080 15.786 0.005 3.68 714.0
2453819.77645 15.781 0.004 3.35 587.0
2453820.74670 15.782 0.005 4.24 727.0
2453820.91417 15.777 0.005 3.86 902.0
2453821.74716 15.778 0.005 4.57 637.0
2453822.78930 15.781 0.005 4.63 729.0
2453823.74815 15.789 0.005 4.69 660.0
2453824.76287 15.773 0.005 5.03 750.0
2453825.77647 15.777 0.006 6.31 662.0
2453826.75637 15.776 0.005 5.28 568.0
2453827.75764 15.771 0.006 6.52 607.0
2453828.73894 15.813 0.006 6.31 723.0
2453829.78779 15.788 0.005 4.47 628.0
2453830.70165 15.780 0.005 4.84 845.0
2453831.70556 15.771 0.005 3.73 773.0
2453832.72655 15.781 0.005 4.04 660.0
2453833.73203 15.773 0.005 3.99 602.0
2453834.70492 15.763 0.006 5.75 852.0
2453835.71074 15.774 0.005 4.83 857.0
2453835.89679 15.787 0.005 3.52 604.0
2453836.73914 15.796 0.005 4.51 880.0
2453836.90675 15.785 0.005 3.80 707.0
2453837.70566 15.786 0.007 5.83 990.0
2453837.87791 15.778 0.005 3.19 778.0
2453838.71312 15.777 0.007 5.87 1068.0
2453839.71447 15.773 0.006 5.78 1028.0
2453839.90098 15.788 0.006 5.03 1020.0
2453840.72645 15.779 0.005 4.21 1021.0
2453840.88524 15.769 0.005 3.58 902.0
2453841.68440 15.772 0.007 5.91 1136.0
2453841.91577 15.770 0.005 3.68 1169.0
2453842.70003 15.802 0.009 4.23 4327.0
2453842.81651 15.762 0.005 3.34 916.0
2453845.69410 15.759 0.008 5.67 2638.0
2453845.87675 15.766 0.008 6.32 1750.0
2453846.67454 15.793 0.006 5.03 799.0
2453847.77131 15.784 0.006 6.39 708.0
2453847.92660 15.791 0.007 5.92 1031.0
2453848.72625 15.773 0.005 4.95 604.0
2453849.68998 15.778 0.005 4.57 638.0
2453849.92486 15.776 0.005 3.97 810.0
2453850.66821 15.772 0.005 4.36 727.0
2453850.84119 15.784 0.005 4.54 704.0
2453850.91274 15.768 0.005 4.36 831.0
2453851.68192 15.774 0.005 5.08 686.0
2453851.84769 15.788 0.006 5.47 685.0
2453852.67319 15.780 0.006 5.15 736.0
2453852.90166 15.766 0.005 5.34 683.0
2453853.66146 15.785 0.006 5.43 723.0
2453853.82909 15.786 0.004 3.29 577.0
2453853.90054 15.772 0.004 3.33 635.0
2453854.70124 15.787 0.005 4.91 612.0
2453855.69542 15.791 0.004 3.98 738.0
2453856.65143 15.779 0.005 3.88 877.0
2453856.81783 15.791 0.005 3.67 744.0
2453857.88766 15.773 0.004 3.63 732.0
2453858.67400 15.771 0.004 5.04 658.0
2453859.76565 15.777 0.005 5.55 564.0
2453860.78672 15.773 0.006 6.06 707.0
2453860.93400 15.774 0.005 4.52 983.0
2453861.64032 15.785 0.006 5.01 837.0
2453861.74726 15.781 0.005 4.30 613.0
2453862.63747 15.759 0.005 4.49 943.0
2453862.83336 15.777 0.005 3.39 707.0
2453862.90941 15.776 0.005 3.77 870.0
2453863.66095 15.772 0.005 4.21 1066.0
2453863.88121 15.775 0.005 3.50 635.0
2453864.63857 15.770 0.005 4.59 819.0
2453864.84146 15.774 0.004 3.30 611.0
2453865.70888 15.776 0.005 4.03 795.0
2453865.85143 15.783 0.005 4.32 702.0
2453865.92149 15.770 0.005 3.43 655.0
2453866.66054 15.786 0.005 4.30 868.0
2453866.80012 15.774 0.005 3.79 679.0
2453866.87006 15.769 0.005 4.05 736.0
2453867.67542 15.773 0.005 3.62 1016.0
2453867.86102 15.775 0.005 3.46 949.0
2453867.93444 15.762 0.005 3.33 1219.0
2453868.68335 15.789 0.006 4.16 1217.0
2453868.82736 15.778 0.006 3.98 1104.0
2453868.90719 15.783 0.006 4.12 1159.0
2453869.66025 15.766 0.005 3.40 1335.0
2453869.84262 15.782 0.005 3.58 1365.0
2453872.74472 15.774 0.005 3.10 1108.0
2453873.66643 15.779 0.005 3.84 738.0
2453873.80872 15.757 0.005 3.70 706.0
2453873.88059 15.765 0.005 4.51 776.0
2453874.71828 15.786 0.005 4.80 633.0
2453874.89227 15.787 0.005 3.94 744.0
2453875.67815 15.777 0.004 3.69 568.0
2453875.83386 15.786 0.005 3.58 667.0
2453875.92427 15.767 0.005 3.81 743.0
2453876.59879 15.782 0.005 4.09 657.0
2453877.68285 15.778 0.004 3.59 572.0
2453877.83163 15.785 0.005 4.38 669.0
2453877.90569 15.773 0.005 5.00 836.0
2453879.63883 15.781 0.004 4.69 533.0
2453880.80809 15.789 0.005 4.10 729.0
2453880.88716 15.780 0.005 4.32 727.0
2453881.63358 15.765 0.005 4.46 763.0
2453881.84915 15.777 0.004 3.21 731.0
2453881.89577 15.786 0.005 3.30 823.0
2453882.61855 15.787 0.005 3.94 695.0
2453882.77203 15.782 0.005 4.44 637.0
2453882.84592 15.778 0.005 4.00 717.0
2453882.91469 15.775 0.005 4.04 675.0
2453883.60197 15.777 0.006 6.20 738.0
2453883.80310 15.785 0.005 4.22 620.0
2453886.56511 15.778 0.005 5.52 771.0
2453886.76663 15.766 0.005 4.30 619.0
2453886.84192 15.778 0.005 4.22 618.0
2453886.93984 15.779 0.006 5.49 788.0
2453887.61917 15.774 0.005 4.66 655.0
2453887.74567 15.787 0.005 4.63 574.0
2453887.84977 15.773 0.005 4.26 660.0
2453887.92184 15.769 0.005 4.50 822.0
2453888.92668 15.765 0.005 5.81 672.0
2453889.63320 15.777 0.005 4.80 623.0
2453889.90810 15.786 0.005 3.83 919.0
2453890.67583 15.782 0.005 3.56 655.0
2453891.64258 15.783 0.005 4.72 642.0
2453891.76435 15.776 0.006 5.26 671.0
2453891.84656 15.774 0.005 4.19 689.0
2453892.66149 15.779 0.005 4.63 772.0
2453892.89243 15.772 0.005 4.58 748.0
2453893.57721 15.779 0.006 5.98 856.0
2453893.82076 15.780 0.006 5.92 685.0
2453893.92846 15.788 0.006 6.33 884.0
2453894.63693 15.779 0.006 5.30 621.0
2453894.85277 15.784 0.006 5.36 626.0
2453896.57346 15.788 0.006 5.55 1211.0
2453896.83082 15.791 0.007 5.91 1152.0
2453900.50128 15.762 0.006 5.94 1070.0
2453900.68669 15.782 0.005 4.02 1072.0
2453900.77101 15.771 0.005 3.83 964.0
2453900.83951 15.775 0.005 3.80 1017.0
2453901.50363 15.769 0.006 5.67 959.0
2453901.51611 15.768 0.006 6.15 867.0
2453901.69226 15.773 0.005 3.92 794.0
2453901.77001 15.776 0.005 4.07 722.0
2453901.84311 15.784 0.006 4.72 971.0
2453902.52764 15.780 0.006 5.74 770.0
2453902.71415 15.764 0.005 3.60 712.0
2453902.81707 15.786 0.005 4.62 855.0
2453903.62499 15.780 0.005 3.78 627.0
2453903.86482 15.783 0.005 4.50 785.0
2453904.52695 15.756 0.005 5.18 768.0
2453904.68943 15.778 0.004 3.18 627.0
2453904.75890 15.788 0.005 3.80 662.0
2453904.83169 15.785 0.005 3.33 728.0
2453905.51702 15.780 0.005 4.56 878.0
2453905.52381 15.782 0.005 4.71 873.0
2453905.63069 15.774 0.005 3.82 609.0
2453905.70018 15.780 0.005 4.20 681.0
2453905.77045 15.781 0.004 3.15 708.0
2453905.83902 15.771 0.004 3.36 707.0
2453906.53168 15.804 0.006 5.07 893.0
2453906.72458 15.782 0.005 3.95 628.0
2453906.75330 15.783 0.005 3.87 654.0
2453906.79414 15.769 0.005 4.24 697.0
2453906.82055 15.782 0.005 4.41 692.0
2453906.84649 15.786 0.005 4.24 749.0
2453906.86471 15.785 0.006 5.32 772.0
2453906.88627 15.786 0.006 5.37 839.0
2453906.90356 15.767 0.005 4.77 851.0
2453907.51382 15.792 0.007 6.48 784.0
2453907.58872 15.791 0.005 4.52 635.0
2453907.75130 15.781 0.006 6.54 688.0
2453907.83573 15.775 0.006 4.82 775.0
2453908.50397 15.777 0.006 4.97 1103.0
2453908.69001 15.785 0.005 3.68 686.0
2453908.76775 15.777 0.005 3.80 658.0
2453908.85045 15.782 0.005 4.08 684.0
2453909.50359 15.757 0.007 5.56 1203.0
2453909.68202 15.776 0.004 3.38 505.0
2453909.77675 15.774 0.005 3.88 530.0
2453909.85639 15.770 0.005 4.52 714.0
2453910.52132 15.762 0.006 4.96 940.0
2453912.49855 15.774 0.005 4.12 811.0
2453912.68993 15.771 0.004 3.04 519.0
2453912.78128 15.784 0.004 3.50 519.0
2453912.86916 15.778 0.005 4.37 664.0
2453913.49140 15.770 0.005 3.40 734.0
2453913.69330 15.776 0.005 4.23 575.0
2453913.78877 15.793 0.005 3.81 681.0
2453913.87478 15.773 0.005 4.99 713.0
2453914.51740 15.771 0.006 5.32 790.0
2453914.74900 15.777 0.004 4.75 599.0
2453915.49314 15.769 0.006 4.91 890.0
2453915.69745 15.770 0.005 4.30 561.0
2453915.78935 15.773 0.005 4.31 543.0
2453916.53789 15.769 0.006 5.74 768.0
2453916.83375 15.782 0.005 4.96 646.0
2453917.53884 15.796 0.006 5.68 692.0
2453917.78884 15.774 0.006 5.63 710.0
2453918.51613 15.760 0.006 5.52 838.0
2453918.78573 15.790 0.006 5.35 681.0
2453919.49096 15.781 0.005 4.77 1076.0
2453919.72342 15.772 0.004 3.95 574.0
2453920.48072 15.773 0.006 5.51 857.0
2453920.67731 15.786 0.005 5.28 572.0
2453920.75935 15.779 0.005 3.45 603.0
2453921.48072 15.788 0.006 4.17 961.0
2453921.67819 15.800 0.006 6.23 688.0
2453921.76646 15.772 0.006 5.87 705.0
2453922.67268 15.776 0.006 6.18 667.0
2453930.47819 15.785 0.005 4.52 945.0
2453930.73724 15.792 0.006 5.37 1154.0
2453931.46572 15.774 0.006 5.15 1168.0
2453932.49727 15.780 0.006 4.84 849.0
2453932.77258 15.782 0.005 4.60 729.0
2453933.47516 15.776 0.004 3.76 841.0
2453933.66664 15.780 0.004 3.30 536.0
2453933.74362 15.785 0.005 3.72 752.0
2453934.46103 15.812 0.007 4.27 2595.0
2453934.67787 15.772 0.005 4.25 548.0
2453934.74686 15.772 0.005 4.32 674.0
2453935.46519 15.780 0.008 6.39 1390.0
2453935.50412 15.764 0.005 5.45 672.0
2453935.67790 15.783 0.006 6.00 617.0
2453935.75087 15.780 0.005 5.30 584.0
2453936.46435 15.769 0.007 5.12 1681.0
2453936.62965 15.764 0.005 3.67 657.0
2453936.70623 15.780 0.005 4.11 674.0
2453937.47060 15.774 0.006 4.91 1064.0
2453937.74763 15.775 0.006 6.36 632.0
2453938.46898 15.787 0.007 5.60 1069.0
2453938.65682 15.777 0.005 5.36 525.0
2453938.74584 15.765 0.005 4.74 612.0
2453939.53650 15.768 0.004 3.81 678.0
2453940.65474 15.762 0.004 4.04 602.0
2453940.78554 15.774 0.005 4.50 601.0
2453942.52237 15.762 0.005 6.02 651.0
2453944.50165 15.788 0.005 4.70 776.0
2453945.48517 15.787 0.005 4.74 745.0
2453945.68475 15.769 0.005 3.74 611.0
2453945.74059 15.771 0.005 4.98 631.0
2453946.48651 15.777 0.005 5.00 719.0
2453946.67285 15.776 0.005 4.17 589.0
2453946.75025 15.782 0.005 5.25 537.0
2453950.48459 15.786 0.005 4.58 754.0
2453950.69431 15.776 0.005 4.01 586.0
2453951.48441 15.771 0.005 4.57 793.0
2453951.71693 15.794 0.005 4.41 821.0
2453955.50501 15.785 0.007 6.47 1214.0
2453956.51541 15.779 0.007 6.18 1036.0
2453957.47758 15.769 0.005 4.01 953.0
2453959.47302 15.780 0.006 5.73 946.0
2453959.65544 15.769 0.005 4.62 714.0
2453960.47038 15.784 0.006 5.10 1109.0
2453960.64940 15.783 0.004 3.35 619.0
2453960.72153 15.765 0.005 4.08 826.0
2453961.52685 15.786 0.006 5.00 690.0
2453963.50306 15.778 0.005 4.88 658.0
2453963.67465 15.783 0.005 4.12 607.0
2453964.48737 15.770 0.005 4.74 711.0
2453964.69603 15.772 0.005 4.87 602.0
2453965.47636 15.786 0.005 4.35 700.0
2453965.66892 15.776 0.005 3.93 555.0
2453966.50262 15.777 0.005 4.68 748.0
2453966.65934 15.776 0.005 4.97 611.0
2453967.48788 15.766 0.006 6.13 686.0
2453967.68169 15.779 0.005 4.95 513.0
2453968.46820 15.789 0.006 4.45 1725.0
2453968.64004 15.769 0.005 4.10 606.0
2453968.70923 15.783 0.005 4.84 677.0
2453969.49671 15.783 0.006 5.78 637.0
2453969.65049 15.776 0.005 5.28 577.0
2453970.47735 15.789 0.005 4.82 738.0
2453970.65830 15.778 0.005 4.71 555.0
2453971.50014 15.780 0.006 5.92 655.0
2453971.69156 15.769 0.005 4.86 569.0
2453973.54120 15.791 0.006 6.39 562.0
2453974.47706 15.781 0.006 5.42 840.0
2453974.65616 15.791 0.005 5.08 586.0
2453975.47461 15.786 0.007 6.46 928.0
2453975.65124 15.790 0.005 4.98 663.0
2453976.47652 15.775 0.005 4.07 846.0
2453976.64375 15.768 0.006 5.55 728.0
2453979.47100 15.772 0.008 6.00 1688.0
2453982.53567 15.782 0.006 5.03 904.0
2453983.48613 15.750 0.007 6.54 917.0
2453986.54928 15.785 0.006 5.54 823.0
2453987.47730 15.768 0.006 6.18 855.0
2453987.63816 15.783 0.005 4.58 818.0
2453988.47977 15.780 0.005 4.05 720.0
2453990.61132 15.767 0.006 6.16 663.0
2453993.58132 15.772 0.006 5.28 638.0
2453995.53799 15.769 0.005 4.47 645.0
2453996.53645 15.790 0.006 6.46 650.0
2453999.55873 15.779 0.005 4.40 666.0
2454003.50933 15.776 0.005 4.59 716.0
2454004.48458 15.770 0.005 3.76 847.0
2454006.49134 15.781 0.006 5.81 804.0
2454011.58807 15.780 0.007 6.42 972.0
2454012.53939 15.773 0.006 5.40 855.0
2454016.48686 15.772 0.006 4.59 977.0
2454018.49425 15.771 0.006 6.09 786.0
2454020.50145 15.781 0.006 6.11 698.0
2454023.51034 15.787 0.007 6.37 1013.0
2454025.52980 15.779 0.005 4.51 901.0
2454027.53468 15.776 0.006 5.44 849.0
2454030.52648 15.778 0.006 6.03 784.0
2454036.50772 15.797 0.008 6.43 1310.0
2454039.52133 15.789 0.006 5.77 933.0
2454042.51888 15.758 0.007 6.42 1100.0
2454140.87575 15.777 0.008 6.18 1259.0
2454149.86860 15.790 0.006 4.95 831.0
2454153.85494 15.770 0.006 4.28 885.0
2454155.89092 15.776 0.006 4.49 848.0
2454158.85289 15.773 0.006 4.03 879.0
2454161.81967 15.773 0.007 5.46 1160.0
2454162.90220 15.775 0.006 4.33 1266.0
2454164.80937 15.762 0.006 4.37 1219.0
2454165.88974 15.786 0.007 5.05 2057.0
2454167.89376 15.763 0.006 4.13 948.0
2454169.89733 15.783 0.006 4.02 908.0
2454174.89978 15.777 0.006 4.27 810.0
2454176.87327 15.782 0.006 3.58 855.0
2454178.76554 15.767 0.006 5.32 760.0
2454179.82441 15.776 0.006 3.76 800.0
2454180.90373 15.782 0.007 5.87 779.0
2454182.80556 15.776 0.005 3.84 651.0
2454182.90568 15.786 0.005 3.40 739.0
2454183.75055 15.768 0.006 4.53 770.0
2454183.84172 15.778 0.006 4.52 729.0
2454184.75338 15.779 0.006 5.29 759.0
2454184.83752 15.779 0.006 4.81 664.0
2454184.88216 15.772 0.005 4.22 650.0
2454184.91632 15.767 0.006 4.00 1013.0
2454185.74994 15.775 0.006 4.92 780.0
2454185.78017 15.775 0.006 4.48 720.0
2454185.81402 15.760 0.006 4.27 663.0
2454185.85510 15.773 0.006 5.09 683.0
2454185.85811 15.780 0.006 4.72 680.0
2454186.90472 15.771 0.007 5.94 711.0
2454187.84643 15.782 0.007 6.62 603.0
2454187.86727 15.778 0.007 6.45 596.0
2454187.87111 15.777 0.007 6.53 597.0
2454187.88133 15.780 0.007 6.45 608.0
2454187.89452 15.763 0.006 5.68 606.0
2454187.90653 15.768 0.007 6.07 623.0
2454187.91987 15.771 0.007 5.27 1039.0
2454189.80123 15.774 0.007 6.47 815.0
2454189.83970 15.783 0.006 5.31 737.0
2454189.87909 15.772 0.006 4.96 726.0
2454189.88515 15.774 0.006 5.59 730.0
2454189.91612 15.770 0.006 4.92 841.0
2454190.73787 15.759 0.006 5.04 978.0
2454190.77277 15.774 0.007 5.42 896.0
2454190.80234 15.776 0.007 6.18 879.0
2454190.83623 15.777 0.006 4.68 856.0
2454190.86797 15.772 0.006 4.27 770.0
2454190.89829 15.777 0.006 4.25 728.0
2454190.91708 15.771 0.006 4.53 817.0
2454191.76707 15.759 0.007 5.38 1008.0
2454191.79918 15.774 0.006 5.28 955.0
2454191.84784 15.781 0.007 6.02 906.0
2454191.90249 15.777 0.007 5.73 829.0
2454192.76306 15.773 0.007 5.71 1027.0
2454192.81814 15.769 0.007 5.42 903.0
2454193.77872 15.777 0.006 4.98 1099.0
2454194.76249 15.773 0.006 4.84 956.0
2454196.75276 15.776 0.007 5.94 1095.0
2454197.76371 15.752 0.007 4.50 2227.0
2454202.73419 15.781 0.006 5.33 954.0
2454203.72234 15.783 0.005 3.79 733.0
2454203.90675 15.765 0.005 3.39 865.0
2454204.71062 15.755 0.006 5.28 845.0
2454205.71109 15.770 0.006 5.29 701.0
2454207.70056 15.775 0.006 5.36 834.0
2454207.87525 15.769 0.005 3.58 713.0
2454208.72270 15.760 0.006 4.50 747.0
2454209.75539 15.773 0.004 4.43 675.0
2454211.73533 15.787 0.007 6.52 678.0
2454212.89665 15.782 0.007 6.19 720.0
2454212.91382 15.761 0.007 5.74 723.0
2454213.72931 15.779 0.006 4.93 683.0
2454215.71928 15.773 0.006 4.73 777.0
2454216.67661 15.769 0.006 5.27 855.0
2454216.86565 15.777 0.004 4.45 427.0
2454217.68222 15.772 0.005 3.84 860.0
2454218.70643 15.769 0.006 5.22 817.0
2454219.72788 15.777 0.007 6.04 774.0
2454220.66484 15.782 0.007 6.33 999.0
2454221.68219 15.773 0.006 5.12 1034.0
2454222.88513 15.775 0.006 3.60 1053.0
2454223.66917 15.772 0.007 4.42 1509.0
2454224.75992 15.774 0.007 4.57 1325.0
2454228.65418 15.777 0.007 5.62 1088.0
2454228.88586 15.785 0.007 5.13 1043.0
2454229.64892 15.784 0.007 6.04 915.0
2454229.84602 15.781 0.006 4.26 918.0
2454229.90760 15.779 0.006 3.65 920.0
2454230.65876 15.775 0.006 4.13 783.0
2454230.84674 15.782 0.006 4.91 792.0
2454230.90849 15.779 0.007 5.99 975.0
2454231.64312 15.777 0.005 5.07 802.0
2454231.81856 15.767 0.006 3.74 846.0
2454231.91148 15.775 0.006 4.98 910.0
2454232.72595 15.776 0.006 4.88 1012.0
2454232.89297 15.779 0.007 5.51 903.0
2454233.75358 15.771 0.007 5.65 885.0
2454234.68310 15.780 0.006 5.39 865.0
2454234.92315 15.776 0.006 4.74 1021.0
2454235.86817 15.784 0.006 4.26 762.0
2454237.66540 15.778 0.006 6.07 760.0
2454238.70690 15.771 0.006 4.44 753.0
2454238.85287 15.778 0.006 4.34 937.0
2454238.91459 15.762 0.005 4.66 1108.0
2454239.59729 15.780 0.007 6.61 968.0
2454240.65432 15.775 0.006 4.54 804.0
2454240.77372 15.782 0.006 4.19 742.0
2454240.91688 15.770 0.006 5.16 874.0
2454243.61686 15.782 0.007 5.71 950.0
2454243.71315 15.777 0.006 5.26 739.0
2454243.80662 15.771 0.006 4.56 792.0
2454243.92442 15.783 0.006 4.94 966.0
2454244.59270 15.765 0.007 5.59 1081.0
2454244.68503 15.764 0.006 4.83 793.0
2454244.78161 15.785 0.006 4.02 812.0
2454245.58538 15.785 0.005 5.51 462.0
2454245.67911 15.777 0.005 4.37 621.0
2454245.77228 15.774 0.005 3.88 610.0
2454246.64412 15.779 0.006 4.83 748.0
2454246.73714 15.784 0.006 4.98 778.0
2454246.83041 15.775 0.006 4.30 843.0
2454247.62710 15.769 0.006 4.82 956.0
2454247.78018 15.777 0.006 4.24 778.0
2454250.70744 15.771 0.006 4.51 1086.0
2454251.77901 15.760 0.007 4.90 1768.0
2454256.59421 15.778 0.007 6.21 1119.0
2454256.74072 15.770 0.007 6.33 954.0
2454256.83891 15.784 0.007 5.65 1058.0
2454257.62614 15.774 0.007 5.84 871.0
2454258.61024 15.789 0.007 6.41 773.0
2454258.73291 15.767 0.006 4.84 784.0
2454258.82817 15.783 0.006 4.96 900.0
2454267.56960 15.784 0.007 6.09 838.0
2454268.75766 15.773 0.005 4.04 779.0
2454268.87803 15.785 0.007 5.39 942.0
2454269.55256 15.784 0.006 5.03 904.0
2454269.67363 15.780 0.005 4.54 633.0
2454269.76437 15.782 0.005 4.79 692.0
2454270.54808 15.778 0.006 4.82 1053.0
2454272.61653 15.786 0.006 4.59 821.0
2454272.76568 15.780 0.006 4.40 799.0
2454272.83718 15.770 0.006 4.43 954.0
2454273.59349 15.768 0.007 6.12 1032.0
2454273.77437 15.773 0.006 3.96 1010.0
2454273.83415 15.775 0.007 5.24 1075.0
2454274.58597 15.781 0.007 4.94 1142.0
2454274.74057 15.775 0.006 4.54 884.0
2454274.79966 15.781 0.006 4.66 927.0
2454275.57868 15.776 0.006 4.97 1048.0
2454275.75415 15.770 0.006 4.81 984.0
2454275.81261 15.780 0.007 4.88 1104.0
2454275.87374 15.782 0.007 5.60 1290.0
2454276.55668 15.787 0.007 6.38 1014.0
2454277.50731 15.779 0.007 4.99 1355.0
2454277.68251 15.775 0.006 4.31 828.0
2454277.74297 15.781 0.006 5.14 845.0
2454277.80160 15.770 0.007 5.45 986.0
2454278.54111 15.772 0.007 5.73 1248.0
2454278.72836 15.770 0.008 6.58 903.0
2454278.80134 15.780 0.008 6.25 1167.0
2454283.48679 15.782 0.007 4.24 1503.0
2454283.68769 15.767 0.009 4.02 4444.0
2454283.69344 15.781 0.006 3.48 1247.0
2454284.48184 15.766 0.007 5.52 1170.0
2454284.71229 15.777 0.006 3.87 995.0
2454284.77451 15.779 0.006 3.66 1084.0
2454284.83959 15.781 0.007 4.38 1447.0
2454285.48033 15.778 0.007 5.31 1321.0
2454285.67218 15.784 0.006 4.14 1002.0
2454285.73690 15.776 0.006 4.65 797.0
2454285.80243 15.781 0.006 4.90 878.0
2454286.48061 15.783 0.008 6.00 1409.0
2454286.76384 15.769 0.006 4.43 1573.0
2454286.77020 15.769 0.005 4.13 1540.0
2454286.85138 15.768 0.007 4.97 1973.0
2454289.48115 15.780 0.007 5.99 1089.0
2454289.50797 15.776 0.007 6.01 914.0
2454289.53237 15.786 0.006 4.68 959.0
2454289.55400 15.790 0.007 5.68 900.0
2454289.58776 15.788 0.007 5.62 847.0
2454289.63610 15.773 0.007 6.22 784.0
2454289.67454 15.780 0.007 5.85 935.0
2454289.70697 15.787 0.006 5.32 838.0
2454289.72651 15.779 0.006 4.54 871.0
2454289.75138 15.794 0.007 5.52 800.0
2454289.77272 15.785 0.006 4.42 845.0
2454289.79172 15.771 0.006 4.71 867.0
2454289.81611 15.778 0.007 5.82 879.0
2454289.83955 15.774 0.006 5.24 884.0
2454290.53819 15.785 0.007 5.72 761.0
2454290.57845 15.786 0.007 6.26 698.0
2454290.75404 15.782 0.007 6.12 672.0
2454291.57188 15.787 0.007 6.30 804.0
2454291.64112 15.765 0.006 4.13 694.0
2454291.76354 15.777 0.006 5.49 737.0
2454292.46684 15.777 0.007 5.24 1329.0
2454292.64494 15.778 0.005 3.80 702.0
2454292.70459 15.778 0.005 3.66 739.0
2454292.76330 15.772 0.005 3.13 726.0
2454292.82647 15.786 0.006 4.71 918.0
2454293.46716 15.783 0.007 4.57 1155.0
2454293.67309 15.786 0.005 4.06 678.0
2454293.73186 15.779 0.005 4.10 656.0
2454293.80950 15.774 0.006 4.91 738.0
2454294.46646 15.774 0.007 5.74 1265.0
2454295.46296 15.774 0.008 5.76 1842.0
2454295.67151 15.780 0.005 4.31 557.0
2454295.73018 15.773 0.005 3.95 567.0
2454295.80720 15.781 0.006 5.33 658.0
2454296.46928 15.781 0.007 4.99 1000.0
2454296.65671 15.771 0.005 3.92 565.0
2454296.74359 15.768 0.005 4.28 621.0
2454297.46448 15.779 0.007 5.84 1144.0
2454297.69193 15.792 0.006 4.70 603.0
2454297.75364 15.769 0.005 5.06 609.0
2454298.52478 15.768 0.006 4.01 667.0
2454298.63009 15.775 0.006 4.86 587.0
2454298.72411 15.775 0.006 4.61 624.0
2454299.50760 15.775 0.006 4.90 766.0
2454299.60095 15.770 0.006 4.64 621.0
2454299.69318 15.774 0.006 5.03 571.0
2454299.78335 15.764 0.006 5.34 629.0
2454300.49862 15.789 0.006 4.62 774.0
2454300.62291 15.777 0.005 3.79 567.0
2454300.71932 15.785 0.006 4.25 590.0
2454301.49354 15.768 0.006 4.25 934.0
2454301.58583 15.776 0.005 3.94 751.0
2454301.68250 15.766 0.005 4.45 648.0
2454301.78102 15.762 0.005 4.21 660.0
2454302.54637 15.774 0.006 4.65 912.0
2454302.66121 15.769 0.006 5.54 667.0
2454303.64038 15.777 0.006 5.22 629.0
2454304.52732 15.771 0.007 5.72 1237.0
2454304.63672 15.781 0.006 4.32 961.0
2454305.65251 15.781 0.007 5.77 705.0
2454306.51256 15.773 0.008 6.50 1085.0
2454306.65209 15.768 0.006 4.61 844.0
2454307.75266 15.770 0.006 3.93 1353.0
2454310.75849 15.765 0.007 4.10 2096.0
2454311.72810 15.784 0.007 5.10 1363.0
2454312.49792 15.780 0.007 4.83 1273.0
2454312.69312 15.766 0.006 4.97 947.0
2454312.79070 15.778 0.006 4.97 1075.0
2454314.49148 15.779 0.004 5.38 566.0
2454315.53207 15.779 0.006 4.60 757.0
2454316.56094 15.766 0.005 4.26 657.0
2454317.48334 15.766 0.006 4.58 782.0
2454317.68232 15.792 0.005 4.66 668.0
2454319.49239 15.767 0.007 5.78 839.0
2454319.74686 15.776 0.007 5.62 845.0
2454320.50790 15.766 0.006 5.06 706.0
2454326.47095 15.769 0.007 4.99 1355.0
2454327.56358 15.776 0.007 5.56 715.0
2454328.49085 15.774 0.006 4.07 955.0
2454328.66780 15.777 0.006 4.95 733.0
2454329.50182 15.781 0.006 4.99 761.0
2454329.64963 15.766 0.006 4.52 697.0
2454329.70845 15.791 0.007 5.80 747.0
2454330.51358 15.771 0.006 4.27 699.0
2454330.66456 15.776 0.006 4.76 672.0
2454331.49378 15.763 0.006 5.09 789.0
2454331.66028 15.758 0.006 5.22 632.0
2454332.47148 15.784 0.007 4.25 1578.0
2454333.50256 15.752 0.006 5.26 912.0
2454333.66363 15.762 0.006 4.17 747.0
2454334.47580 15.767 0.010 5.73 3082.0
2454334.57337 15.774 0.008 4.12 3739.0
2454338.47426 15.769 0.007 4.05 1712.0
2454339.49544 15.774 0.006 4.23 1217.0
2454339.66652 15.781 0.007 5.06 1121.0
2454340.56403 15.795 0.007 5.42 1107.0
2454341.47634 15.789 0.008 5.76 1305.0
2454342.47236 15.787 0.009 6.33 2062.0
2454342.50517 15.765 0.006 4.72 762.0
2454343.47373 15.767 0.006 3.70 1888.0
2454343.68146 15.770 0.007 5.39 902.0
2454344.51239 15.774 0.007 6.02 895.0
2454345.47777 15.775 0.007 4.92 1153.0
2454346.48640 15.766 0.006 5.12 934.0
2454347.50521 15.776 0.007 6.11 752.0
2454348.47904 15.768 0.006 5.17 1010.0
2454349.67176 15.766 0.006 5.36 773.0
2454350.50081 15.767 0.006 4.78 848.0
2454351.47573 15.772 0.007 4.91 1365.0
2454352.48686 15.773 0.007 5.55 868.0
2454353.48341 15.763 0.006 3.97 948.0
2454354.51218 15.768 0.006 3.91 856.0
2454355.50276 15.772 0.005 4.52 961.0
2454356.48026 15.781 0.006 3.94 996.0
2454357.56347 15.777 0.007 6.50 805.0
2454358.52069 15.795 0.007 5.93 824.0
2454359.48072 15.760 0.006 4.57 1073.0
2454361.54256 15.773 0.007 6.10 960.0
2454362.47792 15.771 0.007 4.11 2216.0
2454365.52535 15.777 0.007 5.66 1119.0
2454367.51068 15.781 0.006 4.21 1108.0
2454368.54684 15.772 0.007 4.91 1068.0
2454369.48512 15.784 0.007 5.49 1298.0
2454370.53135 15.775 0.006 3.31 1039.0
2454371.50608 15.772 0.006 4.17 921.0
2454372.48186 15.776 0.006 3.77 1559.0
2454373.55719 15.784 0.006 4.53 987.0
2454375.50767 15.777 0.007 6.12 1071.0
2454377.58132 15.788 0.007 6.58 907.0
2454378.49138 15.777 0.006 4.55 864.0
2454379.50676 15.776 0.008 6.82 930.0
2454380.51826 15.770 0.006 4.21 871.0
2454381.49624 15.769 0.008 6.11 1030.0
2454382.58475 15.768 0.007 5.30 998.0
2454383.50977 15.780 0.006 4.55 875.0
2454384.54672 15.770 0.007 5.47 850.0
2454387.52846 15.768 0.006 4.97 935.0
2454393.50404 15.775 0.006 3.58 1077.0
2454394.56149 15.789 0.007 4.99 1227.0
2454395.53290 15.757 0.007 5.59 1125.0
2454396.54540 15.755 0.008 5.84 1483.0
2454397.50422 15.757 0.007 4.35 1320.0
2454398.51188 15.770 0.006 4.15 1294.0
2454399.54750 15.772 0.007 4.54 1357.0
2454400.50683 15.774 0.007 4.97 1401.0
2454402.52147 15.781 0.007 5.31 1186.0
2454403.52242 15.776 0.007 5.63 1102.0
2454409.53989 15.769 0.008 5.38 1551.0
2454411.52740 15.773 0.007 5.84 1295.0
2454505.88583 15.768 0.006 4.10 1386.0
2454509.85811 15.783 0.004 4.99 618.0
2454513.83438 15.790 0.005 4.86 975.0
2454517.82843 15.789 0.007 5.86 1474.0
2454519.81441 15.782 0.008 6.59 1198.0
2454522.84324 15.780 0.007 6.37 1054.0
2454524.82690 15.758 0.006 5.17 1184.0
2454525.88705 15.770 0.007 3.56 2834.0
2454530.78907 15.776 0.005 4.16 872.0
2454532.90778 15.788 0.007 5.69 1362.0
2454533.81783 15.760 0.005 5.11 676.0
2454535.87281 15.765 0.006 5.87 776.0
2454537.77242 15.773 0.006 5.47 768.0
2454538.86639 15.779 0.006 4.72 789.0
2454539.82756 15.772 0.005 4.15 719.0
2454540.83746 15.786 0.005 3.99 760.0
2454541.76652 15.776 0.005 4.92 725.0
2454542.76108 15.763 0.006 5.50 970.0
2454543.75668 15.761 0.006 4.99 901.0
2454544.75354 15.777 0.006 5.46 1067.0
2454545.74022 15.761 0.007 6.41 1165.0
2454546.74690 15.769 0.006 4.83 1172.0
2454547.76105 15.772 0.006 4.16 1155.0
2454548.81394 15.770 0.006 4.67 966.0
2454550.78617 15.772 0.006 5.07 918.0
2454551.73252 15.772 0.006 4.33 1144.0
2454552.77611 15.781 0.010 5.90 2957.0
2454556.72802 15.779 0.006 5.20 682.0
2454556.91824 15.779 0.005 4.06 992.0
2454557.74638 15.767 0.006 5.56 669.0
2454558.76659 15.761 0.005 4.23 671.0
2454559.71945 15.777 0.005 4.46 620.0
2454559.90842 15.771 0.005 4.39 688.0
2454560.71574 15.781 0.006 5.76 611.0
2454560.90849 15.780 0.005 3.77 656.0
2454561.71223 15.763 0.005 4.64 767.0
2454561.89780 15.775 0.005 3.56 658.0
2454564.70245 15.763 0.005 5.39 672.0
2454564.90272 15.775 0.005 3.83 651.0
2454565.70059 15.777 0.005 3.99 675.0
2454565.89119 15.780 0.005 3.18 666.0
2454566.69993 15.783 0.005 4.63 685.0
2454566.89245 15.773 0.005 3.71 690.0
2454567.69210 15.775 0.006 5.57 837.0
2454567.89886 15.784 0.005 3.76 759.0
2454568.69766 15.767 0.006 5.54 692.0
2454569.70732 15.769 0.006 5.93 734.0
2454569.91688 15.767 0.005 4.20 760.0
2454570.69525 15.768 0.006 5.21 803.0
2454570.92529 15.774 0.006 4.21 1167.0
2454571.68638 15.775 0.007 6.34 877.0
2454571.88437 15.762 0.005 3.70 666.0
2454572.69820 15.766 0.007 6.62 868.0
2454573.71203 15.764 0.006 5.36 916.0
2454573.92049 15.760 0.005 4.13 726.0
2454574.71444 15.781 0.006 4.62 967.0
2454575.71986 15.785 0.006 4.16 1019.0
2454576.72755 15.760 0.006 4.04 1234.0
2454577.80900 15.772 0.005 3.80 902.0
2454578.76276 15.770 0.006 5.18 983.0
2454579.83948 15.759 0.005 4.16 1069.0
2454583.70647 15.770 0.006 5.38 933.0
2454583.88723 15.778 0.005 4.60 723.0
2454585.72696 15.767 0.006 5.65 764.0
2454586.73488 15.782 0.007 6.43 720.0
2454587.73806 15.768 0.006 6.37 720.0
2454587.90156 15.783 0.006 5.52 813.0
2454588.70831 15.770 0.006 6.24 743.0
2454589.69059 15.781 0.006 5.08 757.0
2454589.84592 15.794 0.006 5.00 725.0
2454589.90795 15.773 0.006 5.36 779.0
2454590.66797 15.755 0.005 4.39 861.0
2454590.87367 15.771 0.005 4.23 793.0
2454591.67982 15.764 0.006 4.97 947.0
2454591.85183 15.779 0.005 4.20 840.0
2454591.91393 15.758 0.006 4.19 977.0
2454592.63825 15.766 0.006 4.50 995.0
2454592.82748 15.780 0.006 4.18 1060.0
2454592.89088 15.768 0.005 3.80 1108.0
2454593.62756 15.779 0.006 4.67 946.0
2454593.83709 15.767 0.005 4.01 804.0
2454593.89915 15.769 0.005 3.86 919.0
2454594.64863 15.772 0.006 5.79 878.0
2454594.84335 15.762 0.005 4.56 792.0
2454594.90551 15.771 0.005 4.22 849.0
2454595.63178 15.777 0.007 6.61 898.0
2454595.83225 15.765 0.005 4.75 703.0
2454595.89433 15.762 0.006 5.19 745.0
2454596.62738 15.757 0.006 4.81 845.0
2454596.90705 15.762 0.006 4.75 744.0
2454597.65786 15.758 0.006 5.21 672.0
2454597.84918 15.766 0.005 4.00 839.0
2454597.92025 15.777 0.006 4.85 908.0
2454598.62762 15.767 0.005 4.12 646.0
2454598.87247 15.772 0.005 3.80 682.0
2454599.60644 15.771 0.006 5.15 997.0
2454599.81050 15.764 0.005 3.99 690.0
2454600.61560 15.750 0.005 4.49 716.0
2454600.82917 15.776 0.005 3.97 726.0
2454600.92224 15.772 0.006 3.95 1033.0
2454601.62121 15.761 0.005 3.96 952.0
2454601.83760 15.766 0.005 4.01 606.0
2454601.89949 15.772 0.005 4.15 660.0
2454601.94199 15.767 0.007 4.34 2294.0
2454602.60863 15.772 0.005 4.36 898.0
2454602.81932 15.771 0.005 3.56 981.0
2454602.92805 15.780 0.005 4.94 820.0
2454603.74126 15.776 0.005 4.25 762.0
2454606.60901 15.773 0.006 4.76 1456.0
2454610.70991 15.765 0.008 4.39 3435.0
2454610.91729 15.772 0.007 4.22 2708.0
2454611.60081 15.770 0.007 5.41 1028.0
2454611.83370 15.780 0.005 3.69 935.0
2454612.62218 15.790 0.006 5.37 941.0
2454615.76387 15.775 0.006 5.21 754.0
2454616.57292 15.771 0.007 6.31 876.0
2454616.78939 15.777 0.005 4.59 621.0
2454616.85914 15.770 0.006 4.75 743.0
2454617.63324 15.768 0.005 4.50 725.0
2454618.58442 15.770 0.006 5.70 785.0
2454620.63788 15.782 0.007 6.66 854.0
2454621.67047 15.760 0.005 4.08 660.0
2454622.76618 15.769 0.005 4.88 755.0
2454622.88442 15.773 0.006 4.79 926.0
2454623.59780 15.773 0.006 5.85 777.0
2454623.83816 15.769 0.006 5.30 859.0
2454623.90907 15.786 0.007 6.38 1054.0
2454624.54992 15.802 0.007 6.07 1014.0
2454624.78181 15.775 0.006 4.81 727.0
2454624.84840 15.788 0.005 4.53 719.0
2454624.91741 15.775 0.006 5.25 915.0
2454625.57610 15.779 0.006 5.70 780.0
2454625.76425 15.768 0.006 5.09 799.0
2454625.85812 15.772 0.006 5.18 810.0
2454626.55995 15.773 0.007 6.56 759.0
2454626.82647 15.773 0.005 4.53 675.0
2454627.53147 15.769 0.006 4.43 934.0
2454627.79998 15.780 0.005 3.68 571.0
2454627.88663 15.783 0.005 4.16 614.0
2454628.56475 15.780 0.006 4.77 808.0
2454628.72854 15.773 0.005 4.18 679.0
2454628.79412 15.765 0.006 4.76 684.0
2454628.85607 15.766 0.005 4.54 645.0
2454629.57623 15.775 0.006 5.64 766.0
2454629.79765 15.780 0.006 4.61 789.0
2454629.87997 15.768 0.005 3.95 787.0
2454630.53144 15.772 0.006 5.09 954.0
2454630.74150 15.765 0.005 3.85 738.0
2454630.81958 15.782 0.006 4.61 733.0
2454630.88770 15.774 0.005 4.19 869.0
2454631.75278 15.778 0.005 4.57 715.0
2454631.83054 15.776 0.005 3.83 748.0
2454631.90550 15.788 0.007 5.31 1205.0
2454632.53428 15.780 0.007 5.36 1201.0
2454632.79716 15.783 0.005 3.73 857.0
2454633.54029 15.771 0.006 3.87 1140.0
2454633.64217 15.764 0.005 4.25 910.0
2454633.76380 15.765 0.007 3.97 2352.0
2454638.72583 15.777 0.006 5.22 868.0
2454638.82353 15.773 0.006 4.57 1054.0
2454639.53849 15.771 0.006 4.46 1137.0
2454639.64471 15.773 0.005 3.90 957.0
2454639.82407 15.765 0.006 4.54 1281.0
2454640.56462 15.767 0.005 4.18 714.0
2454640.69552 15.778 0.006 4.75 728.0
2454640.80282 15.781 0.007 6.33 799.0
2454641.58747 15.775 0.005 4.47 715.0
2454641.74305 15.780 0.006 4.99 753.0
2454642.56321 15.777 0.006 5.35 799.0
2454642.72371 15.766 0.005 4.74 640.0
2454642.80164 15.775 0.006 4.55 773.0
2454642.87312 15.779 0.006 5.34 1255.0
2454643.51634 15.782 0.006 5.28 1028.0
2454643.84924 15.763 0.006 5.78 761.0
2454644.63582 15.781 0.006 5.79 690.0
2454644.81508 15.762 0.005 4.16 731.0
2454645.49001 15.763 0.006 4.40 1200.0
2454645.74069 15.776 0.006 4.47 703.0
2454645.81654 15.774 0.006 4.72 833.0
2454645.88127 15.760 0.006 5.02 1134.0
2454646.49186 15.755 0.005 3.88 1054.0
2454647.48636 15.760 0.007 4.40 1420.0
2454647.71117 15.767 0.006 4.98 816.0
2454647.80457 15.779 0.006 5.15 927.0
2454648.51471 15.771 0.006 4.04 927.0
2454648.60421 15.765 0.005 4.78 777.0
2454648.68036 15.770 0.005 4.18 710.0
2454648.83214 15.774 0.006 5.27 845.0
2454649.49489 15.767 0.006 4.50 995.0
2454649.70535 15.775 0.005 4.58 708.0
2454649.81987 15.772 0.006 5.67 809.0
2454650.52636 15.765 0.006 5.40 1050.0
2454650.74387 15.775 0.005 3.97 649.0
2454650.82882 15.776 0.006 5.40 809.0
2454651.48661 15.761 0.006 4.38 1190.0
2454651.73370 15.783 0.007 6.59 749.0
2454652.47817 15.776 0.006 5.08 1172.0
2454652.68077 15.770 0.006 4.71 746.0
2454652.76232 15.766 0.005 4.45 690.0
2454652.81592 15.773 0.006 5.40 806.0
2454653.47464 15.770 0.007 5.85 1143.0
2454653.69372 15.767 0.005 4.66 792.0
2454653.75898 15.763 0.006 4.97 789.0
2454654.50991 15.774 0.006 6.00 845.0
2454654.70773 15.770 0.006 4.51 797.0
2454654.78989 15.769 0.006 4.85 884.0
2454655.47447 15.767 0.006 5.26 1221.0
2454655.69883 15.760 0.005 4.20 601.0
2454655.76071 15.759 0.005 3.94 690.0
2454656.47637 15.754 0.005 4.14 976.0
2454656.66624 15.768 0.006 4.54 885.0
2454656.78183 15.783 0.006 3.84 1046.0
2454657.55095 15.764 0.006 5.15 898.0
2454658.63474 15.784 0.006 4.68 718.0
2454659.53192 15.755 0.007 6.43 848.0
2454660.52419 15.772 0.006 5.60 986.0
2454661.46456 15.766 0.007 4.50 1983.0
2454661.66210 15.774 0.007 4.27 2012.0
2454661.72669 15.775 0.006 4.24 1135.0
2454661.79376 15.776 0.006 4.38 1098.0
2454665.63154 15.769 0.006 4.22 1671.0
2454665.75683 15.759 0.007 4.74 1913.0
2454666.47603 15.772 0.007 5.45 1391.0
2454666.66063 15.771 0.006 5.22 1018.0
2454666.76450 15.776 0.008 6.35 1142.0
2454666.79026 15.783 0.007 5.85 1196.0
2454667.52249 15.779 0.007 6.52 1021.0
2454669.58614 15.774 0.006 5.89 816.0
2454670.54639 15.757 0.006 6.25 701.0
2454670.62214 15.776 0.006 5.63 709.0
2454671.54307 15.763 0.006 5.07 643.0
2454671.75000 15.775 0.006 4.76 715.0
2454672.47778 15.770 0.005 4.54 945.0
2454672.74133 15.770 0.006 5.19 835.0
2454672.78025 15.774 0.006 4.73 848.0
2454674.48225 15.782 0.007 6.36 775.0
2454675.63341 15.777 0.005 4.46 708.0
2454677.46281 15.779 0.009 5.31 3503.0
2454677.60922 15.773 0.005 4.65 601.0
2454677.69299 15.769 0.005 4.77 673.0
2454678.65991 15.774 0.005 4.31 605.0
2454679.55556 15.768 0.006 6.03 684.0
2454681.50426 15.770 0.006 5.12 745.0
2454681.60432 15.764 0.006 5.19 623.0
2454682.47528 15.767 0.005 4.07 918.0
2454682.55120 15.764 0.005 4.68 731.0
2454682.72787 15.766 0.005 4.15 708.0
2454683.47182 15.773 0.007 5.49 1255.0
2454683.68068 15.765 0.006 4.92 646.0
2454683.74391 15.770 0.006 4.90 640.0
2454684.47750 15.776 0.006 5.14 980.0
2454684.74225 15.763 0.005 4.50 684.0
2454685.51965 15.776 0.006 4.49 908.0
2454686.47490 15.778 0.006 4.52 950.0
2454687.50089 15.763 0.006 4.25 784.0
2454687.71430 15.777 0.006 5.65 920.0
2454688.47147 15.762 0.007 5.77 1445.0
2454688.66148 15.768 0.005 4.03 716.0
2454688.72321 15.756 0.006 4.90 777.0
2454693.53566 15.766 0.005 3.78 1026.0
2454694.51443 15.782 0.007 6.08 986.0
2454697.47142 15.781 0.007 5.01 1277.0
2454697.69661 15.784 0.007 6.65 883.0
2454698.47566 15.766 0.006 4.62 825.0
2454699.47457 15.769 0.006 5.44 1008.0
2454700.48288 15.770 0.006 4.78 777.0
2454701.47819 15.770 0.006 5.24 929.0
2454701.66701 15.785 0.006 5.94 590.0
2454702.47658 15.787 0.006 5.54 950.0
2454703.47813 15.762 0.005 3.96 866.0
2454704.56165 15.764 0.005 4.21 826.0
2454705.48044 15.768 0.006 5.90 882.0
2454707.58139 15.770 0.006 4.81 693.0
2454708.51319 15.760 0.005 4.50 784.0
2454709.48919 15.781 0.006 6.16 849.0
2454710.51344 15.764 0.005 5.12 794.0
2454711.49838 15.759 0.006 5.68 796.0
2454715.56165 15.765 0.006 5.91 791.0
2454716.47660 15.758 0.006 4.35 1648.0
2454720.50224 15.757 0.008 5.00 2724.0
2454721.50315 15.762 0.007 6.26 1082.0
2454722.61538 15.768 0.006 5.00 1016.0
2454724.48223 15.766 0.007 5.85 1126.0
2454725.55609 15.751 0.006 4.98 1097.0
2454726.52067 15.778 0.007 6.04 859.0
2454728.56515 15.768 0.006 5.48 769.0
2454729.50568 15.763 0.006 5.44 713.0
2454731.52859 15.774 0.006 5.83 763.0
2454733.48018 15.760 0.007 5.05 1485.0
2454734.49596 15.765 0.006 5.57 797.0
2454737.51484 15.763 0.006 5.25 708.0
2454738.55469 15.773 0.006 6.07 721.0
2454739.55860 15.778 0.007 6.27 863.0
2454740.52690 15.777 0.006 5.89 758.0
2454741.49964 15.773 0.006 5.66 777.0
2454743.50808 15.762 0.007 6.38 787.0
2454750.57479 15.745 0.007 5.53 1174.0
2454756.49060 15.759 0.007 5.41 1381.0
2454765.49232 15.755 0.008 5.62 1845.0
2454866.88420 15.653 0.007 6.18 1959.0
2454867.86783 15.645 0.005 4.79 1047.0
2454870.86754 15.637 0.005 4.55 1133.0
2454872.87919 15.636 0.007 6.48 1285.0
2454876.84061 15.620 0.006 5.98 937.0
2454883.84218 15.592 0.005 5.24 706.0
2454884.82289 15.586 0.005 5.00 972.0
2454886.87434 15.581 0.005 4.60 786.0
2454890.85655 15.563 0.004 4.28 693.0
2454896.84421 15.550 0.005 4.46 658.0
2454899.81564 15.517 0.005 4.11 976.0
2454900.79536 15.505 0.005 3.95 1128.0
2454901.85551 15.504 0.005 4.42 905.0
2454902.85389 15.504 0.004 3.83 858.0
2454904.77827 15.504 0.004 4.26 941.0
2454905.88210 15.495 0.005 5.68 933.0
2454910.78413 15.437 0.004 4.07 1360.0
2454911.75478 15.443 0.004 4.16 599.0
2454912.75161 15.437 0.004 3.96 638.0
2454914.75456 15.423 0.004 5.12 587.0
2454918.75146 15.382 0.004 3.87 638.0
2454924.71408 15.331 0.004 4.22 732.0
2454925.76338 15.317 0.004 3.70 713.0
2454925.87946 15.315 0.004 3.94 704.0
2454926.72720 15.297 0.004 5.09 946.0
2454927.79879 15.279 0.004 4.60 773.0
2454928.70289 15.284 0.005 6.56 958.0
2454929.70835 15.279 0.004 5.74 1069.0
2454929.84769 15.262 0.004 4.57 822.0
2454930.76631 15.253 0.004 4.37 1065.0
2454931.68829 15.268 0.005 5.44 1347.0
2454931.81065 15.243 0.004 4.29 952.0
2454932.76587 15.235 0.004 3.85 943.0
2454933.68598 15.212 0.004 5.38 1320.0
2454933.81419 15.213 0.004 4.89 945.0
2454934.78959 15.209 0.004 3.94 1547.0
2454938.69409 15.152 0.004 4.02 962.0
2454938.79354 15.144 0.004 5.22 803.0
2454939.71310 15.126 0.004 6.27 765.0
2454939.81460 15.127 0.004 5.17 741.0
2454940.71720 15.124 0.003 4.50 681.0
2454941.69187 15.108 0.004 4.77 756.0
2454941.81893 15.103 0.004 5.59 707.0
2454942.67137 15.091 0.003 4.46 788.0
2454942.84428 15.088 0.003 4.30 630.0
2454943.68374 15.063 0.003 4.49 652.0
2454943.74978 15.078 0.003 4.00 623.0
2454944.68911 15.049 0.003 4.31 717.0
2454944.76427 15.060 0.003 4.79 686.0
2454945.68586 15.037 0.003 4.25 773.0
2454945.81733 15.030 0.003 4.40 692.0
2454946.74327 15.026 0.003 4.97 658.0
2454947.69777 14.997 0.003 3.93 628.0
2454948.85316 14.975 0.003 3.92 612.0
2454949.64693 14.967 0.003 4.40 850.0
2454950.68474 14.945 0.003 3.99 670.0
2454951.67526 14.915 0.003 5.19 783.0
2454952.79407 14.894 0.003 4.95 627.0
2454953.65290 14.884 0.003 3.89 804.0
2454953.75862 14.882 0.003 4.57 712.0
2454954.67300 14.849 0.003 4.33 700.0
2454954.77097 14.846 0.003 4.34 638.0
2454955.67367 14.835 0.003 4.54 786.0
