2452125.61710 15.888 0.008 4.97 2162.0
2452129.69151 15.904 0.006 4.15 631.0
2452132.63307 15.894 0.006 4.20 655.0
2452136.53720 15.891 0.007 5.60 620.0
2452141.54891 15.899 0.006 3.89 634.0
2452144.63908 15.896 0.006 4.26 629.0
2452160.60661 15.895 0.007 5.02 824.0
2452169.52046 15.911 0.009 8.00 749.0
2452175.64462 15.884 0.008 6.03 1488.0
2452188.49588 15.930 0.010 8.16 718.0
2452211.50155 15.900 0.009 6.56 1334.0
2452332.86919 15.849 0.008 4.43 3075.0
2452347.83310 15.879 0.007 4.99 604.0
2452357.86063 15.901 0.006 3.99 588.0
2452372.84851 15.885 0.006 4.62 748.0
2452383.81116 15.882 0.006 4.04 594.0
2452388.79100 15.895 0.007 4.97 784.0
2452390.81391 15.889 0.007 4.45 964.0
2452397.69809 15.894 0.006 4.50 871.0
2452401.82974 15.891 0.006 3.91 790.0
2452403.90672 15.884 0.006 3.93 791.0
2452405.89412 15.895 0.007 4.83 872.0
2452411.73437 15.914 0.004 4.85 618.0
2452414.89346 15.899 0.007 5.44 700.0
2452416.85139 15.903 0.006 4.28 773.0
2452424.81876 15.897 0.007 4.76 843.0
2452428.84738 15.903 0.007 5.40 667.0
2452432.86085 15.889 0.009 7.29 1040.0
2452434.74572 15.886 0.006 3.87 742.0
2452436.79442 15.890 0.006 4.12 708.0
2452438.75519 15.900 0.007 4.89 683.0
2452441.73288 15.896 0.005 3.78 704.0
2452445.63929 15.896 0.006 4.31 623.0
2452448.65746 15.872 0.010 3.73 5796.0
2452455.69702 15.902 0.005 3.54 1380.0
2452459.61703 15.909 0.004 4.72 573.0
2452463.54835 15.895 0.007 5.14 755.0
2452466.64456 15.877 0.007 5.77 538.0
2452468.67485 15.889 0.006 3.80 480.0
2452470.65719 15.883 0.006 4.14 550.0
2452472.68536 15.888 0.006 4.57 599.0
2452481.56470 15.899 0.008 5.71 778.0
2452484.62727 15.899 0.007 5.44 587.0
2452486.71924 15.883 0.007 6.39 644.0
2452490.68743 15.904 0.007 5.77 583.0
2452493.64898 15.896 0.006 4.68 754.0
2452495.74759 15.872 0.007 5.32 938.0
2452498.51445 15.896 0.006 3.29 623.0
2452499.47587 15.890 0.007 4.55 835.0
2452500.48648 15.891 0.007 4.57 841.0
2452500.55895 15.896 0.006 3.69 697.0
2452501.48107 15.906 0.008 6.12 861.0
2452502.49242 15.899 0.007 4.48 899.0
2452502.57015 15.898 0.006 3.82 900.0
2452503.47314 15.898 0.014 5.34 6447.0
2452508.48357 15.878 0.006 4.37 1261.0
2452508.67045 15.895 0.007 4.92 1012.0
2452509.56464 15.913 0.010 5.36 3184.0
2452512.61682 15.902 0.007 4.72 857.0
2452517.57069 15.894 0.007 4.89 682.0
2452520.58605 15.891 0.006 4.30 686.0
2452528.49129 15.886 0.007 5.41 783.0
2452538.49773 15.885 0.007 4.52 954.0
2452542.52502 15.882 0.007 3.49 2176.0
2452552.49897 15.884 0.007 5.26 859.0
2452556.58312 15.885 0.007 5.21 1123.0
2452563.49754 15.891 0.007 4.85 1021.0
2452575.52602 15.861 0.008 5.51 1200.0
2452707.86703 15.890 0.006 3.96 603.0
2452714.90635 15.886 0.006 3.68 575.0
2452729.84030 15.892 0.007 4.89 651.0
2452733.92049 15.903 0.007 4.31 1127.0
2452744.91804 15.887 0.006 3.25 713.0
2452753.89295 15.888 0.006 4.40 816.0
2452757.80446 15.892 0.006 3.99 865.0
2452761.82156 15.900 0.006 4.22 769.0
2452767.79686 15.892 0.007 5.45 779.0
2452775.72593 15.901 0.008 5.05 1219.0
2452783.82991 15.896 0.006 3.71 711.0
2452785.75551 15.888 0.006 4.29 736.0
2452787.60584 15.909 0.007 5.65 846.0
2452789.76255 15.889 0.006 3.54 704.0
2452791.71899 15.889 0.006 4.52 546.0
2452794.93383 15.883 0.007 5.35 1023.0
2452796.83267 15.891 0.006 3.53 581.0
2452797.89390 15.886 0.005 4.36 775.0
2452809.72175 15.883 0.007 5.15 774.0
2452811.64610 15.895 0.007 5.23 615.0
2452812.72061 15.893 0.006 4.53 664.0
2452813.82989 15.897 0.007 4.18 743.0
2452814.75341 15.894 0.007 4.08 611.0
2452816.61806 15.897 0.006 4.34 476.0
2452818.58938 15.885 0.006 4.13 624.0
2452820.79598 15.903 0.007 4.51 840.0
2452826.75946 15.882 0.005 4.49 594.0
2452835.64360 15.890 0.008 4.98 1047.0
2452837.64037 15.915 0.007 4.07 2279.0
2452839.71283 15.888 0.007 5.35 666.0
2452841.72214 15.888 0.006 3.67 753.0
2452843.64864 15.912 0.006 4.47 817.0
2452845.65931 15.889 0.006 4.13 654.0
2452850.52730 15.904 0.006 3.51 934.0
2452852.53967 15.906 0.008 5.83 729.0
2452854.54339 15.886 0.007 4.52 795.0
2452856.73377 15.898 0.008 6.60 906.0
2452858.68638 15.902 0.009 4.23 3317.0
2452862.59907 15.884 0.007 4.98 958.0
2452865.70264 15.888 0.007 4.34 1294.0
2452868.58885 15.885 0.006 3.84 592.0
2452879.63543 15.895 0.006 5.07 566.0
2452884.66577 15.880 0.007 5.56 793.0
2452892.65412 15.885 0.009 5.68 1329.0
2452895.62782 15.890 0.006 4.02 862.0
2452900.55607 15.877 0.007 5.07 771.0
2452906.50795 15.882 0.007 4.96 833.0
2452911.53215 15.902 0.007 4.79 781.0
2452918.55613 15.894 0.008 5.38 1031.0
2452930.57528 15.885 0.008 5.90 1177.0
2453051.88680 15.888 0.007 5.00 1495.0
2453064.82169 15.892 0.007 5.35 920.0
2453067.89512 15.877 0.005 3.60 656.0
2453070.85666 15.877 0.007 5.51 858.0
2453073.81211 15.876 0.006 4.76 844.0
2453075.85079 15.876 0.006 4.28 888.0
2453079.89533 15.879 0.006 3.51 1676.0
2453079.91117 15.883 0.007 3.73 2104.0
2453080.82744 15.881 0.006 4.39 834.0
2453080.87253 15.879 0.006 3.84 714.0
2453080.89626 15.888 0.005 3.58 662.0
2453080.90975 15.886 0.006 3.83 799.0
2453081.79722 15.884 0.006 5.04 674.0
2453081.84116 15.892 0.005 3.71 677.0
2453081.91281 15.883 0.007 5.03 1066.0
2453082.84337 15.887 0.006 3.74 542.0
2453082.88252 15.883 0.005 3.71 539.0
2453083.80691 15.887 0.005 3.75 546.0
2453083.86835 15.887 0.005 4.14 557.0
2453084.78460 15.888 0.006 4.91 524.0
2453084.86729 15.898 0.005 3.57 555.0
2453085.78834 15.887 0.005 3.96 546.0
2453085.85863 15.876 0.006 4.49 511.0
2453086.84025 15.892 0.005 3.60 536.0
2453088.79775 15.890 0.005 4.19 519.0
2453089.90698 15.883 0.005 3.47 651.0
2453091.82721 15.889 0.005 4.03 543.0
2453096.86532 15.882 0.006 5.16 619.0
2453098.85277 15.885 0.005 3.42 605.0
2453100.80630 15.883 0.006 4.06 704.0
2453101.92005 15.870 0.006 4.65 962.0
2453103.77757 15.887 0.006 4.32 917.0
2453108.77013 15.884 0.005 3.82 683.0
2453109.80230 15.892 0.005 3.72 534.0
2453110.83670 15.886 0.006 4.55 632.0
2453112.79505 15.887 0.005 4.32 454.0
2453113.87598 15.892 0.005 3.72 494.0
2453114.78685 15.887 0.005 3.50 548.0
2453115.87032 15.890 0.005 3.54 567.0
2453116.92578 15.884 0.006 4.40 721.0
2453122.91284 15.882 0.006 4.85 675.0
2453125.87316 15.876 0.007 5.13 646.0
2453126.89877 15.887 0.006 3.44 731.0
2453127.80962 15.868 0.006 3.74 764.0
2453128.82265 15.879 0.005 3.77 781.0
2453130.70056 15.884 0.006 4.16 1165.0
2453134.82220 15.889 0.006 4.39 718.0
2453135.90191 15.885 0.006 4.60 684.0
2453138.70364 15.889 0.006 5.04 632.0
2453139.88091 15.897 0.006 3.98 593.0
2453140.88069 15.899 0.006 4.08 541.0
2453142.76893 15.890 0.005 4.11 598.0
2453144.78990 15.883 0.006 4.60 508.0
2453146.81256 15.889 0.006 5.31 489.0
2453151.75252 15.880 0.006 5.44 514.0
2453151.90520 15.860 0.006 4.96 696.0
2453152.75662 15.886 0.006 4.75 599.0
2453153.76052 15.881 0.006 5.49 575.0
2453154.82208 15.892 0.006 5.32 590.0
2453156.84177 15.891 0.006 4.43 816.0
2453158.91588 15.856 0.008 6.57 1294.0
2453162.81676 15.882 0.006 3.97 867.0
2453163.62966 15.883 0.005 3.65 534.0
2453163.65141 15.877 0.005 3.64 543.0
2453164.73902 15.897 0.005 3.81 578.0
2453165.75915 15.879 0.004 3.28 586.0
2453166.90431 15.915 0.009 7.18 796.0
2453167.76453 15.884 0.008 7.07 518.0
2453168.75235 15.885 0.005 4.17 557.0
2453169.72865 15.877 0.005 3.84 531.0
2453170.80575 15.896 0.005 3.42 534.0
2453171.82850 15.888 0.004 3.53 612.0
2453172.75544 15.891 0.004 3.60 518.0
2453174.71241 15.887 0.005 3.40 548.0
2453175.72170 15.883 0.005 3.40 624.0
2453177.75889 15.883 0.007 6.33 643.0
2453178.78541 15.891 0.005 4.03 520.0
2453179.79515 15.888 0.005 4.07 568.0
2453180.72405 15.890 0.005 3.23 455.0
2453182.77501 15.859 0.005 4.42 500.0
2453183.74360 15.875 0.006 4.54 517.0
2453184.70142 15.890 0.005 3.62 533.0
2453185.75408 15.890 0.006 3.91 680.0
2453193.53962 15.895 0.005 4.43 630.0
2453194.59822 15.893 0.006 4.41 765.0
2453195.64553 15.879 0.005 3.21 443.0
2453195.80321 15.882 0.005 3.75 631.0
2453196.54866 15.875 0.006 4.44 671.0
2453197.51617 15.894 0.006 4.26 652.0
2453199.62603 15.881 0.006 4.93 432.0
2453201.51783 15.894 0.005 4.26 677.0
2453202.57222 15.888 0.005 4.45 494.0
2453203.66177 15.878 0.005 4.00 484.0
2453204.65608 15.879 0.005 4.09 415.0
2453205.76972 15.877 0.005 4.45 452.0
2453206.72056 15.891 0.007 6.68 468.0
2453210.54802 15.881 0.006 5.74 707.0
2453211.58637 15.895 0.006 5.22 464.0
2453217.65498 15.884 0.006 4.76 901.0
2453218.65338 15.884 0.007 4.74 991.0
2453219.60924 15.897 0.008 6.74 701.0
2453223.65456 15.873 0.007 6.57 569.0
2453224.70008 15.877 0.006 4.01 693.0
2453226.61742 15.887 0.007 6.90 404.0
2453228.60383 15.862 0.006 5.45 455.0
2453229.63630 15.871 0.005 4.43 484.0
2453230.66988 15.886 0.006 4.85 482.0
2453232.60109 15.893 0.007 7.19 517.0
2453238.62228 15.890 0.006 5.46 549.0
2453239.70096 15.895 0.007 7.25 557.0
2453240.68209 15.880 0.007 7.13 604.0
2453241.65702 15.892 0.006 4.49 801.0
2453245.55687 15.873 0.006 4.97 895.0
2453246.66059 15.880 0.007 6.21 772.0
2453247.62676 15.889 0.006 4.88 749.0
2453249.52877 15.886 0.006 5.11 519.0
2453250.66144 15.903 0.007 5.29 903.0
2453253.52921 15.867 0.006 5.06 416.0
2453256.63849 15.885 0.007 6.38 579.0
2453267.53456 15.894 0.005 4.18 822.0
2453267.58718 15.874 0.005 4.36 720.0
2453268.55269 15.883 0.006 3.95 680.0
2453272.58998 15.893 0.006 5.25 744.0
2453275.57296 15.885 0.007 5.76 794.0
2453278.60182 15.897 0.006 5.07 796.0
2453282.57586 15.898 0.004 4.04 362.0
2453288.54839 15.909 0.006 5.69 581.0
2453293.51903 15.879 0.004 5.16 347.0
2453295.52921 15.882 0.004 4.45 310.0
2453299.55349 15.918 0.003 4.53 327.0
2453306.52620 15.926 0.010 6.77 1480.0
2453314.50326 15.900 0.009 6.47 1461.0
2453408.89305 15.875 0.008 5.46 1463.0
2453414.86864 15.894 0.007 6.05 610.0
2453421.90025 15.899 0.005 3.90 764.0
2453422.87458 15.907 0.005 5.50 530.0
2453426.86572 15.891 0.006 4.61 705.0
2453429.85652 15.886 0.006 5.26 753.0
2453432.89116 15.916 0.006 3.58 2074.0
2453442.89366 15.882 0.005 4.42 517.0
2453445.80640 15.898 0.005 3.78 458.0
2453447.85704 15.896 0.006 5.26 544.0
2453449.86967 15.891 0.005 4.31 486.0
2453452.89025 15.906 0.005 3.43 495.0
2453455.82450 15.884 0.007 6.31 816.0
2453457.85803 15.885 0.005 4.21 617.0
2453459.85318 15.889 0.005 3.99 813.0
2453467.88304 15.898 0.005 3.98 437.0
2453468.79160 15.883 0.005 4.42 533.0
2453468.86544 15.893 0.005 3.36 603.0
2453468.91501 15.890 0.005 3.52 591.0
2453469.78897 15.871 0.005 4.16 487.0
2453470.80188 15.884 0.005 4.07 428.0
2453471.92829 15.889 0.007 5.86 993.0
2453472.76436 15.897 0.005 4.76 514.0
2453473.78413 15.891 0.006 5.28 464.0
2453474.78079 15.886 0.006 5.56 417.0
2453475.80638 15.895 0.005 4.80 454.0
2453476.90635 15.892 0.005 3.24 536.0
2453477.76819 15.889 0.005 4.06 481.0
2453479.76705 15.891 0.005 4.06 437.0
2453480.72717 15.900 0.005 4.29 451.0
2453481.74511 15.884 0.005 4.20 523.0
2453482.72186 15.896 0.005 4.24 648.0
2453496.72465 15.894 0.005 5.01 613.0
2453497.79621 15.902 0.006 4.79 580.0
2453498.92050 15.897 0.007 6.18 582.0
2453499.86734 15.885 0.005 4.35 502.0
2453500.73356 15.890 0.005 4.16 527.0
2453501.66786 15.882 0.006 5.33 645.0
2453501.72784 15.905 0.005 4.87 618.0
2453502.62798 15.887 0.006 4.79 776.0
2453503.63626 15.881 0.005 4.91 614.0
2453504.66647 15.907 0.006 6.16 503.0
2453506.73149 15.891 0.005 3.70 502.0
2453506.87247 15.882 0.005 3.76 561.0
2453508.66022 15.908 0.007 6.77 659.0
2453508.82289 15.887 0.005 4.50 546.0
2453509.60582 15.902 0.006 5.47 818.0
2453510.75895 15.899 0.005 3.97 598.0
2453510.92411 15.889 0.005 4.20 650.0
2453511.59580 15.901 0.008 6.43 1056.0
2453511.61492 15.902 0.008 6.39 898.0
2453511.64734 15.901 0.006 4.75 697.0
2453511.68168 15.910 0.005 4.53 632.0
2453511.68483 15.885 0.005 4.58 469.0
2453511.73442 15.889 0.006 4.74 472.0
2453511.76343 15.921 0.005 4.45 464.0
2453511.79170 15.891 0.005 3.30 327.0
2453511.82381 15.887 0.005 3.02 366.0
2453511.86557 15.900 0.005 3.46 397.0
2453511.89476 15.889 0.005 4.16 335.0
2453511.93323 15.889 0.005 4.32 350.0
2453512.59729 15.892 0.007 5.80 838.0
2453512.63626 15.882 0.007 6.02 666.0
2453512.68902 15.878 0.006 4.57 370.0
2453512.72077 15.879 0.006 5.39 381.0
2453512.75653 15.880 0.006 4.61 390.0
2453512.80402 15.878 0.005 3.61 463.0
2453512.84434 15.854 0.006 4.78 467.0
2453512.88316 15.879 0.006 4.42 470.0
2453512.93246 15.867 0.006 5.03 387.0
2453517.63912 15.872 0.007 5.79 1170.0
2453517.69294 15.885 0.009 6.62 1515.0
2453517.78536 15.893 0.005 4.37 768.0
2453520.58893 15.891 0.006 5.14 734.0
2453520.76641 15.886 0.005 4.20 556.0
2453520.86005 15.877 0.006 4.77 669.0
2453520.91701 15.898 0.007 5.61 794.0
2453521.61400 15.888 0.005 4.71 512.0
2453521.72315 15.892 0.005 3.26 601.0
2453521.85065 15.889 0.005 3.82 711.0
2453522.58631 15.902 0.005 4.06 572.0
2453522.69845 15.892 0.005 3.48 431.0
2453522.71928 15.901 0.004 3.40 442.0
2453522.75112 15.896 0.005 3.32 441.0
2453522.92453 15.876 0.006 4.81 670.0
2453522.94235 15.904 0.006 5.11 870.0
2453523.60753 15.898 0.006 5.43 475.0
2453523.68553 15.862 0.005 4.63 486.0
2453523.75631 15.894 0.004 3.04 464.0
2453523.84705 15.871 0.006 5.37 597.0
2453524.58130 15.900 0.005 4.53 540.0
2453524.61032 15.882 0.005 5.11 485.0
2453524.66312 15.894 0.005 4.69 443.0
2453524.75557 15.885 0.005 4.31 503.0
2453524.80798 15.886 0.005 4.36 674.0
2453524.87994 15.878 0.005 4.29 774.0
2453525.57197 15.908 0.006 5.72 540.0
2453525.64512 15.892 0.005 4.32 458.0
2453525.75447 15.896 0.005 3.72 401.0
2453525.81323 15.883 0.005 4.24 458.0
2453525.92114 15.884 0.006 5.17 800.0
2453526.65870 15.896 0.006 6.05 513.0
2453526.75743 15.894 0.005 3.79 516.0
2453526.87898 15.887 0.005 4.22 587.0
2453526.94529 15.886 0.009 7.22 1184.0
2453527.59253 15.872 0.005 4.69 546.0
2453527.71672 15.897 0.005 3.36 492.0
2453527.82177 15.883 0.005 4.27 583.0
2453527.87458 15.889 0.006 5.33 687.0
2453527.92177 15.887 0.007 6.56 855.0
2453528.56114 15.893 0.006 4.53 837.0
2453528.67837 15.876 0.005 3.97 423.0
2453528.79617 15.876 0.005 4.63 552.0
2453528.92649 15.883 0.007 6.41 902.0
2453529.57218 15.856 0.006 5.52 344.0
2453529.70064 15.876 0.004 3.77 345.0
2453529.86606 15.912 0.005 4.30 369.0
2453530.56135 15.896 0.005 4.84 584.0
2453530.61577 15.893 0.005 3.67 476.0
2453530.68957 15.907 0.005 3.25 451.0
2453530.78452 15.895 0.004 3.28 443.0
2453530.85065 15.910 0.004 3.17 477.0
2453533.59907 15.903 0.005 5.40 566.0
2453537.67878 15.900 0.005 4.77 560.0
2453538.61228 15.903 0.005 5.08 482.0
2453539.61917 15.914 0.006 4.88 1337.0
2453540.65559 15.901 0.005 4.06 614.0
2453541.78595 15.900 0.005 4.11 801.0
2453542.84134 15.886 0.010 5.28 3035.0
2453544.62268 15.902 0.006 4.12 1161.0
2453546.84966 15.921 0.008 6.99 782.0
2453547.81395 15.886 0.007 6.38 636.0
2453549.84397 15.873 0.005 5.52 688.0
2453550.64041 15.902 0.005 3.71 659.0
2453551.64101 15.875 0.003 3.95 543.0
2453552.67633 15.886 0.005 4.50 461.0
2453553.72573 15.882 0.006 5.41 591.0
2453553.78070 15.898 0.006 5.55 717.0
2453553.79268 15.916 0.007 6.14 834.0
2453553.80731 15.892 0.007 6.47 832.0
2453553.82570 15.884 0.007 6.54 914.0
2453553.83747 15.891 0.007 5.81 981.0
2453553.85222 15.918 0.009 8.25 906.0
2453553.86311 15.913 0.009 8.36 946.0
2453554.50255 15.887 0.008 7.30 727.0
2453554.56916 15.905 0.007 6.63 676.0
2453554.58394 15.899 0.007 6.53 637.0
2453554.59615 15.905 0.006 5.07 507.0
2453554.61166 15.884 0.005 4.53 548.0
2453554.62266 15.897 0.006 5.70 566.0
2453554.63207 15.887 0.006 5.53 576.0
2453554.64387 15.893 0.006 6.00 564.0
2453554.65571 15.892 0.006 6.17 535.0
2453554.66426 15.871 0.006 5.79 513.0
2453554.68329 15.898 0.005 4.91 483.0
2453554.69832 15.893 0.006 5.20 504.0
2453554.71358 15.886 0.006 5.53 519.0
2453554.72863 15.900 0.006 5.27 526.0
2453554.74346 15.889 0.006 5.14 492.0
2453554.76366 15.893 0.005 4.47 524.0
2453554.78342 15.878 0.006 5.33 546.0
2453554.80587 15.909 0.006 4.79 584.0
2453554.82612 15.884 0.007 6.53 641.0
2453554.85024 15.876 0.006 6.23 677.0
2453554.86473 15.870 0.007 6.37 794.0
2453555.64890 15.891 0.005 4.65 438.0
2453555.68260 15.895 0.006 5.46 441.0
2453555.76892 15.889 0.006 5.57 577.0
2453555.82566 15.889 0.008 7.71 674.0
2453556.55101 15.890 0.008 7.38 700.0
2453556.65153 15.896 0.005 3.96 462.0
2453556.76215 15.898 0.006 5.16 486.0
2453556.83450 15.884 0.007 7.24 637.0
2453558.46492 15.894 0.007 5.34 1061.0
2453558.53571 15.902 0.005 4.67 629.0
2453558.74593 15.898 0.006 5.59 449.0
2453558.83441 15.900 0.006 6.35 520.0
2453559.48117 15.882 0.007 6.63 874.0
2453559.56612 15.899 0.005 4.95 572.0
2453559.70436 15.889 0.005 3.70 494.0
2453560.46747 15.904 0.006 5.63 761.0
2453560.60571 15.878 0.005 4.20 478.0
2453560.69921 15.887 0.005 3.84 435.0
2453560.82685 15.893 0.006 4.97 515.0
2453561.46098 15.861 0.008 6.33 2050.0
2453561.62731 15.888 0.005 3.81 473.0
2453561.75365 15.887 0.005 3.76 445.0
2453562.46849 15.884 0.006 4.75 932.0
2453562.59411 15.887 0.007 6.34 508.0
2453562.76025 15.895 0.005 4.03 548.0
2453563.48140 15.874 0.006 5.10 632.0
2453563.64485 15.876 0.005 4.91 443.0
2453563.77653 15.904 0.006 5.34 562.0
2453564.51598 15.904 0.008 6.89 738.0
2453564.64065 15.893 0.005 4.08 483.0
2453564.73548 15.897 0.007 6.81 385.0
2453564.78499 15.888 0.007 6.90 440.0
2453564.80061 15.899 0.007 6.64 495.0
2453565.48063 15.912 0.008 6.80 862.0
2453568.78805 15.897 0.005 4.57 662.0
2453569.47465 15.869 0.011 5.65 3647.0
2453569.56798 15.897 0.006 4.12 845.0
2453573.66289 15.895 0.006 5.04 726.0
2453574.69430 15.878 0.005 4.00 637.0
2453575.54180 15.884 0.005 3.85 535.0
2453575.77840 15.881 0.006 4.91 695.0
2453576.69564 15.880 0.006 4.88 562.0
2453577.59578 15.883 0.005 4.86 443.0
2453578.68040 15.889 0.005 3.91 417.0
2453579.62591 15.880 0.005 4.14 432.0
2453580.65910 15.904 0.005 4.02 478.0
2453581.67894 15.904 0.005 3.68 457.0
2453582.65083 15.879 0.005 3.74 414.0
2453583.64121 15.891 0.005 3.83 403.0
2453583.76112 15.888 0.007 6.50 705.0
2453584.64988 15.893 0.005 3.85 432.0
2453584.76451 15.891 0.005 5.21 502.0
2453585.64022 15.898 0.005 4.58 361.0
2453586.72531 15.890 0.005 3.90 508.0
2453589.67885 15.899 0.005 3.47 444.0
2453590.66280 15.904 0.005 3.62 464.0
2453591.68636 15.911 0.005 3.66 510.0
2453593.75331 15.903 0.006 5.69 773.0
2453594.71550 15.887 0.005 4.73 561.0
2453601.66402 15.881 0.005 4.32 847.0
2453602.62463 15.883 0.005 4.11 835.0
2453603.64466 15.901 0.006 5.09 603.0
2453607.64301 15.892 0.005 4.29 464.0
2453608.65839 15.894 0.005 4.94 483.0
2453615.58614 15.887 0.005 4.52 424.0
2453618.58774 15.898 0.005 4.37 616.0
2453620.55096 15.911 0.005 3.54 453.0
2453622.52879 15.888 0.006 5.23 546.0
2453628.60498 15.907 0.006 4.74 1000.0
2453630.54432 15.888 0.006 5.35 839.0
2453632.59599 15.881 0.006 5.37 955.0
2453634.49507 15.883 0.006 5.34 515.0
2453639.55395 15.913 0.005 3.74 543.0
2453641.55237 15.907 0.007 6.25 709.0
2453644.51274 15.883 0.006 4.98 625.0
2453648.54449 15.908 0.006 6.00 593.0
2453650.59299 15.888 0.007 6.40 698.0
2453654.54854 15.887 0.007 5.43 1240.0
2453656.52980 15.894 0.006 4.69 902.0
2453658.56165 15.897 0.008 6.72 1092.0
2453660.53426 15.899 0.007 4.71 1230.0
2453664.53801 15.889 0.006 4.61 886.0
2453669.53758 15.911 0.007 6.28 740.0
2453675.51634 15.871 0.007 5.81 1012.0
2453776.87514 15.905 0.006 4.85 715.0
2453782.85981 15.903 0.006 4.63 771.0
2453784.88513 15.898 0.005 3.72 853.0
2453788.85253 15.888 0.006 4.06 1178.0
2453790.89494 15.903 0.006 3.34 1258.0
2453793.86225 15.910 0.005 3.33 746.0
2453795.84966 15.898 0.006 5.17 810.0
2453798.81286 15.894 0.005 4.17 624.0
2453799.83703 15.904 0.006 4.58 866.0
2453800.83197 15.893 0.006 5.11 640.0
2453801.89146 15.890 0.006 4.30 604.0
2453802.85704 15.896 0.005 4.06 627.0
2453803.89230 15.890 0.005 3.63 650.0
2453805.80876 15.893 0.006 5.10 668.0
2453806.77503 15.901 0.006 4.88 767.0
2453807.79413 15.885 0.006 5.15 899.0
2453808.80181 15.903 0.006 5.00 886.0
2453809.88692 15.870 0.005 3.91 813.0
2453810.85354 15.885 0.005 3.79 824.0
2453811.84514 15.890 0.005 4.13 639.0
2453812.84124 15.900 0.006 4.99 774.0
2453813.83416 15.894 0.005 3.92 754.0
2453814.83305 15.897 0.005 4.02 740.0
2453817.86456 15.887 0.006 3.82 1361.0
2453818.89369 15.892 0.005 3.70 586.0
2453819.81139 15.886 0.005 3.44 498.0
2453820.77803 15.885 0.005 4.16 534.0
2453821.78118 15.890 0.005 4.00 523.0
2453822.82057 15.883 0.005 4.07 565.0
2453823.78076 15.883 0.006 6.12 515.0
2453824.74695 15.884 0.006 6.04 633.0
2453825.81181 15.895 0.006 5.21 568.0
2453826.74033 15.896 0.005 6.81 351.0
2453827.80814 15.888 0.005 4.15 453.0
2453828.78275 15.891 0.006 5.30 581.0
2453829.76494 15.895 0.006 5.40 536.0
2453830.74128 15.882 0.005 4.74 661.0
2453831.91478 15.903 0.005 3.35 564.0
2453832.75184 15.907 0.005 3.98 510.0
2453833.76503 15.890 0.005 4.36 480.0
2453834.75076 15.891 0.005 4.30 637.0
2453834.92165 15.870 0.006 4.85 840.0
2453835.73984 15.895 0.006 5.10 655.0
2453836.77089 15.882 0.006 5.26 737.0
2453837.73824 15.902 0.006 5.56 735.0
2453837.91014 15.888 0.005 3.27 817.0
2453838.75003 15.889 0.007 5.81 793.0
2453838.91735 15.888 0.006 4.15 893.0
2453839.74580 15.890 0.006 5.21 861.0
2453840.71179 15.907 0.006 4.94 1000.0
2453840.91674 15.884 0.005 3.81 857.0
2453841.75031 15.894 0.006 4.60 850.0
2453841.90104 15.886 0.005 3.50 1059.0
2453842.85368 15.893 0.005 3.39 891.0
2453845.72583 15.907 0.007 4.60 1798.0
2453845.91657 15.876 0.006 4.75 675.0
2453846.73652 15.911 0.005 4.20 531.0
2453846.92882 15.924 0.006 3.71 918.0
2453847.80260 15.879 0.006 5.53 619.0
2453848.75757 15.888 0.005 4.40 491.0
2453849.75672 15.882 0.005 3.68 546.0
2453850.70075 15.899 0.005 4.84 576.0
2453850.87249 15.895 0.006 4.74 638.0
2453851.71590 15.882 0.006 5.16 542.0
2453851.88079 15.873 0.005 4.12 575.0
2453851.92689 15.899 0.005 3.85 734.0
2453852.70447 15.884 0.006 4.88 570.0
2453852.87571 15.889 0.005 3.78 558.0
2453853.69289 15.893 0.005 4.46 515.0
2453853.86119 15.885 0.005 3.94 487.0
2453853.93198 15.905 0.005 3.34 947.0
2453856.68292 15.894 0.005 4.07 724.0
2453856.84968 15.885 0.005 3.69 619.0
2453857.92060 15.900 0.006 4.61 687.0
2453858.76930 15.905 0.004 4.20 451.0
2453859.80750 15.889 0.005 4.69 498.0
2453860.67702 15.912 0.006 5.07 646.0
2453860.91585 15.898 0.005 4.36 680.0
2453861.67507 15.902 0.006 4.92 624.0
2453861.77866 15.895 0.005 3.61 507.0
2453862.70777 15.911 0.005 3.98 648.0
2453862.87080 15.893 0.005 3.60 725.0
2453863.64580 15.905 0.006 4.88 748.0
2453863.85989 15.886 0.005 3.39 508.0
2453864.68273 15.898 0.006 4.42 649.0
2453864.87280 15.881 0.005 3.37 504.0
2453864.93174 15.880 0.005 3.03 732.0
2453865.69355 15.890 0.006 4.40 720.0
2453865.83029 15.894 0.005 4.04 607.0
2453865.90706 15.899 0.005 3.57 568.0
2453866.69202 15.899 0.005 3.73 637.0
2453866.83148 15.891 0.005 3.73 581.0
2453866.91039 15.900 0.005 3.08 594.0
2453867.63487 15.895 0.006 4.56 1031.0
2453867.82053 15.901 0.006 3.88 845.0
2453867.89358 15.890 0.005 3.14 899.0
2453868.71798 15.898 0.006 3.96 1042.0
2453868.86965 15.888 0.006 4.14 984.0
2453869.69778 15.889 0.005 3.53 1100.0
2453869.87874 15.884 0.006 3.93 1301.0
2453872.89511 15.886 0.005 3.65 1030.0
2453873.65067 15.893 0.005 3.90 623.0
2453873.79274 15.880 0.005 3.54 684.0
2453873.86547 15.888 0.005 4.34 639.0
2453873.93508 15.908 0.006 4.72 845.0
2453874.74977 15.880 0.006 4.90 546.0
2453875.66344 15.896 0.005 3.68 448.0
2453875.81884 15.892 0.005 3.57 586.0
2453875.90984 15.887 0.005 3.90 613.0
2453876.64064 15.918 0.004 4.21 480.0
2453877.63877 15.891 0.005 5.31 445.0
2453877.79011 15.891 0.005 3.37 482.0
2453877.86400 15.888 0.005 3.67 622.0
2453880.61183 15.904 0.005 5.10 515.0
2453880.83967 15.902 0.005 4.51 610.0
2453880.91843 15.894 0.005 4.18 759.0
2453881.66883 15.889 0.005 4.02 615.0
2453881.88032 15.906 0.005 3.21 666.0
2453881.92708 15.909 0.005 3.31 841.0
2453882.75711 15.900 0.005 3.93 506.0
2453882.83138 15.894 0.005 4.08 631.0
2453882.90021 15.885 0.005 3.82 615.0
2453883.64650 15.891 0.006 5.59 595.0
2453883.84419 15.909 0.005 3.25 554.0
2453886.60859 15.905 0.005 4.82 638.0
2453886.80136 15.872 0.005 3.72 466.0
2453886.87322 15.899 0.006 5.37 554.0
2453887.58191 15.878 0.006 5.70 648.0
2453887.78455 15.885 0.004 3.63 525.0
2453887.88411 15.893 0.005 4.31 665.0
2453888.59798 15.867 0.004 5.00 552.0
2453889.66439 15.910 0.005 3.99 482.0
2453889.94261 15.882 0.006 5.30 925.0
2453890.64956 15.896 0.005 3.83 644.0
2453891.67402 15.897 0.005 4.81 552.0
2453891.80226 15.916 0.005 4.03 583.0
2453891.88424 15.911 0.006 5.11 637.0
2453892.57560 15.873 0.006 5.76 1112.0
2453892.94155 15.904 0.006 5.94 827.0
2453893.62782 15.889 0.005 4.82 609.0
2453893.86966 15.903 0.006 5.69 680.0
2453894.67823 15.873 0.006 5.53 505.0
2453896.61582 15.890 0.007 6.43 922.0
2453900.53709 15.888 0.006 5.40 1081.0
2453900.72351 15.894 0.005 3.41 725.0
2453900.80213 15.893 0.005 3.71 812.0
2453900.87078 15.896 0.006 4.31 1031.0
2453901.54724 15.910 0.006 4.96 656.0
2453901.72859 15.895 0.005 4.11 774.0
2453901.80583 15.887 0.006 5.27 662.0
2453901.87478 15.900 0.006 5.12 979.0
2453902.56993 15.909 0.005 4.63 590.0
2453902.74944 15.895 0.005 3.65 630.0
2453902.86841 15.902 0.006 5.22 868.0
2453903.66106 15.906 0.005 3.87 609.0
2453904.55825 15.905 0.005 4.48 590.0
2453904.72127 15.907 0.005 3.45 600.0
2453904.79034 15.912 0.005 3.88 558.0
2453904.89248 15.904 0.006 4.90 767.0
2453905.55498 15.902 0.005 4.22 565.0
2453905.73167 15.892 0.005 3.05 600.0
2453905.80170 15.902 0.005 3.13 582.0
2453905.87027 15.897 0.005 4.16 796.0
2453906.56951 15.897 0.006 4.57 630.0
2453906.71012 15.892 0.005 4.49 516.0
2453906.78247 15.908 0.005 4.43 576.0
2453906.86169 15.885 0.006 5.12 648.0
2453907.60029 15.895 0.006 4.99 495.0
2453907.78250 15.904 0.007 6.64 610.0
2453907.86706 15.886 0.008 6.86 766.0
2453908.53638 15.896 0.006 4.34 800.0
2453908.72205 15.892 0.005 3.83 589.0
2453908.80212 15.893 0.005 4.06 529.0
2453908.88171 15.889 0.006 4.71 717.0
2453909.53824 15.917 0.006 5.08 702.0
2453909.72098 15.896 0.005 3.23 393.0
2453909.81142 15.895 0.005 3.73 480.0
2453909.88771 15.882 0.006 5.36 755.0
2453910.57469 15.893 0.005 4.76 591.0
2453912.53735 15.903 0.005 3.30 631.0
2453912.72473 15.900 0.004 3.07 408.0
2453912.81864 15.889 0.005 3.87 435.0
2453913.52887 15.874 0.005 3.68 594.0
2453913.73429 15.920 0.005 4.34 543.0
2453913.82321 15.915 0.005 3.34 551.0
2453914.55264 15.893 0.006 5.06 595.0
2453915.53036 15.889 0.005 4.62 674.0
2453915.73238 15.909 0.005 4.70 452.0
2453915.83058 15.900 0.005 4.86 510.0
2453916.56905 15.894 0.006 5.65 571.0
2453916.81298 15.901 0.006 5.14 516.0
2453917.61779 15.902 0.006 5.75 569.0
2453917.82353 15.905 0.006 5.00 672.0
2453918.61112 15.919 0.006 5.75 565.0
2453918.82125 15.876 0.006 5.58 597.0
2453919.54938 15.884 0.006 5.19 756.0
2453919.75800 15.918 0.004 4.09 501.0
2453920.51573 15.913 0.007 6.44 579.0
2453920.71181 15.896 0.006 4.69 551.0
2453920.79718 15.901 0.005 3.79 556.0
2453921.51190 15.910 0.006 3.77 776.0
2453921.71115 15.903 0.007 6.44 603.0
2453921.72563 15.908 0.007 5.86 609.0
2453922.71556 15.898 0.007 6.21 571.0
2453930.54881 15.895 0.005 4.22 697.0
2453930.79059 15.875 0.007 6.51 966.0
2453931.50444 15.885 0.006 4.86 704.0
2453932.53202 15.901 0.006 4.40 712.0
2453932.80377 15.891 0.006 4.86 743.0
2453933.51844 15.889 0.005 4.07 698.0
2453933.70290 15.896 0.005 3.64 521.0
2453933.77490 15.873 0.005 4.08 650.0
2453934.49233 15.883 0.005 4.08 691.0
2453934.66238 15.889 0.005 3.86 442.0
2453934.73222 15.886 0.005 3.63 545.0
2453935.54223 15.908 0.006 4.96 582.0
2453935.71356 15.874 0.006 5.78 489.0
2453935.81110 15.877 0.006 5.47 740.0
2453936.49561 15.885 0.006 5.58 649.0
2453936.66111 15.891 0.005 3.79 551.0
2453936.73748 15.896 0.006 4.12 703.0
2453937.55987 15.900 0.007 5.97 509.0
2453938.50338 15.894 0.006 5.53 685.0
2453938.69838 15.898 0.004 4.69 469.0
2453938.80354 15.888 0.007 6.82 566.0
2453940.58804 15.894 0.005 4.85 568.0
2453941.70466 15.900 0.006 6.19 435.0
2453944.55594 15.895 0.004 4.23 589.0
2453944.75630 15.915 0.005 5.42 581.0
2453945.78420 15.898 0.006 5.91 635.0
2453946.51507 15.893 0.006 5.72 617.0
2453946.70728 15.883 0.006 5.24 450.0
2453950.52381 15.893 0.005 4.31 513.0
2453950.73886 15.877 0.006 5.40 539.0
2453951.51657 15.905 0.006 4.42 636.0
2453951.74782 15.898 0.006 5.50 768.0
2453956.56974 15.919 0.006 5.23 752.0
2453957.50816 15.897 0.006 4.33 1278.0
2453958.57897 15.891 0.005 4.23 618.0
2453959.51173 15.904 0.006 4.89 585.0
2453959.68615 15.909 0.006 4.79 646.0
2453960.50097 15.899 0.005 4.01 541.0
2453960.68007 15.889 0.005 3.47 609.0
2453961.57227 15.911 0.006 4.59 683.0
2453963.53360 15.906 0.005 4.65 501.0
2453963.71100 15.903 0.006 5.88 504.0
2453964.52870 15.914 0.005 3.77 583.0
2453965.51313 15.883 0.005 3.68 519.0
2453965.70443 15.890 0.005 4.82 500.0
2453966.48831 15.887 0.005 3.94 664.0
2453966.69006 15.890 0.006 5.55 501.0
2453967.52267 15.892 0.006 4.90 548.0
2453967.71549 15.894 0.006 5.61 476.0
2453968.50079 15.892 0.006 4.40 702.0
2453968.67075 15.896 0.006 5.38 540.0
2453969.48241 15.901 0.006 5.33 538.0
2453969.68309 15.893 0.006 5.67 473.0
2453970.51155 15.890 0.006 5.71 538.0
2453970.69014 15.903 0.005 4.88 469.0
2453971.55540 15.896 0.006 5.48 494.0
2453973.58160 15.883 0.006 5.23 444.0
2453974.51087 15.884 0.005 4.54 549.0
2453974.69743 15.879 0.007 6.78 560.0
2453975.51377 15.903 0.005 4.09 514.0
2453975.68559 15.878 0.006 6.57 587.0
2453976.50833 15.881 0.005 3.79 527.0
2453976.68438 15.890 0.007 7.13 689.0
2453979.51057 15.896 0.009 5.46 2234.0
2453982.57121 15.883 0.006 4.50 756.0
2453983.52886 15.883 0.007 5.02 1216.0
2453986.58566 15.894 0.006 4.97 735.0
2453987.50800 15.904 0.006 5.21 614.0
2453988.52093 15.896 0.005 3.77 497.0
2453989.53152 15.903 0.005 4.65 577.0
2453990.54835 15.886 0.006 5.03 542.0
2453991.50409 15.873 0.006 5.35 530.0
2453993.55583 15.887 0.006 6.07 510.0
2453994.56650 15.887 0.006 5.70 578.0
2453995.57406 15.894 0.005 3.85 538.0
2453999.61142 15.891 0.006 5.42 636.0
2454002.50083 15.912 0.006 4.98 589.0
2454003.49504 15.889 0.005 4.22 592.0
2454004.52914 15.901 0.005 4.17 625.0
2454006.52207 15.914 0.006 4.40 641.0
2454012.50201 15.894 0.006 5.87 693.0
2454016.51765 15.895 0.006 5.56 759.0
2454018.55541 15.879 0.006 4.91 709.0
2454020.54065 15.890 0.005 5.28 707.0
2454023.54098 15.894 0.006 4.82 1034.0
2454025.56038 15.912 0.006 5.19 837.0
2454028.49978 15.898 0.007 6.28 718.0
2454031.49990 15.915 0.006 5.07 800.0
2454038.50523 15.923 0.008 6.51 801.0
2454040.51963 15.890 0.008 6.54 960.0
2454043.51205 15.893 0.008 6.33 1338.0
2454141.87980 15.915 0.007 4.28 939.0
2454150.89500 15.914 0.009 5.71 1557.0
2454153.88292 15.919 0.006 4.48 707.0
2454156.86131 15.898 0.007 5.37 687.0
2454158.88088 15.903 0.007 4.12 764.0
2454161.84885 15.892 0.007 4.86 970.0
2454163.83171 15.900 0.007 4.17 1265.0
2454165.81315 15.893 0.008 5.66 1688.0
2454168.81030 15.910 0.007 4.33 1039.0
2454170.80228 15.903 0.010 3.81 4527.0
2454175.79289 15.900 0.007 4.90 712.0
2454176.90424 15.898 0.006 3.82 704.0
2454178.80800 15.914 0.006 5.06 610.0
2454179.85231 15.892 0.006 3.65 679.0
2454181.78873 15.902 0.007 5.77 617.0
2454182.83368 15.902 0.006 3.78 564.0
2454183.86981 15.896 0.006 4.27 634.0
2454184.91044 15.901 0.005 3.38 602.0
2454189.84565 15.905 0.007 5.70 588.0
2454191.81073 15.905 0.008 6.63 811.0
2454193.74509 15.906 0.010 7.15 1147.0
2454194.79064 15.906 0.007 4.60 775.0
2454196.78072 15.895 0.007 4.90 892.0
2454202.76224 15.896 0.006 3.60 747.0
2454203.75026 15.909 0.006 3.43 563.0
2454204.74254 15.889 0.006 5.00 702.0
2454204.92483 15.892 0.007 4.61 845.0
2454205.73906 15.905 0.006 4.51 515.0
2454207.72853 15.897 0.006 4.95 689.0
2454208.75063 15.910 0.006 3.85 571.0
2454211.79479 15.899 0.007 4.82 575.0
2454212.87196 15.895 0.007 6.32 539.0
2454213.71516 15.901 0.007 5.89 625.0
2454213.91873 15.912 0.006 3.83 710.0
2454215.74785 15.901 0.007 4.69 609.0
2454216.70564 15.898 0.006 4.90 675.0
2454217.71308 15.909 0.006 4.01 690.0
2454217.91673 15.898 0.006 3.65 673.0
2454218.76271 15.911 0.008 6.12 633.0
2454219.76364 15.903 0.007 5.58 615.0
2454220.70560 15.905 0.007 5.83 717.0
2454222.67432 15.917 0.008 5.71 1104.0
2454222.92180 15.896 0.006 4.19 1029.0
2454224.78781 15.899 0.007 4.12 1115.0
2454228.68320 15.893 0.006 4.37 808.0
2454228.91679 15.897 0.007 5.47 971.0
2454229.63892 15.888 0.008 6.88 752.0
2454229.67688 15.901 0.008 6.34 753.0
2454229.87385 15.895 0.006 4.44 781.0
2454230.68656 15.904 0.006 4.16 581.0
2454230.87463 15.905 0.007 4.82 770.0
2454230.93953 15.887 0.010 6.85 1629.0
2454231.62893 15.905 0.007 5.58 783.0
2454231.77314 15.899 0.006 4.36 781.0
2454231.89733 15.905 0.007 5.43 811.0
2454232.68098 15.901 0.007 5.42 942.0
2454232.84201 15.908 0.009 6.67 889.0
2454233.81627 15.904 0.007 5.03 810.0
2454234.71444 15.894 0.006 4.74 738.0
2454235.64246 15.901 0.007 4.60 812.0
2454235.80369 15.907 0.006 3.97 610.0
2454235.89612 15.898 0.006 4.27 691.0
2454238.62838 15.895 0.008 6.23 875.0
2454238.88080 15.911 0.007 5.26 930.0
2454239.63511 15.907 0.007 5.56 623.0
2454240.68249 15.900 0.007 5.62 614.0
2454240.81973 15.906 0.006 4.42 670.0
2454243.64830 15.910 0.007 5.50 699.0
2454243.74101 15.902 0.006 4.65 628.0
2454243.83477 15.898 0.007 5.65 674.0
2454244.62065 15.910 0.007 5.66 787.0
2454244.71689 15.897 0.006 4.42 651.0
2454244.80969 15.890 0.006 4.35 713.0
2454245.61373 15.914 0.006 5.29 569.0
2454245.70764 15.890 0.006 4.41 519.0
2454245.80347 15.923 0.006 3.99 548.0
2454246.67204 15.908 0.006 4.12 648.0
2454246.76491 15.900 0.006 4.36 681.0
2454246.85824 15.901 0.007 4.72 825.0
2454247.68726 15.899 0.006 4.12 713.0
2454247.83087 15.896 0.006 4.26 665.0
2454250.73542 15.895 0.006 4.19 937.0
2454251.80699 15.903 0.008 5.34 1438.0
2454256.62311 15.898 0.009 7.06 820.0
2454256.76913 15.893 0.008 5.93 833.0
2454257.65477 15.903 0.007 4.92 750.0
2454258.63816 15.899 0.007 5.97 657.0
2454258.76065 15.901 0.006 4.56 698.0
2454258.85477 15.911 0.007 5.55 847.0
2454267.59874 15.899 0.006 4.95 718.0
2454268.56196 15.907 0.006 5.78 717.0
2454268.84482 15.907 0.006 4.34 816.0
2454269.58117 15.893 0.006 4.44 661.0
2454269.70169 15.905 0.006 4.44 546.0
2454269.79097 15.915 0.004 4.74 589.0
2454270.57471 15.903 0.006 4.19 829.0
2454272.60306 15.905 0.006 4.33 810.0
2454272.75221 15.894 0.006 4.36 657.0
2454272.81145 15.910 0.005 4.76 815.0
2454272.88300 15.879 0.007 5.16 1198.0
2454273.62018 15.916 0.007 5.65 699.0
2454273.80082 15.896 0.007 4.19 1020.0
2454273.86198 15.901 0.008 5.73 1188.0
2454274.55282 15.911 0.007 5.31 935.0
2454274.70657 15.897 0.007 5.10 774.0
2454274.76771 15.888 0.007 5.08 796.0
2454274.82612 15.900 0.008 5.80 937.0
2454275.60526 15.888 0.006 4.51 738.0
2454275.78061 15.904 0.007 5.39 952.0
2454275.84171 15.889 0.008 5.92 1155.0
2454276.59004 15.898 0.007 5.32 740.0
2454277.53384 15.922 0.009 6.42 1044.0
2454277.71076 15.902 0.006 4.34 732.0
2454277.76945 15.885 0.007 5.81 776.0
2454277.82806 15.904 0.009 7.06 967.0
2454278.57872 15.900 0.008 6.17 952.0
2454278.75489 15.922 0.008 6.64 847.0
2454283.51325 15.894 0.007 4.54 1269.0
2454283.73356 15.912 0.007 4.35 1091.0
2454284.50820 15.903 0.007 4.93 939.0
2454284.69878 15.911 0.007 4.09 855.0
2454284.76111 15.920 0.007 3.97 909.0
2454284.82593 15.886 0.009 5.95 1256.0
2454285.51129 15.909 0.008 5.89 1016.0
2454285.69941 15.905 0.007 4.66 712.0
2454285.76585 15.898 0.007 4.46 730.0
2454285.83117 15.898 0.007 4.81 899.0
2454286.51098 15.913 0.007 4.81 1043.0
2454286.81178 15.894 0.007 4.86 1901.0
2454289.51880 15.906 0.007 4.57 856.0
2454289.73733 15.901 0.007 5.61 707.0
2454289.80246 15.906 0.007 4.85 812.0
2454290.56510 15.901 0.007 6.20 586.0
2454291.62769 15.892 0.006 4.46 638.0
2454292.49335 15.903 0.006 4.18 818.0
2454292.67255 15.888 0.006 4.07 645.0
2454292.73113 15.902 0.006 4.58 614.0
2454292.78967 15.892 0.006 4.70 727.0
2454293.49368 15.902 0.006 4.56 708.0
2454293.71829 15.896 0.006 4.31 559.0
2454293.77710 15.887 0.006 4.83 623.0
2454294.49286 15.914 0.007 5.56 800.0
2454295.49997 15.910 0.007 5.36 632.0
2454295.69800 15.889 0.006 4.09 436.0
2454295.75658 15.916 0.006 5.10 462.0
2454296.49700 15.900 0.007 5.76 686.0
2454296.69354 15.886 0.006 4.77 451.0
2454296.82719 15.904 0.007 6.46 661.0
2454297.51655 15.899 0.007 5.43 620.0
2454297.71817 15.892 0.005 4.38 521.0
2454298.55144 15.891 0.006 4.96 537.0
2454298.65716 15.904 0.006 5.23 466.0
2454298.76304 15.909 0.008 6.87 612.0
2454299.53445 15.912 0.006 3.76 586.0
2454299.62745 15.897 0.006 4.37 490.0
2454299.71965 15.907 0.006 4.52 467.0
2454299.81422 15.901 0.008 6.92 571.0
2454300.53013 15.892 0.006 4.74 590.0
2454300.65020 15.897 0.006 4.27 472.0
2454300.74572 15.902 0.006 4.00 581.0
2454301.52100 15.900 0.006 3.65 756.0
2454301.61676 15.894 0.006 3.59 612.0
2454301.71788 15.904 0.006 4.81 570.0
2454301.80771 15.903 0.006 5.48 603.0
2454302.59398 15.914 0.007 4.76 585.0
2454302.69417 15.910 0.007 5.03 568.0
2454303.68000 15.903 0.007 6.30 502.0
2454304.55411 15.900 0.007 5.13 974.0
2454304.67224 15.915 0.007 5.29 936.0
2454306.63808 15.904 0.007 5.56 754.0
2454306.69341 15.912 0.007 6.44 753.0
2454310.61727 15.888 0.008 5.13 1260.0
2454312.54955 15.903 0.007 4.49 1129.0
2454312.74800 15.895 0.006 5.04 814.0
2454315.64052 15.887 0.007 5.71 774.0
2454316.71371 15.908 0.007 5.97 728.0
2454317.56179 15.896 0.006 4.67 554.0
2454319.51904 15.917 0.008 6.26 688.0
2454319.77388 15.904 0.007 5.53 751.0
2454320.54586 15.910 0.006 4.53 556.0
2454326.51310 15.894 0.006 4.41 620.0
2454326.71029 15.898 0.008 6.37 558.0
2454327.59176 15.885 0.007 6.37 561.0
2454328.51854 15.914 0.007 5.46 758.0
2454328.69657 15.906 0.007 5.02 745.0
2454329.52829 15.909 0.007 4.90 614.0
2454329.67616 15.914 0.007 5.74 627.0
2454330.49940 15.927 0.006 4.38 638.0
2454330.69269 15.904 0.007 5.56 663.0
2454331.47955 15.897 0.007 5.53 770.0
2454331.68841 15.882 0.007 6.35 566.0
2454332.50933 15.893 0.006 3.99 655.0
2454333.53041 15.900 0.007 4.70 762.0
2454333.69154 15.893 0.008 6.36 681.0
2454334.50379 15.874 0.013 5.55 4636.0
2454334.63200 15.892 0.012 5.10 5104.0
2454338.50363 15.907 0.007 4.25 1165.0
2454339.48098 15.903 0.007 4.23 1166.0
2454339.69743 15.887 0.009 7.14 1235.0
2454340.60129 15.902 0.007 4.96 960.0
2454341.50429 15.902 0.008 6.03 906.0
2454342.53348 15.895 0.007 4.98 717.0
2454343.51231 15.899 0.006 3.46 748.0
2454344.54055 15.907 0.008 6.73 802.0
2454345.50573 15.892 0.006 4.00 733.0
2454346.51843 15.896 0.007 5.03 764.0
2454347.53314 15.907 0.007 4.96 623.0
2454349.49479 15.913 0.007 4.97 658.0
2454350.54143 15.911 0.006 4.10 648.0
2454351.50732 15.903 0.006 4.51 631.0
2454352.55786 15.916 0.008 6.39 671.0
2454353.51122 15.917 0.006 4.11 758.0
2454354.53991 15.906 0.006 4.00 701.0
2454355.54256 15.904 0.006 4.97 764.0
2454356.50794 15.901 0.006 4.83 659.0
2454357.53702 15.905 0.007 5.32 705.0
2454358.50004 15.895 0.008 5.83 743.0
2454359.53760 15.894 0.007 5.22 659.0
2454360.56694 15.888 0.007 5.69 653.0
2454361.57036 15.875 0.008 5.70 976.0
2454362.51211 15.896 0.007 4.62 1457.0
2454365.56297 15.906 0.008 5.75 1029.0
2454367.48900 15.915 0.006 3.71 1048.0
2454368.53264 15.887 0.007 5.29 944.0
2454370.49667 15.909 0.007 4.25 912.0
2454371.53510 15.920 0.006 4.08 880.0
2454372.52084 15.910 0.006 4.11 670.0
2454373.50704 15.907 0.007 5.40 817.0
2454376.57174 15.897 0.008 6.73 792.0
2454377.60896 15.880 0.008 6.97 844.0
2454378.51953 15.911 0.007 5.34 663.0
2454379.53457 15.902 0.008 6.58 753.0
2454380.54607 15.911 0.006 4.60 741.0
2454381.52475 15.907 0.008 5.59 967.0
2454382.56729 15.888 0.007 5.70 882.0
2454383.55782 15.899 0.007 5.10 994.0
2454384.53200 15.893 0.007 5.24 737.0
2454387.59148 15.905 0.007 4.77 1036.0
2454393.53185 15.917 0.007 5.02 1019.0
2454394.49934 15.900 0.007 4.05 1028.0
2454394.54721 15.907 0.007 5.18 1097.0
2454395.49780 15.912 0.008 4.91 1143.0
2454395.51864 15.897 0.007 4.53 1068.0
2454396.51064 15.890 0.008 5.46 1273.0
2454397.53493 15.921 0.008 5.15 1337.0
2454398.53987 15.902 0.007 4.80 1309.0
2454399.53253 15.896 0.008 5.56 1235.0
2454400.53460 15.903 0.009 6.69 1515.0
2454402.55102 15.921 0.008 5.84 1034.0
2454403.55008 15.902 0.008 5.64 1073.0
2454407.52599 15.911 0.008 6.60 962.0
2454408.54087 15.901 0.008 6.19 1157.0
2454507.85625 15.881 0.008 6.45 809.0
2454510.86176 15.891 0.006 5.18 819.0
2454513.86288 15.894 0.005 4.13 791.0
2454517.86201 15.902 0.009 6.44 1088.0
2454519.88299 15.903 0.006 4.09 743.0
2454522.87688 15.889 0.007 5.93 818.0
2454524.81274 15.895 0.007 5.45 1047.0
2454530.82038 15.891 0.005 3.96 730.0
2454533.85623 15.904 0.006 5.69 649.0
2454535.83897 15.919 0.007 5.78 652.0
2454536.89666 15.901 0.006 4.52 591.0
2454537.88230 15.905 0.005 3.95 495.0
2454538.81739 15.910 0.006 5.12 679.0
2454539.85545 15.903 0.006 4.76 555.0
2454540.80164 15.900 0.006 4.08 695.0
2454541.79438 15.892 0.005 4.27 592.0
2454542.78905 15.910 0.007 5.50 664.0
2454543.78457 15.900 0.006 4.47 695.0
2454544.78148 15.897 0.006 5.10 829.0
2454545.78780 15.914 0.006 4.43 842.0
2454546.79492 15.902 0.006 4.03 848.0
2454547.78888 15.900 0.006 3.79 924.0
2454548.79984 15.898 0.007 6.03 885.0
2454550.74290 15.893 0.007 6.13 889.0
2454551.76607 15.889 0.006 4.40 850.0
2454552.76206 15.903 0.012 5.57 4131.0
2454556.75813 15.880 0.006 4.64 540.0
2454557.77535 15.893 0.006 4.83 553.0
2454558.75229 15.899 0.005 4.43 561.0
2454558.92209 15.901 0.007 4.08 1467.0
2454559.75021 15.909 0.005 4.51 495.0
2454560.75033 15.890 0.006 5.25 486.0
2454561.74039 15.899 0.006 4.82 597.0
2454564.73057 15.903 0.006 5.19 527.0
2454565.72866 15.893 0.005 4.03 548.0
2454565.91953 15.901 0.005 4.59 616.0
2454566.72811 15.904 0.005 3.96 543.0
2454567.72116 15.905 0.006 4.54 613.0
2454567.92699 15.900 0.007 4.82 1581.0
2454568.72972 15.892 0.006 4.89 614.0
2454569.73882 15.890 0.006 5.17 559.0
2454570.72942 15.912 0.006 4.96 633.0
2454571.72408 15.887 0.007 5.79 678.0
2454571.91264 15.903 0.006 4.87 576.0
2454572.75158 15.898 0.005 4.06 651.0
2454573.73996 15.903 0.006 4.75 741.0
2454573.90631 15.903 0.005 4.63 538.0
2454574.74234 15.916 0.006 4.61 768.0
2454575.75142 15.903 0.006 4.27 806.0
2454576.75794 15.900 0.006 3.75 938.0
2454577.83964 15.907 0.006 4.92 804.0
2454578.79067 15.901 0.007 5.75 847.0
2454579.86759 15.902 0.008 4.57 2148.0
2454583.73438 15.896 0.007 4.96 1064.0
2454583.92718 15.900 0.006 4.64 792.0
2454585.75808 15.904 0.007 5.90 586.0
2454586.78329 15.880 0.007 6.32 609.0
2454587.77104 15.887 0.006 5.75 598.0
2454587.92958 15.892 0.007 5.98 850.0
2454588.69350 15.900 0.006 6.03 657.0
2454588.92436 15.885 0.006 4.74 706.0
2454589.67641 15.904 0.006 4.56 635.0
2454589.83181 15.887 0.006 4.90 569.0
2454589.89383 15.887 0.006 4.87 636.0
2454590.69919 15.898 0.006 4.81 700.0
2454590.90384 15.900 0.006 4.57 781.0
2454591.70769 15.889 0.006 4.15 763.0
2454591.83314 15.895 0.006 4.23 690.0
2454591.89968 15.889 0.006 4.50 771.0
2454592.66630 15.895 0.007 5.18 987.0
2454592.85558 15.898 0.007 5.22 925.0
2454592.93393 15.921 0.007 4.17 1418.0
2454593.65547 15.899 0.006 5.20 699.0
2454593.86516 15.912 0.006 4.48 769.0
2454594.67648 15.892 0.006 4.70 625.0
2454594.87150 15.901 0.006 4.83 729.0
2454595.66598 15.917 0.006 4.54 619.0
2454595.86041 15.910 0.006 4.88 585.0
2454595.92227 15.903 0.006 5.37 606.0
2454596.66120 15.886 0.006 5.41 623.0
2454597.68564 15.890 0.006 4.93 547.0
2454597.87715 15.896 0.006 4.79 715.0
2454598.66193 15.907 0.005 4.10 476.0
2454598.93062 15.892 0.006 5.41 829.0
2454599.63440 15.889 0.007 5.40 720.0
2454599.92496 15.894 0.007 5.96 728.0
2454600.64366 15.904 0.005 4.04 555.0
2454600.85238 15.922 0.006 4.40 671.0
2454601.64923 15.896 0.005 3.77 707.0
2454601.86546 15.897 0.005 4.20 541.0
2454601.92735 15.891 0.006 5.49 582.0
2454602.64185 15.896 0.005 4.00 650.0
2454602.85129 15.899 0.005 4.33 624.0
2454603.76932 15.881 0.006 5.13 672.0
2454606.64313 15.902 0.006 4.87 1189.0
2454606.89822 15.882 0.006 4.39 1332.0
2454610.73931 15.885 0.006 4.13 824.0
2454611.62860 15.892 0.007 5.50 774.0
2454611.81948 15.910 0.006 4.14 803.0
2454612.64998 15.907 0.006 4.71 970.0
2454615.79173 15.889 0.006 5.60 686.0
2454616.60074 15.918 0.007 5.88 704.0
2454616.81725 15.906 0.006 5.00 552.0
2454616.88724 15.887 0.007 5.48 826.0
2454617.66973 15.891 0.006 4.24 570.0
2454618.61250 15.906 0.006 5.50 609.0
2454621.91328 15.909 0.005 4.00 888.0
2454622.81092 15.900 0.006 5.69 662.0
2454622.92225 15.900 0.008 6.38 1015.0
2454623.64476 15.906 0.006 4.41 560.0
2454623.87002 15.891 0.007 5.78 895.0
2454624.58999 15.896 0.007 5.64 759.0
2454624.81413 15.901 0.006 5.30 598.0
2454624.88050 15.900 0.006 4.50 660.0
2454625.60409 15.909 0.007 5.60 621.0
2454625.79444 15.907 0.006 5.70 752.0
2454625.91093 15.896 0.008 6.68 787.0
2454626.60257 15.882 0.007 5.94 538.0
2454626.85789 15.893 0.007 6.53 593.0
2454627.56305 15.908 0.006 5.22 726.0
2454627.85235 15.886 0.005 3.96 511.0
2454627.91960 15.888 0.006 4.70 590.0
2454628.55033 15.910 0.006 4.75 763.0
2454628.75659 15.898 0.006 5.24 556.0
2454628.82206 15.905 0.006 4.90 561.0
2454628.89194 15.904 0.006 4.98 707.0
2454629.62775 15.906 0.006 4.12 521.0
2454629.83037 15.900 0.006 4.53 729.0
2454629.90837 15.893 0.006 5.02 754.0
2454630.56366 15.913 0.007 5.42 747.0
2454630.76952 15.901 0.006 4.66 700.0
2454630.85288 15.888 0.006 4.79 710.0
2454630.91564 15.888 0.007 5.54 848.0
2454631.56505 15.901 0.005 3.63 765.0
2454631.78081 15.901 0.005 3.96 602.0
2454631.86750 15.885 0.006 4.87 849.0
2454632.56886 15.877 0.006 4.19 861.0
2454632.85560 15.886 0.006 4.87 953.0
2454633.56884 15.885 0.006 3.86 908.0
2454633.68034 15.902 0.005 3.58 751.0
2454633.79608 15.895 0.006 4.40 835.0
2454638.75387 15.896 0.007 5.55 797.0
2454638.86409 15.889 0.007 4.99 1225.0
2454639.57641 15.892 0.006 4.61 941.0
2454639.67421 15.893 0.006 4.10 976.0
2454640.59594 15.898 0.006 4.31 656.0
2454640.72810 15.906 0.006 5.24 563.0
2454640.83311 15.892 0.007 5.97 806.0
2454641.66993 15.890 0.006 5.13 642.0
2454641.77989 15.910 0.006 5.36 699.0
2454642.59382 15.907 0.006 4.41 714.0
2454642.75635 15.899 0.006 4.98 576.0
2454642.83142 15.900 0.007 5.61 757.0
2454643.55162 15.907 0.007 5.69 636.0
2454644.59896 15.912 0.007 5.96 606.0
2454644.85795 15.887 0.006 5.54 645.0
2454645.52206 15.901 0.007 5.58 1055.0
2454645.77050 15.890 0.006 5.53 664.0
2454645.84521 15.894 0.007 5.17 906.0
2454646.52006 15.888 0.006 4.09 840.0
2454646.85247 15.880 0.006 4.66 898.0
2454647.51645 15.898 0.007 5.33 1150.0
2454647.73950 15.888 0.007 6.00 728.0
2454647.85053 15.890 0.007 5.51 876.0
2454648.49962 15.888 0.007 4.83 918.0
2454648.71609 15.898 0.006 5.26 586.0
2454648.81712 15.890 0.007 5.93 679.0
2454649.52569 15.900 0.007 5.32 830.0
2454649.73440 15.894 0.005 3.94 523.0
2454649.86080 15.901 0.007 5.35 837.0
2454650.51165 15.889 0.006 4.63 995.0
2454650.77559 15.883 0.006 5.06 546.0
2454650.86931 15.885 0.007 6.07 909.0
2454651.51503 15.898 0.008 5.90 913.0
2454651.81016 15.904 0.007 6.18 784.0
2454652.50607 15.906 0.006 4.61 945.0
2454652.71920 15.902 0.006 4.86 586.0
2454652.79409 15.888 0.006 5.50 656.0
2454652.84382 15.875 0.008 6.62 848.0
2454653.50241 15.887 0.007 5.49 924.0
2454653.72160 15.902 0.006 4.49 735.0
2454653.78680 15.886 0.007 5.85 747.0
2454654.54123 15.898 0.006 4.47 683.0
2454654.75269 15.889 0.006 5.20 616.0
2454654.81778 15.903 0.008 6.96 906.0
2454655.50227 15.903 0.007 5.38 1079.0
2454655.72677 15.888 0.006 4.64 508.0
2454655.78855 15.890 0.006 5.80 668.0
2454656.50422 15.927 0.006 3.77 644.0
2454656.69398 15.904 0.006 4.80 763.0
2454656.81322 15.876 0.007 5.34 1113.0
2454657.73013 15.905 0.007 6.45 615.0
2454658.66269 15.902 0.006 4.85 665.0
2454659.59670 15.926 0.008 6.87 649.0
2454660.61501 15.881 0.006 4.87 742.0
2454661.49227 15.898 0.007 5.18 1221.0
2454661.69295 15.910 0.007 4.74 1236.0
2454661.75444 15.894 0.009 5.72 2152.0
2454661.82164 15.876 0.008 5.77 2010.0
2454665.65972 15.898 0.007 5.22 1385.0
2454666.56516 15.903 0.006 4.24 1043.0
2454666.70824 15.887 0.007 5.06 923.0
2454666.75039 15.886 0.007 5.43 996.0
2454670.64986 15.886 0.006 5.38 601.0
2454671.58536 15.898 0.006 4.59 463.0
2454672.51088 15.892 0.005 3.99 654.0
2454672.70334 15.903 0.006 4.17 714.0
2454672.72562 15.904 0.006 4.35 695.0
2454674.51396 15.897 0.007 6.00 639.0
2454674.70707 15.901 0.006 5.35 605.0
2454675.68161 15.893 0.006 5.71 695.0
2454677.49057 15.900 0.006 3.89 756.0
2454677.63697 15.887 0.006 5.85 546.0
2454677.77947 15.890 0.007 5.79 682.0
2454678.69395 15.907 0.005 5.69 555.0
2454679.49619 15.905 0.008 7.06 629.0
2454681.53198 15.908 0.006 5.86 554.0
2454681.63200 15.890 0.006 5.83 518.0
2454681.76420 15.900 0.006 4.55 774.0
2454682.50298 15.894 0.006 3.85 673.0
2454682.66031 15.904 0.006 3.84 498.0
2454682.75551 15.896 0.006 4.80 661.0
2454683.52150 15.898 0.007 4.85 818.0
2454683.70842 15.887 0.006 5.24 564.0
2454684.51402 15.898 0.006 4.07 816.0
2454684.72774 15.900 0.006 4.34 577.0
2454685.49899 15.906 0.007 5.44 767.0
2454685.73396 15.907 0.006 5.49 721.0
2454686.50273 15.886 0.006 4.45 712.0
2454687.48649 15.905 0.006 4.45 701.0
2454687.74200 15.901 0.007 6.06 789.0
2454688.49942 15.892 0.007 5.32 793.0
2454688.68924 15.894 0.006 4.91 621.0
2454688.75105 15.895 0.007 5.75 841.0
2454693.54697 15.904 0.006 4.24 941.0
2454694.54225 15.897 0.008 6.88 823.0
2454697.50290 15.906 0.006 5.10 605.0
2454698.50839 15.899 0.006 4.20 560.0
2454699.50456 15.895 0.006 4.77 678.0
2454700.51083 15.887 0.006 4.65 640.0
2454701.50612 15.880 0.006 4.99 696.0
2454702.50463 15.892 0.006 4.80 649.0
2454703.57515 15.885 0.006 5.67 626.0
2454704.64488 15.899 0.006 5.23 585.0
2454705.50828 15.897 0.006 3.94 681.0
2454707.63863 15.898 0.006 5.41 537.0
2454708.54152 15.898 0.007 7.02 607.0
2454709.51762 15.931 0.008 6.46 681.0
2454710.54724 15.885 0.005 4.97 770.0
2454715.58658 15.902 0.007 6.30 748.0
2454716.58898 15.893 0.008 5.16 1781.0
2454720.55614 15.914 0.007 5.06 908.0
2454721.48767 15.880 0.008 6.38 980.0
2454722.60096 15.915 0.006 4.77 908.0
2454724.51004 15.862 0.007 5.62 872.0
2454725.48885 15.903 0.008 5.95 861.0
2454726.54976 15.901 0.008 6.70 825.0
2454728.59487 15.887 0.007 5.88 725.0
2454729.55037 15.904 0.007 6.76 658.0
2454730.56906 15.893 0.006 5.53 648.0
2454731.57363 15.889 0.006 4.75 585.0
2454733.52530 15.907 0.006 5.28 613.0
2454734.55466 15.885 0.007 6.13 688.0
2454737.54558 15.887 0.007 6.27 575.0
2454740.55610 15.899 0.006 5.09 697.0
2454741.56379 15.901 0.006 5.52 710.0
2454743.56944 15.904 0.007 5.63 679.0
2454753.54962 15.885 0.007 6.05 966.0
2454756.52846 15.891 0.007 5.96 839.0
2454758.51130 15.907 0.007 5.29 982.0
2454868.88180 15.345 0.004 5.00 984.0
2454870.85255 15.421 0.005 4.82 1192.0
2454873.85454 15.549 0.005 4.09 1047.0
2454874.84898 15.574 0.005 4.98 1048.0
2454877.84883 15.657 0.005 4.39 797.0
2454884.85638 15.771 0.005 4.93 805.0
2454887.82847 15.774 0.005 4.65 706.0
2454890.88445 15.823 0.005 4.76 588.0
2454896.87268 15.847 0.005 3.80 581.0
2454899.84360 15.857 0.006 4.23 755.0
2454900.88502 15.878 0.005 3.57 744.0
2454901.88342 15.885 0.005 4.10 744.0
2454902.88214 15.853 0.005 4.21 730.0
2454904.80623 15.869 0.006 4.89 814.0
2454905.91023 15.873 0.007 5.25 1117.0
2454910.81218 15.875 0.006 3.86 1122.0
2454911.78274 15.882 0.005 4.35 520.0
2454912.77967 15.876 0.005 3.58 536.0
2454914.79673 15.883 0.005 4.31 487.0
2454917.75776 15.881 0.005 4.17 594.0
2454920.73782 15.989 0.003 4.90 499.0
2454920.75032 15.891 0.005 4.66 500.0
2454924.77886 15.892 0.005 4.25 624.0
2454925.81881 15.881 0.005 4.16 634.0
2454925.90587 15.896 0.005 4.28 605.0
2454927.71851 15.878 0.007 5.32 877.0
2454927.87299 15.901 0.006 5.63 662.0
2454928.73498 15.889 0.006 5.59 751.0
2454929.79125 15.889 0.005 4.37 744.0
2454930.70575 15.895 0.006 4.15 1114.0
2454930.82468 15.904 0.006 4.63 893.0
2454931.72058 15.906 0.007 5.00 1106.0
2454931.86625 15.896 0.006 5.34 830.0
2454932.72363 15.891 0.006 3.81 988.0
2454932.82430 15.896 0.005 3.65 820.0
2454933.77197 15.868 0.006 5.03 926.0
2454934.87519 15.884 0.006 4.96 986.0
2454938.68096 15.883 0.006 4.99 957.0
2454938.88559 15.908 0.007 6.52 725.0
2454939.69987 15.886 0.006 5.90 661.0
2454940.69986 15.890 0.006 4.23 620.0
2454941.67863 15.898 0.006 5.16 719.0
2454941.77660 15.884 0.006 6.13 590.0
2454942.71640 15.901 0.005 4.09 601.0
2454943.67043 15.899 0.005 3.77 636.0
2454943.80994 15.888 0.006 5.28 559.0
2454944.66726 15.885 0.005 4.27 706.0
2454944.82270 15.910 0.005 4.55 561.0
2454945.71570 15.887 0.005 4.40 614.0
2454945.77218 15.904 0.005 4.19 587.0
2454946.66535 15.884 0.006 5.04 634.0
2454947.65907 15.891 0.005 4.18 588.0
2454947.85730 15.877 0.005 4.66 677.0
2454948.83959 15.891 0.005 4.35 517.0
2454950.67748 15.892 0.006 4.63 577.0
2454951.64774 15.902 0.006 4.71 753.0
2454952.64597 15.900 0.006 4.94 624.0
2454953.63960 15.893 0.006 4.24 770.0
2454953.81417 15.889 0.006 5.15 664.0
2454954.64114 15.897 0.006 4.65 692.0
2454954.83401 15.884 0.006 5.41 553.0
2454955.64184 15.922 0.007 5.19 805.0
2454955.67654 15.894 0.006 4.91 708.0
2454955.69574 15.901 0.006 4.60 612.0
2454955.72772 15.891 0.006 5.27 605.0
2454955.77521 15.900 0.006 5.14 549.0
2454955.82073 15.881 0.006 4.44 620.0
2454955.84252 15.892 0.007 6.36 649.0
