2452125.68449 18.425 0.063 5.40 1287.0
2452129.73667 18.433 0.038 4.01 821.0
2452132.67964 18.444 0.043 4.42 812.0
2452136.58305 18.399 0.048 5.28 739.0
2452141.59817 18.498 0.044 4.39 786.0
2452144.68095 18.347 0.038 4.43 675.0
2452160.63761 18.605 0.067 5.60 993.0
2452170.57853 18.470 0.052 5.30 830.0
2452178.58931 18.196 0.093 6.37 3051.0
2452188.53843 18.188 0.053 6.40 852.0
2452211.54196 18.289 0.068 6.28 1457.0
2452333.87889 18.380 0.043 4.15 1133.0
2452344.84020 18.388 0.038 3.83 919.0
2452355.89104 18.421 0.035 3.77 768.0
2452364.88358 18.416 0.055 5.56 965.0
2452372.89444 18.399 0.037 4.12 847.0
2452391.92455 18.529 0.059 4.73 1362.0
2452405.83181 18.413 0.041 4.31 836.0
2452414.88032 18.460 0.049 5.38 819.0
2452416.89296 18.450 0.055 5.29 1004.0
2452424.75161 18.451 0.055 3.92 1860.0
2452428.73682 18.413 0.038 4.27 757.0
2452432.88836 18.529 0.082 6.71 1198.0
2452434.77636 18.386 0.036 3.83 855.0
2452436.82434 18.502 0.045 4.17 898.0
2452438.79800 18.483 0.044 4.52 824.0
2452441.76032 18.487 0.044 4.52 776.0
2452445.67687 18.408 0.034 3.70 727.0
2452448.70017 18.469 0.072 3.12 4610.0
2452459.68889 18.249 0.033 5.32 504.0
2452460.70689 18.433 0.049 5.46 783.0
2452463.58818 18.437 0.035 3.74 793.0
2452466.61097 18.456 0.038 4.13 711.0
2452468.73717 18.437 0.034 3.68 738.0
2452470.72098 18.467 0.036 3.96 707.0
2452472.74842 18.387 0.044 4.97 757.0
2452481.60483 18.318 0.053 5.78 906.0
2452484.66815 18.452 0.047 5.06 740.0
2452486.53034 18.365 0.057 6.57 780.0
2452490.74403 18.441 0.061 6.44 881.0
2452493.68873 18.670 0.058 4.78 893.0
2452496.53477 18.373 0.031 3.75 717.0
2452498.55539 18.424 0.034 3.75 734.0
2452500.59886 18.358 0.035 3.70 839.0
2452502.61247 18.437 0.043 4.43 865.0
2452508.71070 18.461 0.059 4.94 1379.0
2452517.56158 18.467 0.054 5.57 840.0
2452520.62906 18.483 0.045 4.60 755.0
2452529.49492 18.396 0.048 4.60 1041.0
2452538.54658 18.415 0.050 4.63 1067.0
2452542.57436 18.424 0.040 4.06 961.0
2452548.50286 18.257 0.054 5.99 961.0
2452552.53917 18.510 0.066 6.07 1041.0
2452557.50433 18.462 0.048 4.36 902.0
2452564.52576 18.453 0.054 4.34 1355.0
2452708.85304 18.412 0.032 3.38 696.0
2452719.85874 18.479 0.047 4.17 1136.0
2452729.88069 18.400 0.046 4.96 898.0
2452734.81967 18.446 0.036 3.68 916.0
2452747.74400 18.527 0.076 5.84 1360.0
2452753.92904 18.369 0.057 5.75 1238.0
2452757.85613 18.388 0.048 5.27 1073.0
2452761.90425 18.454 0.043 4.70 948.0
2452767.85120 18.425 0.056 6.03 1048.0
2452775.76807 18.442 0.061 5.24 1574.0
2452782.68942 18.433 0.055 6.06 824.0
2452784.61208 18.459 0.037 3.73 820.0
2452786.83544 18.452 0.050 4.97 1020.0
2452788.64203 18.513 0.045 3.99 972.0
2452790.74647 18.496 0.042 4.50 737.0
2452795.63403 18.442 0.036 4.50 701.0
2452797.64598 18.433 0.031 3.21 783.0
2452802.73837 18.373 0.053 5.11 1129.0
2452809.76098 18.464 0.050 4.79 977.0
2452811.68810 18.484 0.055 5.49 826.0
2452812.81738 18.505 0.052 5.00 880.0
2452813.86118 18.432 0.049 4.88 913.0
2452815.84185 18.415 0.041 4.04 921.0
2452816.86281 18.434 0.044 4.08 1094.0
2452818.63254 18.442 0.040 4.56 778.0
2452819.80904 18.529 0.047 4.19 964.0
2452821.69489 18.506 0.047 4.33 890.0
2452826.81225 18.492 0.056 5.75 770.0
2452835.68035 18.454 0.048 4.30 1078.0
2452837.68806 18.522 0.077 5.28 1878.0
2452838.82383 18.539 0.074 5.79 1351.0
2452840.74115 18.475 0.052 4.96 990.0
2452843.69244 18.302 0.038 4.87 822.0
2452845.68979 18.419 0.040 4.45 771.0
2452846.51145 18.491 0.070 6.88 967.0
2452847.47567 18.549 0.086 6.81 1236.0
2452848.67499 18.404 0.050 5.89 766.0
2452849.64545 18.524 0.052 5.82 717.0
2452850.47654 18.384 0.044 4.15 1111.0
2452850.57871 18.515 0.037 3.82 923.0
2452851.66883 18.482 0.043 4.93 710.0
2452852.58646 18.380 0.064 6.75 952.0
2452853.47106 18.438 0.057 5.11 1312.0
2452854.59091 18.476 0.042 4.49 777.0
2452855.61160 18.537 0.068 6.74 883.0
2452856.55098 18.467 0.049 5.00 895.0
2452857.50116 18.371 0.040 4.57 928.0
2452858.71348 18.445 0.041 3.98 1000.0
2452859.57400 18.360 0.052 4.24 2068.0
2452862.47010 18.493 0.089 5.97 1804.0
2452862.66060 18.394 0.057 5.41 1155.0
2452862.74786 18.456 0.075 5.63 1560.0
2452863.49613 18.467 0.055 4.83 1321.0
2452864.52891 18.446 0.066 6.51 1069.0
2452865.56025 18.350 0.039 4.67 952.0
2452866.61010 18.449 0.053 5.06 957.0
2452866.64122 18.412 0.047 4.83 948.0
2452867.63502 18.368 0.036 4.31 733.0
2452868.58255 18.505 0.040 4.50 731.0
2452868.71191 18.397 0.045 4.50 974.0
2452869.56379 18.474 0.047 4.37 819.0
2452870.65336 18.430 0.041 4.05 824.0
2452871.47012 18.312 0.056 4.92 1736.0
2452871.63410 18.464 0.036 3.51 832.0
2452872.55986 18.414 0.037 3.78 808.0
2452875.50434 18.385 0.053 6.14 773.0
2452876.57768 18.425 0.039 4.74 733.0
2452877.51393 18.488 0.048 4.68 847.0
2452877.53213 18.493 0.047 5.02 827.0
2452878.50179 18.361 0.036 3.95 877.0
2452879.58425 18.516 0.045 4.58 738.0
2452880.69742 18.350 0.044 5.03 825.0
2452880.71043 18.360 0.047 5.34 859.0
2452881.66743 18.380 0.032 4.44 607.0
2452882.50413 18.650 0.067 6.50 802.0
2452883.59317 18.447 0.037 4.42 716.0
2452883.62680 18.501 0.045 4.66 775.0
2452884.58397 18.504 0.044 4.27 835.0
2452885.55497 18.422 0.052 5.62 885.0
2452890.66300 18.377 0.068 5.29 1446.0
2452892.55313 18.530 0.054 5.10 1020.0
2452893.48848 18.424 0.057 5.63 1189.0
2452894.52850 18.446 0.046 4.76 916.0
2452895.61873 18.391 0.037 4.13 915.0
2452896.53658 18.378 0.040 4.07 866.0
2452897.63851 18.523 0.055 4.89 906.0
2452898.55150 18.409 0.051 5.47 974.0
2452899.63518 18.440 0.037 3.90 828.0
2452900.48014 18.434 0.070 6.54 1025.0
2452900.63042 18.449 0.051 4.74 912.0
2452901.50407 18.269 0.057 6.47 959.0
2452902.47961 18.350 0.072 7.50 985.0
2452903.57808 18.384 0.032 3.67 716.0
2452904.61321 18.389 0.055 5.74 834.0
2452905.48843 18.389 0.055 5.58 935.0
2452905.55277 18.518 0.069 6.32 946.0
2452905.62954 18.470 0.062 5.96 952.0
2452906.49241 18.504 0.063 6.24 937.0
2452906.58665 18.330 0.045 5.10 891.0
2452907.48603 18.487 0.070 6.82 938.0
2452907.60585 18.411 0.055 5.32 917.0
2452908.49276 18.260 0.060 7.26 891.0
2452909.49462 18.253 0.047 6.18 845.0
2452909.57295 18.461 0.063 6.02 948.0
2452909.63884 18.461 0.051 5.36 807.0
2452910.48592 18.204 0.060 6.66 1243.0
2452910.54195 18.453 0.052 5.33 857.0
2452911.52623 18.326 0.053 5.64 932.0
2452912.47734 18.475 0.091 5.48 2475.0
2452915.48832 18.538 0.074 4.64 2048.0
2452916.52469 18.423 0.049 4.72 1138.0
2452917.51595 18.372 0.052 4.50 1220.0
2452918.50717 18.311 0.054 5.12 1098.0
2452920.51776 18.477 0.059 5.03 1191.0
2452921.50631 18.246 0.056 6.36 980.0
2452922.51332 18.438 0.061 5.32 1137.0
2452923.52228 18.404 0.045 4.39 1131.0
2452924.52014 18.470 0.041 3.74 1107.0
2452925.53017 18.477 0.043 4.39 925.0
2452926.55208 18.375 0.041 4.50 841.0
2452927.51201 18.478 0.056 5.16 827.0
2452928.52341 18.430 0.047 4.49 903.0
2452930.51729 18.434 0.051 4.72 1028.0
2452931.51748 18.490 0.040 3.68 867.0
2452932.52366 18.395 0.041 3.76 973.0
2452933.51685 18.543 0.052 4.36 1057.0
2452934.53301 18.422 0.052 4.55 1002.0
2452937.52714 18.569 0.063 5.36 987.0
2452939.52852 18.530 0.065 5.33 1106.0
2452939.53323 18.486 0.061 5.11 2163.0
2452941.50156 18.304 0.052 4.98 2694.0
2452943.52479 18.365 0.083 5.98 4131.0
2452944.52474 18.352 0.066 5.71 2963.0
2452945.51029 18.347 0.066 5.56 3094.0
2452946.51642 18.418 0.064 5.67 2586.0
2452947.50824 18.440 0.069 5.24 3085.0
2452951.50479 18.255 0.061 4.63 4333.0
2452953.50688 18.305 0.051 3.95 3734.0
2453041.87669 18.427 0.056 4.34 3261.0
2453050.87089 18.495 0.048 3.98 2353.0
2453052.86027 18.378 0.042 4.24 1000.0
2453059.83591 18.468 0.041 4.22 834.0
2453064.85282 18.411 0.054 5.47 1011.0
2453068.80659 18.368 0.057 5.66 1083.0
2453070.88521 18.509 0.044 4.08 879.0
2453073.84129 18.476 0.040 3.76 925.0
2453075.87941 18.477 0.041 3.88 939.0
2453080.78360 18.402 0.039 3.81 1008.0
2453082.91525 18.353 0.041 4.01 1284.0
2453085.84189 18.458 0.038 4.99 633.0
2453086.91651 18.409 0.046 4.22 1229.0
2453088.83449 18.499 0.033 3.88 634.0
2453090.74759 18.483 0.036 4.04 705.0
2453096.90279 18.375 0.050 6.86 743.0
2453099.79848 18.481 0.052 5.40 827.0
2453101.78411 18.447 0.044 4.30 966.0
2453103.80766 18.454 0.040 3.72 931.0
2453104.86635 18.362 0.073 4.27 3453.0
2453106.87959 18.348 0.045 3.96 1547.0
2453108.80006 18.444 0.034 3.70 744.0
2453109.85902 18.386 0.035 4.82 727.0
2453110.86540 18.403 0.037 4.88 790.0
2453112.85073 18.505 0.038 5.00 599.0
2453114.81532 18.426 0.036 4.43 698.0
2453116.90346 18.490 0.046 5.20 728.0
2453123.79393 18.204 0.024 4.31 501.0
2453125.90585 18.500 0.061 6.16 793.0
2453127.85364 18.460 0.045 4.85 941.0
2453128.85349 18.385 0.047 5.00 985.0
2453130.73250 18.384 0.044 4.01 1200.0
2453131.69892 18.438 0.051 4.33 1214.0
2453135.93058 18.431 0.042 4.80 819.0
2453138.68484 18.463 0.047 5.01 749.0
2453139.91082 18.406 0.036 4.23 796.0
2453140.91428 18.472 0.043 4.82 685.0
2453142.79870 18.562 0.041 4.56 771.0
2453144.81868 18.558 0.042 4.76 680.0
2453146.85584 18.317 0.045 6.08 644.0
2453151.79079 18.480 0.048 6.04 648.0
2453151.93933 18.578 0.064 5.36 1023.0
2453152.78845 18.532 0.043 4.49 724.0
2453153.79109 18.475 0.049 5.44 754.0
2453154.87541 18.367 0.057 6.46 811.0
2453156.89494 18.548 0.052 4.79 904.0
2453162.60480 18.444 0.052 4.73 1104.0
2453163.78576 18.480 0.044 4.70 845.0
2453164.76802 18.445 0.033 3.75 704.0
2453164.90101 18.309 0.039 4.53 844.0
2453165.74155 18.455 0.038 4.60 718.0
2453167.62796 18.350 0.051 6.36 718.0
2453168.88674 18.466 0.043 4.21 884.0
2453169.75486 18.519 0.046 4.73 716.0
2453170.84276 18.548 0.036 3.60 661.0
2453171.81098 18.419 0.030 3.75 690.0
2453172.78191 18.534 0.044 4.82 662.0
2453173.88292 18.216 0.049 6.08 861.0
2453174.74175 18.537 0.038 4.20 688.0
2453175.75475 18.394 0.034 4.58 714.0
2453177.79097 18.475 0.066 7.56 800.0
2453179.53570 18.407 0.037 4.25 769.0
2453179.91494 18.478 0.059 5.53 983.0
2453180.75674 18.446 0.033 4.31 558.0
2453182.81738 18.513 0.041 4.45 748.0
2453183.77238 18.536 0.049 5.36 639.0
2453184.73349 18.426 0.034 4.23 672.0
2453185.73693 18.386 0.043 4.43 852.0
2453194.58002 18.391 0.053 5.89 971.0
2453195.71156 18.411 0.032 4.11 636.0
2453195.83207 18.606 0.045 4.04 791.0
2453196.80344 18.460 0.041 4.50 723.0
2453197.55775 18.354 0.038 4.48 722.0
2453199.66295 18.408 0.034 5.18 502.0
2453202.54921 18.472 0.038 4.71 635.0
2453203.69433 18.563 0.038 4.19 570.0
2453204.68524 18.366 0.032 4.27 557.0
2453205.54408 18.458 0.035 4.37 569.0
2453206.74943 18.490 0.043 4.99 653.0
2453209.66940 18.509 0.044 5.11 611.0
2453210.66948 18.416 0.033 3.71 675.0
2453211.63995 18.532 0.044 5.46 545.0
2453217.68416 18.371 0.041 4.04 1087.0
2453218.68291 18.574 0.061 5.16 1053.0
2453219.64860 18.460 0.055 5.70 806.0
2453223.68369 18.548 0.056 5.98 721.0
2453224.73173 18.496 0.051 4.85 885.0
2453226.66011 18.459 0.051 6.34 585.0
2453228.63300 18.507 0.040 4.97 553.0
2453229.66548 18.445 0.033 4.18 557.0
2453230.69896 18.452 0.047 5.40 645.0
2453231.60295 18.371 0.036 4.50 688.0
2453232.63942 18.440 0.050 6.35 584.0
2453238.65124 18.390 0.049 5.94 659.0
2453240.50338 18.409 0.034 3.73 778.0
2453241.68711 18.465 0.068 4.87 1825.0
2453245.58730 18.506 0.060 5.29 1104.0
2453246.69295 18.410 0.062 6.17 1022.0
2453247.63600 18.545 0.050 4.65 880.0
2453249.55960 18.373 0.045 5.34 756.0
2453250.69059 18.460 0.059 5.25 1134.0
2453256.66988 18.449 0.050 5.45 722.0
2453260.57964 18.427 0.042 5.08 656.0
2453265.59292 18.406 0.039 4.35 709.0
2453272.62167 18.502 0.051 5.12 839.0
2453275.58227 18.252 0.047 5.70 917.0
2453279.55258 18.341 0.046 5.43 807.0
2453282.51110 18.460 0.045 4.78 743.0
2453288.57741 18.337 0.038 5.42 504.0
2453293.54804 18.353 0.029 5.45 300.0
2453300.54180 18.364 0.050 4.41 1132.0
2453417.88621 18.367 0.029 3.40 662.0
2453423.84880 18.412 0.040 4.54 724.0
2453426.89425 18.610 0.044 3.75 854.0
2453429.87926 18.418 0.042 4.41 830.0
2453436.83866 18.423 0.054 6.14 688.0
2453443.79390 18.391 0.032 3.91 702.0
2453445.83514 18.453 0.031 3.45 628.0
2453447.88545 18.358 0.038 4.35 711.0
2453449.90244 18.382 0.032 4.05 648.0
2453452.91957 18.591 0.062 4.02 1764.0
2453453.79138 18.403 0.047 4.10 1115.0
2453455.86196 18.354 0.046 4.94 994.0
2453456.87308 18.605 0.041 3.77 834.0
2453457.79073 18.462 0.039 3.88 846.0
2453458.83434 18.479 0.041 4.01 895.0
2453459.80893 18.408 0.037 3.87 940.0
2453467.91211 18.565 0.038 4.25 609.0
2453469.82136 18.431 0.029 3.36 605.0
2453470.86544 18.456 0.034 3.86 641.0
2453472.79275 18.487 0.036 3.91 656.0
2453473.88777 18.477 0.049 5.60 665.0
2453474.86013 18.462 0.043 5.04 632.0
2453475.92774 18.444 0.043 3.75 1306.0
2453477.79665 18.516 0.042 4.51 649.0
2453480.86295 18.505 0.044 5.17 625.0
2453481.87488 18.345 0.032 4.03 672.0
2453483.80722 18.406 0.035 3.75 799.0
2453496.76113 18.427 0.045 4.79 832.0
2453497.83263 18.493 0.047 5.20 774.0
2453499.75754 18.395 0.034 4.30 632.0
2453500.76212 18.505 0.040 3.99 682.0
2453502.71066 18.421 0.030 3.13 708.0
2453503.72129 18.377 0.030 3.76 589.0
2453504.73874 18.432 0.044 5.56 579.0
2453506.84062 18.529 0.059 6.38 712.0
2453508.81782 18.441 0.044 5.03 711.0
2453509.72097 18.437 0.035 4.46 611.0
2453511.70761 18.482 0.044 4.72 747.0
2453512.77656 18.305 0.040 4.38 1015.0
2453517.81703 18.616 0.064 4.04 2007.0
2453520.85221 18.479 0.040 4.20 804.0
2453521.67144 18.492 0.036 3.94 586.0
2453522.78158 18.531 0.043 4.57 677.0
2453523.81633 18.344 0.033 4.19 653.0
2453524.80397 18.629 0.051 4.68 813.0
2453525.78365 18.476 0.038 4.59 606.0
2453526.86900 18.464 0.044 4.76 701.0
2453528.58760 18.382 0.035 3.90 760.0
2453530.81305 18.350 0.030 3.92 615.0
2453537.78088 18.412 0.036 4.93 584.0
2453538.71032 18.595 0.040 4.21 746.0
2453540.68429 18.380 0.036 3.91 799.0
2453544.76809 18.358 0.044 4.05 1341.0
2453546.88532 18.548 0.071 5.01 1431.0
2453547.84271 18.455 0.049 4.82 870.0
2453549.79665 18.260 0.039 4.63 917.0
2453550.66918 18.437 0.033 3.81 694.0
2453550.72227 18.448 0.037 4.63 657.0
2453550.75596 18.474 0.033 3.98 659.0
2453550.77576 18.459 0.035 4.29 620.0
2453550.79015 18.583 0.038 3.91 670.0
2453550.80485 18.349 0.033 3.95 721.0
2453550.81950 18.372 0.033 3.72 820.0
2453550.84542 18.441 0.041 4.15 882.0
2453550.87421 18.470 0.057 5.09 1157.0
2453551.59485 18.454 0.030 3.78 601.0
2453551.67457 18.491 0.029 3.52 692.0
2453551.73165 18.373 0.028 4.06 550.0
2453551.81086 18.446 0.041 4.83 652.0
2453551.88013 18.552 0.069 5.91 1047.0
2453552.59592 18.420 0.039 4.55 1061.0
2453552.70603 18.392 0.035 4.31 622.0
2453553.70867 18.621 0.055 5.22 731.0
2453553.78386 18.425 0.047 4.88 919.0
2453554.70427 18.382 0.042 5.32 656.0
2453554.79875 18.337 0.042 5.23 715.0
2453555.65593 18.604 0.055 6.02 589.0
2453555.69507 18.257 0.035 5.12 647.0
2453555.77209 18.553 0.066 6.64 741.0
2453555.82886 18.453 0.068 6.82 828.0
2453556.55428 18.606 0.074 6.63 859.0
2453556.66354 18.600 0.048 5.08 480.0
2453556.75583 18.345 0.043 5.49 488.0
2453556.83791 18.471 0.060 6.16 808.0
2453558.46917 18.545 0.063 5.37 1085.0
2453558.59147 18.421 0.038 4.34 663.0
2453558.74248 18.404 0.044 5.54 624.0
2453558.84480 18.486 0.044 4.75 692.0
2453559.52611 18.252 0.044 5.65 826.0
2453559.57038 18.570 0.052 5.02 749.0
2453559.68735 18.477 0.038 4.17 611.0
2453560.47330 18.573 0.059 5.59 803.0
2453560.56099 18.452 0.046 5.11 501.0
2453560.64047 18.406 0.029 3.53 607.0
2453560.73869 18.443 0.038 4.50 458.0
2453560.82062 18.541 0.043 4.48 474.0
2453560.85096 18.444 0.045 4.56 563.0
2453561.46552 18.438 0.073 5.78 1157.0
2453561.50927 18.355 0.038 3.80 721.0
2453561.53585 18.326 0.038 4.00 690.0
2453561.57756 18.469 0.037 3.58 556.0
2453561.62432 18.471 0.033 3.63 478.0
2453561.67310 18.396 0.043 5.23 457.0
2453561.71145 18.518 0.035 3.89 470.0
2453561.71472 18.361 0.030 3.80 303.0
2453561.74707 18.366 0.032 3.94 590.0
2453561.76115 18.409 0.031 3.93 591.0
2453561.77681 18.485 0.033 3.75 593.0
2453561.80109 18.508 0.036 3.95 618.0
2453561.84787 18.405 0.035 3.75 756.0
2453562.46533 18.379 0.052 4.70 1336.0
2453562.62493 18.339 0.038 4.73 669.0
2453562.79301 18.490 0.038 3.83 659.0
2453562.84776 18.369 0.041 4.50 827.0
2453563.47785 18.392 0.052 5.56 851.0
2453563.67139 18.401 0.033 4.19 583.0
2453564.56494 18.373 0.042 5.03 689.0
2453568.80845 18.428 0.047 4.88 875.0
2453569.48983 18.287 0.051 5.20 1164.0
2453569.70866 18.328 0.068 4.80 2517.0
2453573.69531 18.365 0.043 4.53 931.0
2453573.72956 18.468 0.049 4.67 993.0
2453574.72330 18.420 0.040 4.13 850.0
2453575.66215 18.425 0.033 3.80 693.0
2453576.72456 18.567 0.053 5.27 757.0
2453577.77291 18.514 0.039 4.33 616.0
2453578.70955 18.438 0.032 3.92 578.0
2453579.65486 18.388 0.032 4.32 570.0
2453580.69138 18.461 0.042 5.06 616.0
2453581.70782 18.446 0.035 4.25 584.0
2453582.63359 18.345 0.035 4.67 567.0
2453583.67020 18.345 0.035 4.64 581.0
2453584.67898 18.478 0.035 4.13 594.0
2453585.67699 18.482 0.032 3.97 489.0
2453586.70841 18.372 0.028 3.43 598.0
2453588.75948 18.349 0.041 5.09 690.0
2453589.72078 18.471 0.040 4.69 638.0
2453590.71698 18.439 0.041 4.57 709.0
2453592.68968 18.414 0.034 4.26 590.0
2453601.69324 18.559 0.050 4.19 1105.0
2453602.69343 18.437 0.059 5.42 1153.0
2453603.67359 18.490 0.042 4.32 751.0
2453607.67209 18.417 0.039 4.69 625.0
2453608.68805 18.259 0.034 4.59 658.0
2453615.61533 18.458 0.039 5.05 588.0
2453618.61886 18.437 0.044 4.74 783.0
2453620.58208 18.440 0.035 4.02 604.0
2453628.58410 18.488 0.048 4.38 1101.0
2453630.59818 18.377 0.050 4.66 1030.0
2453634.52903 18.597 0.045 4.54 665.0
2453639.53607 18.477 0.032 3.40 700.0
2453641.58164 18.451 0.053 4.95 905.0
2453644.54635 18.553 0.042 4.12 757.0
2453649.53575 18.260 0.032 4.18 714.0
2453654.57294 18.284 0.070 4.05 2940.0
2453655.52070 18.507 0.054 4.69 993.0
2453655.52443 18.572 0.056 4.66 1988.0
2453655.55298 18.410 0.039 3.63 943.0
2453657.54622 18.585 0.056 4.37 1066.0
2453659.54799 18.496 0.065 5.34 1108.0
2453662.55247 18.543 0.070 5.84 1158.0
2453665.52294 18.307 0.043 4.35 969.0
2453674.50548 18.579 0.062 4.91 1129.0
2453777.85747 18.500 0.044 4.28 925.0
2453782.89348 18.472 0.043 3.66 1278.0
2453785.85506 18.381 0.033 3.56 821.0
2453787.86720 18.442 0.035 3.64 852.0
2453791.84156 18.360 0.053 6.01 855.0
2453793.88576 18.524 0.040 3.93 811.0
2453795.87001 18.380 0.039 4.41 840.0
2453796.90246 18.333 0.034 4.02 823.0
2453798.83333 18.461 0.038 4.05 708.0
2453799.88771 18.410 0.052 5.45 909.0
2453801.84247 18.520 0.042 4.15 755.0
2453802.87685 18.493 0.040 4.29 692.0
2453804.79005 18.423 0.042 4.92 668.0
2453805.82863 18.492 0.038 4.05 709.0
2453806.82534 18.541 0.045 4.58 748.0
2453807.84955 18.543 0.043 4.16 865.0
2453808.85319 18.512 0.041 4.23 847.0
2453809.91006 18.406 0.039 3.95 1192.0
2453810.90615 18.423 0.040 3.96 990.0
2453811.79670 18.572 0.061 5.85 813.0
2453812.87418 18.466 0.049 4.96 843.0
2453813.85733 18.383 0.037 4.27 797.0
2453814.85277 18.451 0.036 3.75 783.0
2453818.77043 18.541 0.044 4.06 1000.0
2453819.83410 18.435 0.029 3.56 584.0
2453820.79811 18.420 0.028 3.37 564.0
2453821.80132 18.418 0.034 4.17 607.0
2453822.84496 18.394 0.033 4.13 662.0
2453823.80595 18.464 0.030 3.49 598.0
2453824.79240 18.555 0.064 6.36 741.0
2453825.83196 18.300 0.035 4.66 661.0
2453826.79169 18.513 0.045 4.97 648.0
2453827.83213 18.437 0.030 3.86 541.0
2453828.81223 18.391 0.035 4.48 611.0
2453829.74000 18.361 0.034 4.19 643.0
2453830.76860 18.556 0.036 3.45 694.0
2453832.77194 18.514 0.038 4.28 609.0
2453833.79920 18.350 0.026 3.28 569.0
2453834.77112 18.471 0.033 3.61 665.0
2453835.75983 18.541 0.040 4.07 703.0
2453836.72125 18.348 0.041 4.79 888.0
2453837.76195 18.441 0.050 5.15 793.0
2453838.76987 18.651 0.062 5.45 835.0
2453838.88727 18.379 0.041 4.82 786.0
2453839.76576 18.419 0.043 4.53 926.0
2453840.76893 18.498 0.043 4.17 894.0
2453841.72412 18.452 0.043 4.52 932.0
2453841.87411 18.484 0.036 3.58 996.0
2453842.71575 18.540 0.052 3.91 1440.0
2453846.75655 18.393 0.032 3.84 631.0
2453846.88519 18.329 0.034 4.25 729.0
2453847.82959 18.540 0.049 5.08 727.0
2453848.77961 18.506 0.043 4.92 623.0
2453848.89835 18.485 0.048 5.28 712.0
2453849.77712 18.378 0.034 4.04 658.0
2453850.72234 18.382 0.034 4.07 649.0
2453850.89522 18.486 0.049 5.25 793.0
2453851.73597 18.498 0.039 4.51 635.0
2453851.90073 18.573 0.047 5.03 675.0
2453852.72451 18.457 0.041 4.66 657.0
2453852.84532 18.386 0.037 4.77 655.0
2453852.93000 18.566 0.066 5.93 965.0
2453853.71718 18.471 0.026 3.15 552.0
2453853.88140 18.427 0.033 4.18 619.0
2453856.70310 18.440 0.036 3.83 774.0
2453856.89353 18.342 0.031 4.29 745.0
2453856.91127 18.638 0.044 4.06 733.0
2453858.74233 18.428 0.034 4.30 560.0
2453859.85730 18.330 0.035 4.72 693.0
2453860.69776 18.537 0.045 5.26 630.0
2453861.69515 18.411 0.039 4.47 721.0
2453861.79930 18.458 0.034 4.05 618.0
2453861.89705 18.448 0.032 4.00 692.0
2453862.67702 18.420 0.038 4.20 787.0
2453862.89176 18.523 0.043 4.28 844.0
2453863.68986 18.434 0.033 3.57 774.0
2453863.83365 18.467 0.032 3.66 622.0
2453863.90976 18.432 0.030 3.56 650.0
2453864.70665 18.506 0.035 3.52 694.0
2453864.89287 18.550 0.035 4.03 629.0
2453865.66656 18.411 0.039 4.11 846.0
2453865.80227 18.468 0.036 4.21 692.0
2453865.88079 18.410 0.033 4.31 652.0
2453866.71212 18.306 0.029 3.58 700.0
2453866.85162 18.532 0.041 4.63 686.0
2453867.65806 18.333 0.034 3.58 983.0
2453867.84352 18.390 0.037 4.03 919.0
2453867.91374 18.371 0.036 3.88 963.0
2453868.66585 18.368 0.048 4.35 1215.0
2453868.80805 18.498 0.043 4.18 944.0
2453868.88961 18.480 0.049 4.64 1030.0
2453869.63765 18.426 0.045 3.83 1383.0
2453869.82690 18.459 0.049 4.47 1233.0
2453869.89932 18.454 0.047 4.05 1295.0
2453873.69943 18.379 0.034 4.03 706.0
2453873.83850 18.469 0.038 4.30 723.0
2453873.90899 18.478 0.041 4.55 769.0
2453874.70070 18.590 0.043 4.50 603.0
2453874.86920 18.527 0.041 4.15 756.0
2453875.63739 18.378 0.029 3.58 577.0
2453875.78466 18.364 0.028 3.47 644.0
2453875.86232 18.382 0.031 4.31 659.0
2453876.66078 18.448 0.028 3.51 562.0
2453877.66527 18.426 0.029 3.62 555.0
2453877.81348 18.354 0.031 4.30 609.0
2453877.88726 18.447 0.038 4.49 743.0
2453880.86881 18.540 0.041 4.57 717.0
2453880.94234 18.515 0.060 5.03 1372.0
2453881.68905 18.461 0.036 3.89 700.0
2453881.83181 18.404 0.032 3.87 753.0
2453882.60119 18.361 0.035 4.26 695.0
2453882.80409 18.499 0.040 4.42 694.0
2453882.87426 18.305 0.030 4.05 672.0
2453883.66655 18.410 0.031 3.75 617.0
2453883.89942 18.354 0.031 3.90 676.0
2453886.63183 18.313 0.029 3.79 684.0
2453886.82134 18.376 0.028 3.95 560.0
2453886.89340 18.577 0.038 4.17 637.0
2453886.91942 18.399 0.035 4.44 665.0
2453887.60190 18.485 0.037 4.31 683.0
2453887.80456 18.563 0.044 5.08 642.0
2453887.83235 18.509 0.041 4.93 652.0
2453887.90444 18.458 0.040 4.34 805.0
2453888.63275 18.573 0.044 5.38 507.0
2453889.68436 18.494 0.032 3.77 581.0
2453890.57264 18.460 0.047 4.93 854.0
2453891.70892 18.550 0.041 4.59 625.0
2453891.82595 18.438 0.036 4.21 666.0
2453891.90762 18.524 0.043 4.30 708.0
2453892.61935 18.468 0.052 5.48 818.0
2453893.65359 18.369 0.044 5.75 660.0
2453893.90132 18.356 0.044 5.17 767.0
2453894.70142 18.536 0.048 5.43 602.0
2453896.64517 18.492 0.053 5.18 922.0
2453900.56049 18.346 0.065 4.76 2382.0
2453900.74689 18.571 0.043 3.82 928.0
2453900.82229 18.590 0.046 3.83 976.0
2453901.57432 18.404 0.042 4.78 784.0
2453901.74913 18.586 0.059 5.82 802.0
2453901.82595 18.520 0.050 5.20 777.0
2453901.89842 18.500 0.048 4.22 1094.0
2453902.59525 18.489 0.032 3.51 696.0
2453902.78038 18.607 0.045 4.50 807.0
2453902.89906 18.480 0.054 5.19 953.0
2453903.68413 18.485 0.038 4.19 714.0
2453904.57829 18.470 0.028 3.33 591.0
2453904.74151 18.440 0.036 4.19 702.0
2453904.81054 18.412 0.033 3.86 656.0
2453904.86331 18.437 0.037 4.03 747.0
2453905.57519 18.400 0.029 3.55 605.0
2453905.74918 18.466 0.030 3.57 632.0
2453905.82182 18.422 0.027 3.10 633.0
2453905.89039 18.469 0.039 3.95 932.0
2453906.68372 18.522 0.039 3.95 673.0
2453906.75669 18.571 0.040 4.32 632.0
2453906.82930 18.509 0.045 4.47 693.0
2453907.62034 18.414 0.034 4.10 631.0
2453907.81522 18.313 0.055 6.56 795.0
2453907.88779 18.373 0.050 5.54 792.0
2453908.55655 18.447 0.037 3.56 949.0
2453908.74699 18.353 0.033 4.17 674.0
2453908.82227 18.368 0.032 4.10 605.0
2453909.56168 18.522 0.040 4.28 664.0
2453909.75605 18.417 0.030 4.35 508.0
2453909.83797 18.499 0.038 4.24 608.0
2453910.61038 18.390 0.031 3.94 607.0
2453912.56080 18.438 0.025 2.98 647.0
2453912.57805 18.445 0.026 2.99 628.0
2453912.75758 18.462 0.029 3.94 509.0
2453912.84545 18.505 0.033 3.79 603.0
2453913.55857 18.454 0.029 3.14 641.0
2453913.76078 18.549 0.053 5.71 677.0
2453913.85057 18.368 0.033 4.11 652.0
2453914.57604 18.444 0.036 4.14 680.0
2453915.55656 18.541 0.041 4.28 704.0
2453915.75991 18.352 0.031 4.70 533.0
2453915.85686 18.419 0.038 4.71 619.0
2453916.60444 18.411 0.044 5.59 653.0
2453916.77708 18.450 0.048 6.25 614.0
2453917.64441 18.443 0.041 5.02 659.0
2453917.84732 18.434 0.054 6.12 732.0
2453918.63791 18.640 0.046 4.63 659.0
2453918.84760 18.454 0.046 5.38 713.0
2453919.57277 18.406 0.051 5.70 776.0
2453919.81720 18.513 0.053 6.01 682.0
2453920.54240 18.442 0.032 3.53 627.0
2453920.73868 18.572 0.047 5.29 631.0
2453920.81741 18.417 0.029 3.26 680.0
2453921.53540 18.329 0.036 3.99 836.0
2453922.74232 18.486 0.047 5.39 675.0
2453930.58996 18.362 0.035 3.80 823.0
2453931.54102 18.381 0.040 4.61 766.0
2453931.66443 18.531 0.043 4.70 671.0
2453932.55290 18.533 0.050 4.72 829.0
2453933.54186 18.505 0.034 3.66 704.0
2453933.72316 18.316 0.034 4.45 779.0
2453933.79875 18.473 0.041 4.28 741.0
2453934.51260 18.379 0.034 3.86 738.0
2453934.56454 18.412 0.033 3.61 734.0
2453934.63600 18.481 0.032 3.92 567.0
2453934.70641 18.335 0.034 4.70 595.0
2453934.77547 18.494 0.035 4.06 593.0
2453934.79282 18.428 0.036 4.24 630.0
2453934.80927 18.564 0.041 4.34 693.0
2453934.82422 18.450 0.034 3.96 694.0
2453934.83369 18.408 0.036 4.13 713.0
2453935.50769 18.494 0.044 4.82 687.0
2453935.56244 18.596 0.039 4.02 629.0
2453935.73378 18.472 0.046 5.54 604.0
2453935.78552 18.436 0.041 5.07 661.0
2453936.51606 18.487 0.043 4.70 665.0
2453936.68139 18.310 0.037 4.88 639.0
2453936.75893 18.575 0.044 4.03 746.0
2453937.58413 18.365 0.045 6.08 623.0
2453938.52355 18.587 0.056 5.39 740.0
2453938.72521 18.435 0.042 5.09 594.0
2453938.77440 18.641 0.057 5.57 609.0
2453940.62660 18.431 0.032 4.63 623.0
2453941.66994 18.397 0.049 6.71 551.0
2453944.58012 18.461 0.035 4.94 583.0
2453945.52895 18.275 0.032 4.65 670.0
2453945.71701 18.605 0.046 4.77 629.0
2453946.53925 18.470 0.049 5.67 692.0
2453946.72865 18.464 0.036 4.50 540.0
2453950.54721 18.445 0.029 3.72 549.0
2453950.76672 18.434 0.038 4.59 624.0
2453951.54348 18.467 0.046 5.31 681.0
2453956.58987 18.525 0.060 5.70 913.0
2453957.53075 18.617 0.062 6.02 787.0
2453958.60353 18.519 0.048 4.73 822.0
2453959.54348 18.451 0.040 4.92 647.0
2453959.70782 18.466 0.046 5.17 743.0
2453960.52144 18.487 0.036 4.46 603.0
2453960.70135 18.431 0.033 3.71 741.0
2453961.59654 18.373 0.054 6.33 782.0
2453963.48309 18.545 0.054 5.78 701.0
2453963.65763 18.388 0.038 4.88 619.0
2453963.73098 18.462 0.047 5.53 657.0
2453964.55318 18.524 0.037 4.30 624.0
2453965.54247 18.449 0.030 3.82 545.0
2453965.73238 18.466 0.033 3.86 606.0
2453966.53439 18.456 0.039 4.54 672.0
2453966.71621 18.396 0.039 4.89 616.0
2453967.55811 18.410 0.051 5.95 655.0
2453968.69242 18.377 0.040 4.80 669.0
2453969.52480 18.355 0.042 5.72 614.0
2453969.70342 18.490 0.042 4.99 565.0
2453970.53664 18.426 0.041 5.16 588.0
2453970.71654 18.361 0.031 4.07 573.0
2453971.57643 18.460 0.051 6.28 611.0
2453973.60156 18.428 0.038 4.83 541.0
2453974.53141 18.401 0.046 5.94 609.0
2453975.53387 18.449 0.037 4.81 600.0
2453976.52866 18.434 0.035 4.48 616.0
2453979.53844 18.499 0.068 6.71 933.0
2453982.60561 18.496 0.045 4.17 988.0
2453986.60564 18.473 0.044 4.49 824.0
2453987.52802 18.581 0.047 4.67 728.0
2453988.54086 18.343 0.035 4.53 619.0
2453989.60257 18.390 0.049 5.36 739.0
2453990.64483 18.531 0.049 5.31 698.0
2453994.49755 18.432 0.054 6.41 713.0
2453995.59517 18.587 0.042 4.37 635.0
2453999.63271 18.329 0.036 4.26 759.0
2454000.53975 18.500 0.048 5.47 670.0
2454001.52949 18.413 0.047 5.32 770.0
2454002.52619 18.431 0.038 4.61 634.0
2454004.54914 18.369 0.048 5.68 729.0
2454005.55184 18.440 0.043 4.40 704.0
2454006.54651 18.374 0.034 4.27 652.0
2454012.52220 18.371 0.059 6.67 791.0
2454016.56413 18.319 0.053 5.79 913.0
2454018.57671 18.424 0.050 4.88 815.0
2454021.56064 18.372 0.050 5.08 934.0
2454024.50839 18.446 0.055 6.13 760.0
2454026.50391 18.622 0.047 5.12 676.0
2454028.51996 18.379 0.047 5.31 761.0
2454031.52003 18.375 0.045 4.95 823.0
2454038.52521 18.455 0.053 5.33 835.0
2454041.52434 18.520 0.065 5.39 1148.0
2454142.87523 18.377 0.065 6.16 1241.0
2454151.88039 18.488 0.056 5.85 861.0
2454154.82783 18.471 0.048 4.62 950.0
2454156.88084 18.505 0.058 5.99 846.0
2454159.81488 18.382 0.041 4.13 981.0
2454161.86831 18.395 0.052 5.46 1089.0
2454163.88431 18.535 0.043 3.80 1100.0
2454165.84117 18.503 0.064 5.10 1451.0
2454168.83867 18.403 0.049 4.36 1168.0
2454170.83886 18.460 0.050 4.60 1164.0
2454175.87474 18.486 0.048 5.46 774.0
2454177.77451 18.415 0.042 4.84 763.0
2454178.83184 18.528 0.048 4.90 790.0
2454179.87172 18.379 0.037 4.17 824.0
2454181.80814 18.470 0.043 4.67 749.0
2454182.85669 18.397 0.035 4.31 712.0
2454183.88919 18.530 0.044 4.61 833.0
2454184.75926 18.464 0.049 5.23 779.0
2454185.76565 18.487 0.055 5.94 781.0
2454191.77617 18.458 0.060 5.54 1017.0
2454193.78728 18.630 0.070 5.76 1098.0
2454194.81014 18.484 0.048 4.80 878.0
2454196.80014 18.471 0.048 4.85 944.0
2454202.78174 18.371 0.035 4.54 823.0
2454203.76952 18.431 0.035 4.34 704.0
2454204.76188 18.375 0.038 4.37 803.0
2454205.76010 18.481 0.039 4.45 655.0
2454205.91151 18.356 0.036 4.14 816.0
2454207.75135 18.409 0.038 4.35 765.0
2454208.70530 18.389 0.046 5.26 812.0
2454211.81661 18.319 0.044 5.85 670.0
2454212.84618 18.469 0.051 5.37 719.0
2454213.75424 18.510 0.042 4.44 716.0
2454215.76726 18.426 0.049 5.58 757.0
2454216.72515 18.517 0.040 4.16 765.0
2454217.73265 18.450 0.034 3.76 764.0
2454217.89395 18.391 0.031 3.52 740.0
2454218.78240 18.488 0.060 6.11 791.0
2454219.78966 18.437 0.039 4.27 740.0
2454220.72858 18.429 0.043 4.58 836.0
2454222.69730 18.453 0.049 4.63 1121.0
2454224.81040 18.522 0.046 4.09 1118.0
2454228.70275 18.533 0.052 4.27 1370.0
2454229.69634 18.363 0.046 5.23 857.0
2454229.89326 18.457 0.041 4.34 924.0
2454230.64454 18.451 0.043 4.69 813.0
2454230.83252 18.504 0.058 6.00 779.0
2454230.89420 18.415 0.050 5.26 922.0
2454231.66850 18.457 0.041 4.80 779.0
2454231.71956 18.445 0.042 4.60 820.0
2454231.87459 18.485 0.046 4.63 855.0
2454232.78126 18.412 0.046 4.99 901.0
2454232.82067 18.423 0.058 5.77 994.0
2454232.85609 18.400 0.058 5.99 949.0
2454232.88985 18.605 0.066 5.78 897.0
2454232.91882 18.434 0.052 5.44 870.0
2454232.93666 18.380 0.065 5.40 1545.0
2454233.71420 18.364 0.052 6.02 812.0
2454233.72021 18.512 0.060 6.04 824.0
2454233.72327 18.492 0.075 7.49 488.0
2454233.72595 18.403 0.077 8.23 848.0
2454233.72883 18.529 0.075 7.19 853.0
2454233.73183 18.429 0.054 5.76 826.0
2454233.73476 18.544 0.060 5.99 828.0
2454233.73766 18.493 0.065 6.43 837.0
2454233.74058 18.494 0.059 5.92 849.0
2454233.74348 18.543 0.057 5.62 856.0
2454233.75046 18.476 0.057 5.84 884.0
2454233.75905 18.506 0.075 6.96 926.0
2454233.76791 18.607 0.083 7.11 962.0
2454233.77086 18.548 0.079 7.06 950.0
2454233.77380 18.498 0.067 6.53 908.0
2454233.77675 18.357 0.056 6.17 919.0
2454233.78301 18.374 0.052 5.88 887.0
2454233.78862 18.606 0.062 5.62 895.0
2454233.79445 18.422 0.052 5.46 899.0
2454233.80137 18.494 0.056 5.68 906.0
2454233.81263 18.479 0.053 5.30 928.0
2454233.82161 18.485 0.064 6.21 926.0
2454233.83004 18.363 0.060 6.43 953.0
2454233.84004 18.277 0.053 6.10 970.0
2454233.84899 18.339 0.042 4.85 958.0
2454233.85745 18.373 0.045 4.95 989.0
2454233.86601 18.245 0.048 5.87 1004.0
2454233.87899 18.533 0.056 5.38 1022.0
2454233.88731 18.380 0.049 5.38 1063.0
2454233.89571 18.471 0.056 5.47 1097.0
2454233.90399 18.512 0.054 5.13 1107.0
2454233.91247 18.368 0.051 5.50 1083.0
2454233.92223 18.332 0.057 6.06 1112.0
2454233.92822 18.520 0.071 6.23 1130.0
2454233.93125 18.322 0.063 6.40 1179.0
2454233.93413 18.350 0.059 5.75 1269.0
2454233.93704 18.394 0.077 5.93 1865.0
2454234.61520 18.486 0.072 6.57 1105.0
2454234.61909 18.556 0.074 6.04 1107.0
2454234.62650 18.403 0.064 6.31 1063.0
2454234.64058 18.663 0.064 5.34 975.0
2454234.65400 18.393 0.048 5.26 945.0
2454234.66230 18.535 0.058 5.67 904.0
2454234.67072 18.492 0.061 6.09 883.0
2454234.67910 18.542 0.055 5.27 913.0
2454234.69412 18.449 0.055 5.81 877.0
2454234.71978 18.474 0.046 4.91 833.0
2454234.73251 18.367 0.043 5.16 834.0
2454234.76193 18.512 0.046 4.99 749.0
2454234.78218 18.455 0.042 4.64 779.0
2454234.80483 18.399 0.036 4.00 786.0
2454234.84231 18.391 0.037 4.05 844.0
2454234.88142 18.417 0.050 5.50 893.0
2454234.89891 18.404 0.047 4.97 953.0
2454234.90453 18.418 0.045 4.82 955.0
2454234.92005 18.484 0.048 4.58 986.0
2454234.92861 18.369 0.048 4.96 1021.0
2454234.93743 18.457 0.066 5.35 1444.0
2454235.62361 18.548 0.065 6.13 1041.0
2454235.69290 18.436 0.038 4.01 869.0
2454235.74182 18.429 0.036 3.73 878.0
2454235.75037 18.435 0.038 3.87 887.0
2454235.85395 18.430 0.036 3.79 743.0
2454235.91606 18.226 0.059 5.87 947.0
2454237.61943 18.412 0.064 6.55 891.0
2454238.69080 18.401 0.044 5.03 834.0
2454238.90028 18.520 0.065 5.71 1120.0
2454239.66265 18.439 0.041 4.56 773.0
2454240.70232 18.471 0.039 4.24 747.0
2454240.85598 18.440 0.046 4.95 843.0
2454243.66800 18.470 0.048 5.14 759.0
2454243.76143 18.333 0.038 4.40 817.0
2454243.85430 18.433 0.045 5.07 807.0
2454244.64017 18.566 0.067 6.11 883.0
2454244.73655 18.424 0.037 4.07 798.0
2454244.82915 18.475 0.042 4.39 865.0
2454245.63325 18.476 0.045 5.08 720.0
2454245.72756 18.458 0.037 4.38 643.0
2454245.82302 18.474 0.037 4.17 689.0
2454245.87353 18.477 0.046 5.00 785.0
2454246.69196 18.455 0.042 4.82 754.0
2454246.78506 18.367 0.039 4.63 788.0
2454246.87776 18.413 0.039 4.15 920.0
2454247.70700 18.504 0.049 5.22 823.0
2454250.75508 18.355 0.040 4.16 1048.0
2454256.64749 18.453 0.059 6.06 898.0
2454256.79295 18.497 0.064 6.05 982.0
2454257.67440 18.471 0.046 4.87 773.0
2454258.65791 18.437 0.056 6.00 818.0
2454258.78073 18.442 0.043 4.73 836.0
2454258.87335 18.457 0.057 5.34 1009.0
2454267.61761 18.470 0.046 4.92 825.0
2454268.68710 18.633 0.044 4.40 759.0
2454268.86458 18.406 0.052 5.35 957.0
2454269.59983 18.377 0.035 4.05 747.0
2454269.75009 18.468 0.043 4.92 719.0
2454270.53452 18.478 0.064 5.83 1125.0
2454272.58103 18.472 0.048 4.48 1043.0
2454272.73092 18.432 0.034 3.84 692.0
2454272.78954 18.445 0.042 4.36 853.0
2454272.86090 18.469 0.061 5.77 1085.0
2454273.64139 18.493 0.050 5.02 826.0
2454273.81955 18.418 0.050 5.04 1087.0
2454273.88075 18.491 0.069 5.96 1319.0
2454274.57248 18.432 0.052 5.05 1043.0
2454274.72539 18.537 0.057 5.52 875.0
2454274.78629 18.503 0.044 4.12 905.0
2454274.84582 18.493 0.058 5.44 1051.0
2454275.62399 18.396 0.041 4.49 883.0
2454275.79929 18.534 0.061 5.47 1031.0
2454275.86039 18.421 0.064 5.73 1301.0
2454276.60876 18.461 0.053 5.57 855.0
2454277.55247 18.633 0.065 5.05 1096.0
2454277.72954 18.525 0.050 4.90 859.0
2454277.78820 18.470 0.056 5.64 918.0
2454278.59742 18.485 0.057 5.36 959.0
2454278.77372 18.453 0.061 5.98 972.0
2454283.53501 18.533 0.057 4.33 1350.0
2454284.52681 18.534 0.057 4.86 1088.0
2454284.67642 18.343 0.047 4.44 1067.0
2454284.73654 18.354 0.037 4.05 972.0
2454284.79857 18.433 0.050 4.57 1144.0
2454284.86357 18.367 0.063 5.22 1608.0
2454285.52997 18.454 0.052 4.58 1029.0
2454285.72352 18.405 0.045 4.46 856.0
2454285.78480 18.517 0.044 4.21 837.0
2454285.85001 18.324 0.045 4.64 1064.0
2454286.52973 18.414 0.052 4.74 1190.0
2454289.54064 18.478 0.053 5.38 914.0
2454289.75955 18.389 0.049 5.41 816.0
2454289.82437 18.399 0.042 4.80 781.0
2454290.58692 18.589 0.062 6.17 704.0
2454291.60659 18.507 0.040 4.12 737.0
2454292.51218 18.382 0.035 3.94 868.0
2454292.69119 18.375 0.034 3.93 779.0
2454292.74997 18.459 0.035 3.84 725.0
2454292.81299 18.469 0.050 4.94 883.0
2454293.51294 18.496 0.040 4.21 735.0
2454293.69711 18.385 0.037 4.77 690.0
2454293.75585 18.419 0.036 3.99 722.0
2454293.79610 18.417 0.039 4.38 756.0
2454293.83361 18.527 0.045 4.41 771.0
2454294.51155 18.456 0.040 3.97 902.0
2454295.52172 18.417 0.039 4.60 717.0
2454295.71681 18.479 0.037 4.34 579.0
2454295.77541 18.441 0.034 4.01 595.0
2454295.84081 18.434 0.053 5.63 850.0
2454296.51581 18.493 0.044 4.53 781.0
2454296.72152 18.444 0.041 4.90 622.0
2454297.53561 18.443 0.043 4.78 726.0
2454297.74018 18.452 0.050 5.82 654.0
2454298.57009 18.383 0.046 5.67 659.0
2454298.68173 18.511 0.043 5.15 604.0
2454298.81913 18.505 0.061 6.02 908.0
2454299.55718 18.479 0.034 3.98 658.0
2454299.64710 18.473 0.035 4.12 616.0
2454299.73838 18.445 0.035 4.27 589.0
2454300.55383 18.504 0.044 4.48 710.0
2454300.66900 18.444 0.038 4.51 593.0
2454300.78411 18.444 0.045 4.59 831.0
2454301.53996 18.446 0.040 4.39 879.0
2454301.63622 18.491 0.043 4.74 757.0
2454301.73840 18.449 0.036 4.13 665.0
2454302.61294 18.342 0.038 4.72 669.0
2454302.77804 18.373 0.040 5.28 632.0
2454303.69955 18.447 0.044 4.97 627.0
2454304.57784 18.468 0.048 4.61 1013.0
2454304.71420 18.512 0.067 6.32 924.0
2454306.58358 18.483 0.062 5.97 909.0
2454306.72010 18.477 0.059 6.39 834.0
2454310.63721 18.452 0.063 4.54 1820.0
2454312.52479 18.404 0.056 4.87 1269.0
2454312.76766 18.423 0.040 3.99 971.0
2454314.78225 18.433 0.064 6.32 955.0
2454315.55627 18.421 0.041 4.33 841.0
2454316.58579 18.377 0.034 4.17 672.0
2454317.50843 18.507 0.044 4.47 773.0
2454319.54351 18.529 0.043 4.20 786.0
2454319.68947 18.399 0.052 5.92 797.0
2454320.61082 18.447 0.045 5.14 685.0
2454326.53215 18.523 0.042 4.37 740.0
2454326.73640 18.292 0.049 6.34 698.0
2454327.61171 18.457 0.049 5.35 713.0
2454327.75013 18.434 0.068 6.70 989.0
2454328.47687 18.511 0.053 4.44 1201.0
2454328.71651 18.536 0.056 5.33 916.0
2454329.54709 18.432 0.051 5.49 727.0
2454329.69509 18.557 0.058 5.48 757.0
2454330.47721 18.433 0.041 4.24 894.0
2454330.71449 18.417 0.042 4.67 763.0
2454331.51934 18.492 0.041 4.52 720.0
2454332.52935 18.431 0.035 3.85 761.0
2454333.55436 18.443 0.053 5.44 893.0
2454334.52709 18.533 0.057 5.21 1012.0
2454334.68279 18.337 0.094 6.32 2692.0
2454338.52382 18.394 0.063 5.14 1618.0
2454338.70237 18.432 0.060 4.94 1529.0
2454339.52062 18.405 0.045 4.29 1219.0
2454340.64080 18.474 0.047 4.50 1144.0
2454341.52489 18.460 0.061 6.02 1001.0
2454342.55693 18.462 0.047 4.60 867.0
2454343.54077 18.330 0.032 3.87 810.0
2454344.57032 18.443 0.046 4.44 846.0
2454345.53246 18.430 0.037 3.75 862.0
2454346.54206 18.388 0.048 5.30 868.0
2454347.55639 18.452 0.047 5.08 777.0
2454349.52210 18.446 0.041 4.42 740.0
2454350.57552 18.415 0.035 3.87 748.0
2454351.52727 18.351 0.036 4.13 751.0
2454352.58359 18.345 0.057 6.69 802.0
2454353.53755 18.408 0.040 4.14 907.0
2454354.56631 18.553 0.050 4.97 822.0
2454355.57413 18.413 0.043 4.74 873.0
2454356.53134 18.480 0.052 5.15 806.0
2454357.50274 18.413 0.059 6.65 822.0
2454358.54618 18.343 0.043 5.10 833.0
2454359.51510 18.444 0.054 5.66 860.0
2454361.52847 18.329 0.067 6.71 1022.0
2454365.58409 18.424 0.071 5.50 1718.0
2454367.53749 18.489 0.054 4.89 1116.0
2454368.51043 18.474 0.061 5.50 1041.0
2454369.58960 18.353 0.067 6.37 1310.0
2454370.51682 18.375 0.037 3.68 1048.0
2454371.48463 18.381 0.042 4.16 1001.0
2454372.54102 18.378 0.036 4.20 801.0
2454373.53208 18.355 0.054 6.20 921.0
2454377.50529 18.419 0.040 4.27 886.0
2454378.53966 18.458 0.047 4.90 800.0
2454379.55767 18.347 0.061 6.48 892.0
2454380.49712 18.427 0.045 4.90 899.0
2454381.54476 18.438 0.064 5.98 1108.0
2454382.53126 18.438 0.064 6.45 981.0
2454383.53550 18.371 0.052 5.39 1042.0
2454384.50989 18.377 0.063 7.06 843.0
2454388.57321 18.331 0.068 6.91 1068.0
2454393.55194 18.448 0.046 4.21 1153.0
2454394.52508 18.470 0.052 5.41 1100.0
2454395.50751 18.442 0.053 4.77 1114.0
2454395.56130 18.496 0.063 5.17 1218.0
2454396.53111 18.424 0.078 6.46 1449.0
2454397.55480 18.445 0.064 5.22 1417.0
2454398.56013 18.520 0.061 4.76 1443.0
2454399.51007 18.537 0.075 6.21 1233.0
2454400.55453 18.416 0.073 6.07 1650.0
2454403.50843 18.392 0.067 6.16 1109.0
2454409.52586 18.496 0.077 6.03 1368.0
2454507.88413 18.569 0.068 5.36 1317.0
2454511.85113 18.453 0.039 4.27 776.0
2454511.87094 18.455 0.038 4.24 764.0
2454513.88230 18.419 0.037 4.13 856.0
2454517.88144 18.345 0.059 6.15 1160.0
2454521.82076 18.385 0.053 5.16 1206.0
2454523.89318 18.306 0.049 5.69 929.0
2454525.83709 18.494 0.071 3.87 2799.0
2454530.90266 18.418 0.040 4.19 971.0
2454531.84496 18.428 0.059 6.22 889.0
2454534.85004 18.456 0.052 5.93 711.0
2454536.79862 18.543 0.066 6.56 875.0
2454537.85877 18.430 0.035 4.38 642.0
2454538.89117 18.393 0.039 4.34 760.0
2454539.87725 18.397 0.040 5.16 687.0
2454540.82117 18.383 0.034 3.88 776.0
2454541.81371 18.366 0.032 4.19 693.0
2454542.80847 18.379 0.046 5.94 767.0
2454543.80400 18.541 0.047 5.08 779.0
2454544.80096 18.501 0.061 5.93 930.0
2454545.76510 18.542 0.057 5.27 1053.0
2454546.77172 18.410 0.054 5.90 1056.0
2454547.74642 18.406 0.050 4.74 1221.0
2454548.83875 18.460 0.050 5.13 916.0
2454548.88967 18.378 0.061 6.77 910.0
2454550.76882 18.511 0.065 6.32 947.0
2454551.78542 18.455 0.047 4.73 987.0
2454552.73912 18.565 0.083 6.34 1449.0
2454556.77851 18.434 0.043 5.58 667.0
2454557.79968 18.487 0.045 5.66 688.0
2454558.72933 18.395 0.040 5.13 699.0
2454559.77018 18.387 0.036 4.77 607.0
2454560.77058 18.360 0.041 5.33 620.0
2454561.75987 18.483 0.037 4.33 690.0
2454564.75017 18.409 0.036 4.58 618.0
2454565.74818 18.387 0.028 3.56 641.0
2454566.74764 18.414 0.034 4.04 684.0
2454567.74759 18.486 0.043 4.89 677.0
2454568.75020 18.351 0.034 4.38 729.0
2454569.76472 18.436 0.037 4.63 656.0
2454570.75279 18.358 0.043 5.74 669.0
2454571.74442 18.413 0.055 6.28 790.0
2454572.77127 18.405 0.039 4.54 809.0
2454573.75946 18.410 0.040 4.70 802.0
2454574.76204 18.382 0.044 5.21 861.0
2454575.77083 18.506 0.044 4.31 897.0
2454576.78690 18.383 0.036 3.79 1032.0
2454576.91234 18.348 0.042 4.07 1119.0
2454577.85901 18.442 0.042 4.20 938.0
2454577.91504 18.400 0.040 3.87 983.0
2454578.81337 18.573 0.064 5.92 928.0
2454579.88721 18.343 0.046 4.13 1384.0
2454583.75400 18.287 0.053 5.25 1495.0
2454585.78438 18.357 0.056 6.11 1001.0
2454586.76046 18.445 0.050 5.80 751.0
2454587.79404 18.413 0.043 5.19 729.0
2454588.66921 18.327 0.045 5.59 817.0
2454588.90168 18.385 0.033 3.67 745.0
2454589.71565 18.472 0.046 5.38 745.0
2454589.87096 18.379 0.040 4.48 728.0
2454589.93283 18.382 0.048 4.74 1140.0
2454590.72444 18.427 0.044 5.06 766.0
2454590.92640 18.395 0.037 3.76 914.0
2454591.66555 18.335 0.044 5.00 991.0
2454591.87688 18.352 0.038 4.15 852.0
2454592.68577 18.418 0.040 4.30 1001.0
2454592.87506 18.380 0.039 3.64 1067.0
2454593.67496 18.312 0.038 5.10 785.0
2454593.88477 18.355 0.038 3.95 898.0
2454593.92463 18.438 0.043 4.29 941.0
2454594.69619 18.407 0.043 5.24 702.0
2454594.89099 18.362 0.044 4.85 840.0
2454594.94034 18.398 0.060 4.08 2300.0
2454595.68877 18.507 0.046 5.12 715.0
2454595.88001 18.311 0.037 4.56 721.0
2454596.68060 18.471 0.048 5.11 733.0
2454596.93849 18.547 0.057 4.19 1467.0
2454597.70523 18.363 0.038 4.95 695.0
2454597.89684 18.469 0.039 4.11 793.0
2454598.68143 18.375 0.030 4.01 588.0
2454599.65395 18.478 0.044 4.71 749.0
2454600.66628 18.416 0.034 4.18 661.0
2454600.87498 18.308 0.030 3.31 870.0
2454601.66885 18.457 0.036 4.04 761.0
2454601.88507 18.439 0.032 3.69 659.0
2454602.66141 18.373 0.031 3.84 718.0
2454602.88571 18.394 0.032 3.80 754.0
2454603.87280 18.421 0.043 4.60 797.0
2454606.66921 18.511 0.042 3.85 1117.0
2454606.92445 18.395 0.045 4.24 1379.0
2454610.76254 18.406 0.040 3.41 1355.0
2454611.64809 18.644 0.055 4.65 929.0
2454611.79686 18.380 0.039 3.85 1004.0
2454612.66963 18.368 0.041 4.58 918.0
2454615.81192 18.463 0.044 4.52 800.0
2454616.62358 18.453 0.044 4.79 853.0
2454616.83990 18.408 0.042 4.63 752.0
2454617.72450 18.415 0.041 4.77 739.0
2454618.63220 18.332 0.035 4.30 756.0
2454622.64576 18.405 0.044 4.90 790.0
2454622.83066 18.391 0.045 4.79 823.0
2454622.94862 18.389 0.063 5.29 1719.0
2454623.69238 18.426 0.054 6.12 731.0
2454623.89000 18.482 0.059 5.42 1067.0
2454624.61094 18.523 0.059 5.68 927.0
2454624.83384 18.412 0.044 4.78 782.0
2454624.90292 18.552 0.057 5.68 862.0
2454625.62424 18.505 0.055 6.23 735.0
2454625.84363 18.335 0.047 5.54 820.0
2454625.93218 18.462 0.059 5.85 957.0
2454626.64489 18.356 0.049 6.18 709.0
2454627.58286 18.436 0.041 4.56 800.0
2454627.87229 18.441 0.037 4.57 650.0
2454628.58982 18.426 0.045 4.93 792.0
2454628.77957 18.268 0.040 5.23 717.0
2454628.84189 18.397 0.043 5.11 698.0
2454628.91611 18.461 0.050 5.50 877.0
2454629.65268 18.450 0.036 4.13 634.0
2454629.86032 18.398 0.042 4.81 857.0
2454630.58772 18.401 0.040 4.53 849.0
2454630.80347 18.372 0.032 3.53 778.0
2454630.87302 18.474 0.042 4.42 853.0
2454631.61324 18.385 0.034 4.03 744.0
2454631.81192 18.478 0.036 3.85 793.0
2454631.88730 18.362 0.040 4.30 1012.0
2454632.59237 18.479 0.042 4.48 871.0
2454632.88202 18.338 0.048 5.15 1121.0
2454633.58941 18.491 0.049 4.63 1020.0
2454633.70036 18.371 0.034 3.80 852.0
2454633.83376 18.401 0.041 4.28 999.0
2454638.77385 18.626 0.058 4.24 1231.0
2454638.88460 18.432 0.099 5.62 3506.0
2454639.59748 18.532 0.049 4.32 1105.0
2454639.69503 18.447 0.044 4.06 1048.0
2454640.61566 18.517 0.051 5.39 792.0
2454640.74753 18.297 0.033 4.15 711.0
2454641.69121 18.442 0.041 4.29 793.0
2454641.80328 18.478 0.047 4.61 871.0
2454642.61364 18.407 0.037 4.36 752.0
2454642.77582 18.417 0.040 4.43 745.0
2454642.85498 18.460 0.053 5.23 1030.0
2454643.57290 18.538 0.050 5.42 727.0
2454644.62140 18.410 0.049 5.81 763.0
2454644.89475 18.419 0.048 5.89 794.0
2454645.55178 18.323 0.048 5.24 1020.0
2454645.79950 18.545 0.054 5.68 834.0
2454645.86498 18.330 0.055 5.86 1094.0
2454646.54680 18.413 0.037 4.01 912.0
2454646.87255 18.446 0.056 5.59 1102.0
2454647.54313 18.538 0.051 4.19 1180.0
2454647.75931 18.357 0.045 5.16 879.0
2454647.78352 18.400 0.045 5.07 852.0
2454647.81609 18.501 0.057 5.67 942.0
2454648.54021 18.448 0.046 4.31 952.0
2454648.79408 18.498 0.051 5.50 796.0
2454648.86871 18.449 0.068 6.71 1109.0
2454649.55041 18.457 0.047 5.05 863.0
2454649.77679 18.445 0.041 4.61 765.0
2454650.55156 18.411 0.044 4.56 1025.0
2454650.81467 18.570 0.052 5.16 794.0
2454651.53499 18.559 0.057 5.13 980.0
2454652.52646 18.410 0.048 4.80 1051.0
2454652.74068 18.379 0.034 3.89 735.0
2454653.52215 18.652 0.087 6.96 1054.0
2454653.74137 18.437 0.041 4.38 833.0
2454654.56123 18.455 0.051 6.00 789.0
2454654.77581 18.407 0.041 4.35 852.0
2454655.52197 18.422 0.050 4.83 1135.0
2454655.74655 18.391 0.034 3.85 718.0
2454656.52394 18.415 0.039 4.26 830.0
2454656.71378 18.325 0.035 3.63 890.0
2454656.83310 18.664 0.065 4.71 1299.0
2454657.75233 18.488 0.056 5.63 819.0
2454658.68255 18.506 0.052 5.13 855.0
2454660.63482 18.457 0.048 5.07 923.0
2454661.51201 18.453 0.044 3.84 1222.0
2454661.71272 18.484 0.047 4.36 954.0
2454661.77974 18.468 0.049 4.70 1051.0
2454665.67962 18.514 0.072 4.10 2689.0
2454666.58498 18.339 0.041 4.27 1163.0
2454666.68592 18.398 0.043 4.22 1052.0
2454666.72817 18.486 0.063 5.65 1086.0
2454666.80051 18.473 0.068 5.94 1252.0
2454670.57653 18.346 0.055 6.57 773.0
2454671.60515 18.414 0.035 4.49 613.0
2454671.77726 18.351 0.050 5.88 807.0
2454672.53102 18.390 0.033 3.84 729.0
2454672.68118 18.392 0.037 4.36 721.0
2454672.76638 18.496 0.055 5.62 910.0
2454674.53682 18.455 0.046 4.91 747.0
2454674.72700 18.424 0.047 5.30 747.0
2454677.51038 18.527 0.047 4.76 873.0
2454677.59434 18.469 0.044 4.99 638.0
2454677.74990 18.311 0.046 5.98 727.0
2454679.64917 18.446 0.057 6.91 626.0
2454681.55853 18.486 0.042 4.54 708.0
2454681.65180 18.447 0.043 5.05 630.0
2454681.74206 18.514 0.051 5.49 785.0
2454682.57636 18.424 0.047 5.75 742.0
2454682.68011 18.427 0.040 4.86 657.0
2454682.77524 18.408 0.047 5.52 786.0
2454683.54144 18.486 0.062 6.55 890.0
2454683.73007 18.497 0.049 5.49 698.0
2454684.53401 18.445 0.042 4.22 1014.0
2454684.70540 18.445 0.041 4.82 729.0
2454685.47663 18.351 0.058 5.69 1066.0
2454685.75414 18.513 0.051 5.06 888.0
2454686.52277 18.408 0.047 4.99 863.0
2454687.52610 18.497 0.053 5.59 766.0
2454687.76201 18.449 0.049 5.72 890.0
2454688.51940 18.472 0.045 4.68 813.0
2454688.70909 18.429 0.043 4.85 779.0
2454693.56709 18.372 0.039 3.99 1019.0
2454694.62822 18.416 0.065 5.84 1106.0
2454697.52286 18.475 0.043 4.62 774.0
2454698.52828 18.398 0.033 3.97 714.0
2454699.52646 18.402 0.037 4.50 766.0
2454699.55387 18.333 0.044 5.00 820.0
2454699.56989 18.464 0.047 4.59 815.0
2454699.57643 18.550 0.055 5.21 801.0
2454699.58330 18.460 0.062 6.44 780.0
2454699.60807 18.335 0.048 5.71 776.0
2454699.64094 18.496 0.057 5.89 779.0
2454700.47980 18.380 0.046 5.53 847.0
2454700.53089 18.364 0.032 3.98 760.0
2454701.47516 18.490 0.061 5.53 1092.0
2454701.52613 18.487 0.046 4.58 851.0
2454702.54238 18.402 0.037 4.32 703.0
2454703.60984 18.449 0.045 5.07 714.0
2454704.66524 18.526 0.046 5.08 703.0
2454705.59350 18.437 0.044 4.85 752.0
2454707.62169 18.421 0.033 3.74 655.0
2454708.57358 18.464 0.039 4.40 680.0
2454709.53767 18.401 0.061 6.40 835.0
2454710.57839 18.430 0.045 4.89 812.0
2454715.61268 18.377 0.051 5.67 855.0
2454716.61033 18.430 0.049 4.64 1114.0
2454720.52808 18.332 0.046 4.58 1114.0
2454721.52835 18.391 0.059 5.52 1084.0
2454722.49415 18.539 0.061 5.33 970.0
2454724.53089 18.427 0.056 5.14 1059.0
2454725.50954 18.478 0.057 5.16 1024.0
2454726.49706 18.313 0.057 6.48 826.0
2454728.62344 18.663 0.075 6.52 957.0
2454729.49112 18.480 0.053 5.61 770.0
2454730.49252 18.499 0.048 5.03 802.0
2454731.59950 18.352 0.051 6.69 719.0
2454733.54797 18.349 0.042 4.91 738.0
2454734.57729 18.390 0.047 5.19 818.0
2454737.56592 18.462 0.057 6.28 715.0
2454740.57881 18.381 0.058 6.58 845.0
2454753.56980 18.328 0.055 5.90 1099.0
2454758.53554 18.455 0.050 4.86 1057.0
2454869.87118 18.047 0.042 5.77 993.0
2454872.86356 18.090 0.050 6.10 1389.0
2454873.88534 18.066 0.041 5.12 1449.0
2454875.88518 17.892 0.034 5.81 1096.0
2454878.85928 18.007 0.034 4.51 1260.0
2454884.87591 17.938 0.028 4.33 958.0
2454887.84834 17.937 0.025 4.07 875.0
2454890.90386 17.978 0.034 3.91 1708.0
2454896.89552 17.992 0.030 5.13 772.0
2454899.86328 18.015 0.031 4.54 868.0
2454901.79290 18.006 0.038 5.26 1199.0
2454903.78858 18.097 0.034 4.72 1067.0
2454905.83684 18.075 0.034 4.52 933.0
2454910.83485 18.099 0.038 3.78 1794.0
2454911.87180 18.159 0.025 3.78 666.0
2454913.88536 18.202 0.029 4.16 687.0
2454917.73190 18.236 0.031 4.03 775.0
2454921.73390 18.279 0.042 5.47 843.0
2454925.72070 18.293 0.039 5.42 1002.0
2454925.83701 18.257 0.030 4.45 748.0
2454926.71383 18.327 0.047 5.50 1076.0
2454927.73684 18.237 0.047 5.89 975.0
2454927.89151 18.223 0.038 4.98 808.0
2454928.78530 18.157 0.034 4.47 852.0
2454929.70501 18.547 0.062 5.61 1150.0
2454929.73194 18.408 0.053 5.33 1044.0
2454930.72393 18.125 0.041 5.32 1217.0
2454930.87178 18.261 0.043 5.19 1024.0
2454931.76808 18.315 0.050 5.23 1047.0
2454932.70221 18.247 0.040 4.89 1221.0
2454932.90103 18.297 0.038 4.04 1036.0
2454933.71807 18.234 0.046 5.58 1198.0
2454933.89579 18.263 0.041 4.86 1029.0
2454934.81673 18.153 0.036 4.87 1071.0
2454938.71765 18.353 0.040 4.33 927.0
2454939.67848 18.352 0.043 4.96 842.0
2454940.67847 18.318 0.038 4.39 861.0
2454940.85410 18.306 0.046 5.06 819.0
2454941.87255 18.404 0.042 4.85 733.0
2454942.66808 18.473 0.055 6.00 889.0
2454942.69496 18.352 0.041 4.96 814.0
2454942.76692 18.387 0.034 4.11 667.0
2454943.70732 18.300 0.034 4.92 674.0
2454943.86415 18.268 0.031 3.92 692.0
2454944.71874 18.289 0.029 3.58 726.0
2454944.87331 18.332 0.026 3.22 658.0
2454945.66390 18.369 0.047 5.42 927.0
2454946.68654 18.200 0.028 3.99 756.0
2454947.67735 18.407 0.036 4.51 701.0
2454948.65699 18.398 0.044 5.07 906.0
2454950.64773 18.421 0.042 4.89 799.0
2454951.81145 18.297 0.040 4.86 840.0
2454952.78060 18.386 0.037 4.67 659.0
2454953.68082 18.363 0.037 4.31 807.0
2454954.65955 18.410 0.045 5.34 788.0
2454954.72564 18.448 0.041 4.45 676.0
2454955.82864 18.306 0.040 5.19 758.0
