2452125.64150 16.304 0.011 4.54 2721.0
2452128.57003 16.298 0.008 4.07 1098.0
2452131.56674 16.284 0.008 3.77 1171.0
2452134.66975 16.273 0.011 6.97 1096.0
2452138.54720 16.278 0.009 5.55 1016.0
2452143.52040 16.275 0.012 6.96 1139.0
2452155.64720 16.248 0.013 7.23 1428.0
2452156.48627 16.275 0.010 5.63 1245.0
2452158.49461 16.292 0.009 5.27 998.0
2452158.53762 16.272 0.008 4.77 1002.0
2452162.50413 16.280 0.009 5.16 1085.0
2452168.53885 16.273 0.010 5.77 1129.0
2452173.49686 16.252 0.011 6.58 1185.0
2452184.50009 16.246 0.012 7.12 1275.0
2452194.55447 16.287 0.010 5.02 1216.0
2452321.87307 16.281 0.011 5.64 1543.0
2452324.87519 16.279 0.009 4.55 1316.0
2452341.83166 16.296 0.010 4.43 1931.0
2452350.84477 16.286 0.008 3.89 1230.0
2452358.88424 16.302 0.009 3.92 1186.0
2452370.81249 16.286 0.009 5.09 1131.0
2452381.80789 16.294 0.009 4.50 1071.0
2452384.79037 16.288 0.009 4.65 1163.0
2452388.85023 16.288 0.009 4.57 1147.0
2452391.69275 16.298 0.013 6.21 2016.0
2452400.69063 16.291 0.009 5.14 1233.0
2452402.80557 16.287 0.009 4.07 1218.0
2452404.84251 16.289 0.008 3.52 1150.0
2452410.71524 16.315 0.007 5.03 921.0
2452414.86148 16.299 0.008 4.17 1113.0
2452415.72351 16.287 0.010 5.23 1218.0
2452416.74571 16.279 0.009 4.63 1171.0
2452417.72128 16.284 0.009 4.76 1224.0
2452424.76361 16.284 0.014 4.25 4476.0
2452426.67492 16.300 0.009 4.84 1090.0
2452431.80926 16.294 0.007 4.29 967.0
2452434.80945 16.292 0.008 3.83 1185.0
2452436.58220 16.302 0.010 4.69 1366.0
2452438.61435 16.293 0.009 4.90 1151.0
2452440.59561 16.288 0.009 4.64 1177.0
2452442.61343 16.284 0.008 4.05 1115.0
2452444.70605 16.287 0.010 5.68 1186.0
2452446.64060 16.300 0.009 3.94 1434.0
2452448.52739 16.282 0.015 4.45 5232.0
2452453.73666 16.301 0.010 5.03 1210.0
2452458.73393 16.270 0.010 5.52 1003.0
2452462.72273 16.278 0.008 3.71 962.0
2452463.81981 16.278 0.008 4.49 1112.0
2452466.46291 16.288 0.012 5.97 2006.0
2452466.47175 16.289 0.010 5.84 1254.0
2452466.48065 16.283 0.009 5.48 1168.0
2452466.48963 16.277 0.009 4.96 1134.0
2452466.50234 16.293 0.009 4.72 1132.0
2452466.51152 16.279 0.009 4.67 1131.0
2452466.52054 16.285 0.009 5.35 1128.0
2452466.52952 16.303 0.009 4.74 1104.0
2452466.53998 16.285 0.008 4.03 1061.0
2452466.54915 16.271 0.009 4.50 1064.0
2452466.55848 16.284 0.008 3.99 1038.0
2452466.56215 16.294 0.008 4.29 1034.0
2452466.56808 16.268 0.008 4.17 1027.0
2452466.57700 16.289 0.008 4.44 1025.0
2452466.58895 16.281 0.008 4.32 1002.0
2452466.59889 16.278 0.008 4.54 1005.0
2452466.60791 16.292 0.008 4.42 987.0
2452466.61675 16.282 0.009 4.90 990.0
2452466.62753 16.275 0.009 5.53 1000.0
2452466.63726 16.261 0.010 5.83 1006.0
2452466.64749 16.262 0.010 5.69 1005.0
2452466.65646 16.284 0.009 5.39 988.0
2452466.66539 16.275 0.009 5.36 1014.0
2452466.67805 16.266 0.009 5.66 1019.0
2452466.68691 16.287 0.009 5.02 1010.0
2452466.69577 16.285 0.009 5.60 1021.0
2452466.70568 16.282 0.009 5.20 1006.0
2452466.71596 16.286 0.009 5.27 1048.0
2452466.72507 16.284 0.010 5.86 1065.0
2452466.73407 16.287 0.010 5.97 1092.0
2452466.74332 16.266 0.010 6.25 1089.0
2452466.74979 16.276 0.011 6.37 1103.0
2452466.75931 16.280 0.010 6.00 1111.0
2452466.76807 16.263 0.009 5.42 1096.0
2452466.77743 16.284 0.009 5.02 1109.0
2452466.79001 16.277 0.010 5.33 1142.0
2452466.79904 16.278 0.011 6.02 1202.0
2452466.80971 16.277 0.009 4.90 1216.0
2452466.81862 16.294 0.011 5.90 1315.0
2452466.82854 16.265 0.011 5.71 1363.0
2452466.83737 16.273 0.010 5.45 1408.0
2452466.84634 16.290 0.012 6.44 1506.0
2452468.46484 16.300 0.012 6.14 1730.0
2452470.46516 16.297 0.012 6.22 1855.0
2452472.45994 16.336 0.013 5.90 2634.0
2452472.47845 16.304 0.011 5.69 1961.0
2452472.51680 16.252 0.008 4.45 1833.0
2452472.52644 16.288 0.009 4.39 1834.0
2452472.54500 16.271 0.009 4.79 1735.0
2452472.55393 16.286 0.009 4.80 1818.0
2452472.57271 16.302 0.009 4.65 1803.0
2452472.58320 16.262 0.008 4.66 1675.0
2452472.59228 16.289 0.008 4.58 1577.0
2452472.63373 16.292 0.008 4.60 1345.0
2452472.64301 16.309 0.008 4.63 1342.0
2452472.66326 16.326 0.007 4.79 1199.0
2452472.67213 16.266 0.007 4.22 1167.0
2452472.68097 16.295 0.008 4.70 1073.0
2452472.69128 16.280 0.008 4.41 1004.0
2452472.70023 16.278 0.008 4.68 984.0
2452472.70912 16.287 0.008 4.64 968.0
2452472.71931 16.283 0.008 4.65 933.0
2452472.73262 16.294 0.008 4.85 942.0
2452472.74220 16.278 0.008 4.53 1005.0
2452472.75127 16.287 0.009 5.25 1034.0
2452472.76016 16.285 0.008 4.93 932.0
2452472.76991 16.300 0.007 4.62 919.0
2452472.77894 16.317 0.007 5.03 776.0
2452472.79293 16.299 0.008 5.05 968.0
2452472.80260 16.270 0.007 6.06 681.0
2452472.81138 16.230 0.007 5.77 773.0
2452472.82079 16.271 0.009 6.16 1017.0
2452474.46546 16.280 0.011 5.45 1755.0
2452482.62214 16.283 0.010 5.34 1222.0
2452485.63215 16.281 0.011 6.77 1018.0
2452489.70299 16.282 0.008 4.47 1047.0
2452492.64767 16.284 0.009 4.33 1087.0
2452494.70205 16.276 0.008 5.30 898.0
2452497.50460 16.289 0.009 4.84 1137.0
2452499.54039 16.280 0.009 4.38 1074.0
2452501.56811 16.282 0.008 4.09 1127.0
2452511.54830 16.276 0.010 5.26 1235.0
2452517.48136 16.264 0.014 7.82 1349.0
2452521.51672 16.280 0.009 4.15 1274.0
2452526.54693 16.279 0.008 4.26 1042.0
2452537.47811 16.284 0.012 5.60 1936.0
2452540.49470 16.287 0.011 5.62 1485.0
2452546.50525 16.275 0.009 4.76 1292.0
2452550.48652 16.286 0.011 5.52 1394.0
2452554.55841 16.284 0.010 4.88 1195.0
2452558.49496 16.271 0.011 5.30 1616.0
2452565.48782 16.272 0.015 6.35 2200.0
2452693.89219 16.298 0.009 4.87 1371.0
2452698.89013 16.297 0.009 5.14 1052.0
2452711.87315 16.295 0.008 4.81 1037.0
2452721.88060 16.270 0.016 4.24 5996.0
2452730.89389 16.278 0.008 3.79 1114.0
2452743.77029 16.291 0.008 3.80 1217.0
2452748.78884 16.274 0.010 4.35 1491.0
2452755.77874 16.292 0.008 3.81 1072.0
2452758.93016 16.282 0.011 4.98 1710.0
2452765.78688 16.283 0.008 3.76 1236.0
2452769.77149 16.285 0.007 4.36 1001.0
2452782.71004 16.291 0.011 5.91 1122.0
2452784.69899 16.290 0.008 3.46 1032.0
2452786.58455 16.276 0.013 6.29 1713.0
2452788.68634 16.275 0.008 3.39 1191.0
2452790.79144 16.288 0.008 4.11 1101.0
2452792.52842 16.283 0.013 7.48 1416.0
2452794.55466 16.314 0.013 6.83 1539.0
2452796.56337 16.306 0.009 4.63 1214.0
2452802.55824 16.284 0.013 6.53 1740.0
2452808.63079 16.295 0.009 4.43 1297.0
2452810.56903 16.280 0.009 4.46 1296.0
2452812.57090 16.275 0.009 4.07 1445.0
2452813.81465 16.290 0.009 4.16 1190.0
2452815.59325 16.294 0.009 4.09 1046.0
2452816.65868 16.285 0.008 4.26 961.0
2452817.77333 16.293 0.009 4.80 1197.0
2452818.66818 16.278 0.009 4.36 1143.0
2452819.76228 16.285 0.010 5.11 1214.0
2452821.66052 16.285 0.009 4.22 1154.0
2452826.65119 16.290 0.009 6.01 887.0
2452830.78143 16.282 0.011 4.44 2243.0
2452835.47782 16.301 0.012 4.76 2550.0
2452837.49663 16.318 0.010 5.62 1421.0
2452838.72714 16.276 0.009 4.58 1146.0
2452840.49871 16.290 0.010 5.27 1316.0
2452842.53514 16.312 0.009 5.07 1169.0
2452844.61128 16.271 0.008 3.87 1052.0
2452848.54648 16.297 0.012 6.37 1260.0
2452851.53374 16.288 0.009 4.70 1271.0
2452853.53159 16.298 0.009 4.75 1228.0
2452854.75453 16.283 0.011 5.81 1212.0
2452857.71747 16.286 0.010 4.80 1287.0
2452862.49376 16.253 0.012 6.07 1609.0
2452864.50077 16.282 0.012 5.72 1527.0
2452867.65598 16.295 0.010 5.36 1165.0
2452867.69807 16.290 0.009 4.41 1124.0
2452867.71936 16.276 0.010 5.14 1163.0
2452867.72930 16.281 0.010 5.84 1182.0
2452867.73251 16.283 0.010 5.43 1188.0
2452867.73556 16.292 0.010 5.66 1216.0
2452867.73861 16.286 0.010 5.39 1214.0
2452868.51429 16.282 0.008 4.01 1189.0
2452869.56728 16.270 0.009 4.23 1157.0
2452869.58857 16.284 0.009 3.93 1123.0
2452870.65628 16.279 0.009 3.92 1175.0
2452871.47684 16.279 0.009 4.72 1337.0
2452871.51151 16.293 0.009 4.45 1155.0
2452871.52781 16.276 0.009 3.83 1147.0
2452871.54698 16.289 0.008 3.33 1128.0
2452871.55026 16.278 0.008 3.56 1153.0
2452871.55365 16.283 0.008 3.41 1159.0
2452871.55700 16.289 0.008 3.58 1161.0
2452871.56044 16.272 0.008 3.65 1173.0
2452871.56414 16.274 0.008 3.71 1197.0
2452871.56803 16.265 0.008 3.52 1189.0
2452871.57980 16.274 0.008 3.40 1202.0
2452871.58743 16.289 0.008 3.53 1261.0
2452871.59090 16.286 0.008 3.49 1244.0
2452871.59428 16.289 0.008 3.60 1230.0
2452871.59764 16.292 0.008 3.42 1225.0
2452871.60093 16.290 0.008 3.44 1229.0
2452871.60426 16.289 0.008 3.53 1226.0
2452871.60748 16.285 0.008 3.68 1230.0
2452871.61118 16.283 0.008 3.57 1206.0
2452871.61585 16.284 0.008 3.58 1200.0
2452871.63049 16.277 0.008 3.79 1169.0
2452871.71129 16.292 0.009 4.56 1203.0
2452872.50170 16.267 0.009 4.64 1209.0
2452872.67540 16.280 0.008 3.82 966.0
2452872.70262 16.287 0.008 4.40 1064.0
2452874.57627 16.277 0.008 5.23 913.0
2452875.53658 16.275 0.008 4.18 999.0
2452875.61544 16.278 0.010 6.01 1075.0
2452875.69346 16.283 0.011 6.08 1158.0
2452876.49411 16.284 0.009 4.39 1113.0
2452876.65169 16.290 0.009 4.47 1014.0
2452877.52165 16.256 0.009 4.69 1211.0
2452877.65100 16.268 0.009 4.08 1188.0
2452878.49816 16.288 0.008 3.63 1235.0
2452878.56930 16.283 0.008 3.54 1072.0
2452879.55333 16.285 0.009 4.08 1107.0
2452880.70010 16.284 0.010 5.44 1209.0
2452881.65634 16.282 0.007 4.66 853.0
2452882.50044 16.298 0.009 5.21 1101.0
2452883.58619 16.292 0.008 3.94 1008.0
2452884.47633 16.268 0.011 5.05 1510.0
2452892.51419 16.283 0.011 5.82 1380.0
2452896.58101 16.292 0.008 3.52 1227.0
2452899.60441 16.278 0.007 4.32 1037.0
2452905.54431 16.272 0.012 6.33 1345.0
2452909.51514 16.295 0.010 5.13 1273.0
2452912.53773 16.289 0.009 3.93 1325.0
2452921.59831 16.276 0.012 6.09 1842.0
2452926.56551 16.261 0.009 4.98 1381.0
2453040.88363 16.282 0.014 5.47 2660.0
2453044.85820 16.272 0.011 5.84 1532.0
2453046.86814 16.272 0.010 5.07 1560.0
2453047.85686 16.285 0.009 4.57 1351.0
2453055.87452 16.282 0.009 4.92 1177.0
2453058.89269 16.283 0.008 3.54 1330.0
2453064.81324 16.295 0.010 5.80 1422.0
2453067.88666 16.280 0.008 3.48 1079.0
2453070.84819 16.286 0.010 4.89 1394.0
2453070.89257 16.294 0.009 4.01 1294.0
2453071.87693 16.296 0.009 3.79 1310.0
2453073.80367 16.274 0.010 5.14 1403.0
2453075.84225 16.296 0.009 4.09 1391.0
2453079.88686 16.281 0.010 3.59 2246.0
2453082.86016 16.278 0.008 3.61 1087.0
2453084.89946 16.276 0.007 3.19 973.0
2453086.83181 16.292 0.008 3.56 997.0
2453088.78930 16.280 0.007 3.39 924.0
2453089.89856 16.310 0.008 4.08 1053.0
2453091.81875 16.289 0.008 3.79 991.0
2453096.85686 16.295 0.009 4.97 1110.0
2453098.83736 16.301 0.008 3.63 1084.0
2453100.79783 16.284 0.008 3.56 1183.0
2453101.90434 16.285 0.009 4.21 1224.0
2453103.76910 16.273 0.008 3.63 1401.0
2453104.88363 16.290 0.018 3.79 8707.0
2453108.76167 16.287 0.008 3.61 1154.0
2453109.79661 16.274 0.008 3.73 1015.0
2453110.82828 16.300 0.008 4.40 1104.0
2453112.77709 16.295 0.008 4.07 907.0
2453113.86686 16.279 0.008 4.09 929.0
2453114.77838 16.284 0.008 3.81 1008.0
2453115.86120 16.285 0.008 3.84 1040.0
2453116.91732 16.297 0.009 4.46 1050.0
2453122.90439 16.266 0.009 5.04 1181.0
2453125.86465 16.273 0.010 5.07 1169.0
2453126.89027 16.293 0.008 3.90 1247.0
2453127.79578 16.273 0.009 3.75 1253.0
2453128.81415 16.281 0.008 3.87 1227.0
2453130.69216 16.304 0.010 4.15 1709.0
2453137.93253 16.312 0.009 4.36 1512.0
2453138.69522 16.295 0.010 5.14 1121.0
2453139.86654 16.268 0.008 4.13 1049.0
2453140.87225 16.292 0.008 4.46 1067.0
2453140.90258 16.282 0.009 4.57 1079.0
2453142.76055 16.279 0.008 3.94 1035.0
2453144.78149 16.293 0.009 4.67 988.0
2453146.78130 16.294 0.009 5.10 958.0
2453151.74408 16.255 0.009 5.38 993.0
2453151.89676 16.272 0.009 4.92 1131.0
2453152.74737 16.290 0.009 4.63 1079.0
2453153.75212 16.281 0.010 5.51 1050.0
2453154.81363 16.269 0.010 5.61 1103.0
2453156.83333 16.294 0.009 4.26 1306.0
2453158.90401 16.294 0.013 6.14 1753.0
2453162.80832 16.295 0.009 4.06 1371.0
2453163.62123 16.278 0.008 3.73 1012.0
2453163.64006 16.283 0.008 3.86 1015.0
2453164.72995 16.280 0.008 4.20 1027.0
2453165.75076 16.283 0.007 3.79 958.0
2453166.89589 16.289 0.012 6.40 1330.0
2453167.74876 16.285 0.010 5.95 1025.0
2453168.74394 16.293 0.008 4.24 1002.0
2453169.71984 16.264 0.008 4.15 1007.0
2453170.79736 16.265 0.008 3.93 958.0
2453171.82006 16.280 0.007 3.44 977.0
2453172.74707 16.281 0.007 3.80 883.0
2453174.70336 16.269 0.007 3.47 984.0
2453175.71330 16.282 0.008 3.60 1058.0
2453177.75044 16.265 0.010 6.81 1105.0
2453178.77701 16.263 0.007 4.64 826.0
2453179.78676 16.300 0.008 4.43 1022.0
2453180.71510 16.276 0.007 3.71 897.0
2453182.76659 16.288 0.008 4.62 963.0
2453183.73524 16.278 0.009 4.53 997.0
2453184.69303 16.284 0.007 3.60 984.0
2453185.74569 16.276 0.008 3.85 1141.0
2453185.76592 16.280 0.009 4.23 1137.0
2453185.79186 16.277 0.008 3.89 1153.0
2453185.82991 16.275 0.008 3.81 1202.0
2453185.85790 16.278 0.009 4.64 1276.0
2453185.87937 16.282 0.010 5.20 1432.0
2453186.62474 16.310 0.010 4.75 1594.0
2453190.63676 16.274 0.009 4.65 1262.0
2453191.77823 16.272 0.009 5.09 1180.0
2453193.53123 16.276 0.008 4.59 1064.0
2453194.58989 16.286 0.009 4.73 1299.0
2453195.63717 16.287 0.007 3.80 920.0
2453195.79485 16.294 0.008 3.75 1071.0
2453196.55746 16.284 0.010 5.35 1103.0
2453197.50783 16.293 0.008 3.80 1109.0
2453199.61760 16.289 0.009 5.22 917.0
2453201.50944 16.284 0.007 4.06 1078.0
2453202.47390 16.293 0.010 5.90 1186.0
2453202.52602 16.288 0.008 4.14 993.0
2453202.56388 16.291 0.008 4.53 933.0
2453202.63017 16.286 0.008 4.65 1050.0
2453202.75567 16.270 0.009 5.16 1007.0
2453202.79234 16.290 0.009 4.98 1094.0
2453202.82853 16.280 0.011 6.69 1266.0
2453203.46962 16.276 0.010 5.29 1170.0
2453203.65337 16.249 0.008 4.52 933.0
2453204.64660 16.278 0.008 4.16 872.0
2453205.75522 16.289 0.008 4.91 852.0
2453206.71223 16.276 0.008 5.52 919.0
2453207.66076 16.275 0.009 5.88 938.0
2453210.53961 16.284 0.009 5.33 1160.0
2453211.57807 16.283 0.009 5.17 940.0
2453217.47623 16.283 0.009 3.63 1933.0
2453218.64498 16.296 0.010 4.78 1447.0
2453219.59333 16.276 0.012 6.62 1276.0
2453223.64623 16.293 0.012 7.00 1104.0
2453224.69175 16.269 0.008 3.77 1126.0
2453226.60906 16.256 0.010 6.78 883.0
2453228.59549 16.291 0.009 5.32 942.0
2453229.62796 16.279 0.008 4.52 919.0
2453230.66154 16.287 0.008 4.49 889.0
2453231.56488 16.261 0.009 5.13 1035.0
2453232.59277 16.264 0.012 7.56 1054.0
2453238.61386 16.296 0.009 5.30 1041.0
2453239.69262 16.290 0.010 6.72 1006.0
2453240.67375 16.265 0.011 7.03 1055.0
2453245.54852 16.296 0.008 4.09 1347.0
2453246.65224 16.332 0.010 5.64 1243.0
2453247.61839 16.263 0.009 4.89 1217.0
2453249.52031 16.297 0.009 5.34 977.0
2453250.65307 16.277 0.010 5.15 1320.0
2453251.49826 16.286 0.010 5.67 1068.0
2453251.59855 16.294 0.008 4.34 965.0
2453251.64976 16.281 0.009 5.76 999.0
2453253.51737 16.267 0.009 6.04 910.0
2453256.63014 16.271 0.010 6.13 1012.0
2453259.61960 16.287 0.010 5.74 1015.0
2453264.52709 16.290 0.009 4.23 1167.0
2453267.52620 16.299 0.009 5.28 1261.0
2453272.58162 16.277 0.009 4.93 1219.0
2453275.56458 16.267 0.011 5.92 1307.0
2453278.59349 16.259 0.009 5.25 1158.0
2453281.60025 16.286 0.007 4.70 629.0
2453288.54008 16.287 0.007 4.50 703.0
2453293.51065 16.269 0.007 5.39 660.0
2453295.52085 16.276 0.006 4.55 562.0
2453299.52446 16.284 0.006 4.79 522.0
2453305.54167 16.298 0.010 5.08 1585.0
2453306.54123 16.272 0.014 6.61 2242.0
2453307.54072 16.316 0.015 6.92 2022.0
2453309.51660 16.299 0.010 5.24 1570.0
2453310.52622 16.316 0.011 5.37 1793.0
2453314.51011 16.258 0.013 6.99 1677.0
2453408.88462 16.275 0.009 5.57 1115.0
2453410.88473 16.260 0.009 5.62 1259.0
2453413.88556 16.277 0.009 5.98 1150.0
2453421.89178 16.284 0.007 3.76 878.0
2453422.86168 16.252 0.009 5.90 913.0
2453426.85731 16.264 0.008 4.48 1164.0
2453429.83041 16.281 0.010 5.42 1715.0
2453432.88273 16.297 0.009 3.62 2375.0
2453442.88513 16.270 0.007 4.28 926.0
2453445.79797 16.289 0.007 4.09 843.0
2453447.84859 16.303 0.008 4.85 952.0
2453449.86122 16.296 0.008 4.86 864.0
2453452.88183 16.287 0.007 3.57 881.0
2453455.81607 16.307 0.009 4.77 1254.0
2453457.84953 16.276 0.007 3.96 1030.0
2453459.84475 16.285 0.007 3.46 1207.0
2453469.78051 16.278 0.007 3.86 897.0
2453470.79348 16.270 0.007 4.55 834.0
2453472.75591 16.280 0.008 4.47 938.0
2453473.77571 16.269 0.008 5.01 881.0
2453474.77237 16.276 0.009 5.51 833.0
2453475.79793 16.285 0.007 4.33 825.0
2453477.75977 16.269 0.007 4.06 886.0
2453479.75860 16.306 0.006 3.75 829.0
2453480.71874 16.284 0.007 4.22 830.0
2453481.73667 16.292 0.008 4.56 914.0
2453482.67900 16.300 0.009 4.93 1291.0
2453496.71626 16.271 0.007 4.28 972.0
2453497.78781 16.280 0.009 5.48 1022.0
2453498.91109 16.311 0.009 4.86 1045.0
2453499.85893 16.280 0.007 3.82 878.0
2453500.72514 16.305 0.008 4.34 915.0
2453501.82158 16.293 0.006 3.62 905.0
2453502.71742 16.301 0.007 3.74 948.0
2453503.68661 16.297 0.007 4.12 854.0
2453504.70133 16.289 0.008 4.47 823.0
2453506.74514 16.282 0.008 4.58 904.0
2453508.74935 16.296 0.008 4.70 951.0
2453509.72782 16.282 0.007 4.36 823.0
2453510.79760 16.297 0.008 4.19 910.0
2453511.83673 16.279 0.007 3.48 1160.0
2453512.70641 16.295 0.009 4.69 1179.0
2453517.68222 16.286 0.010 4.64 1945.0
2453520.75750 16.284 0.008 4.82 1014.0
2453521.71471 16.294 0.007 3.41 1006.0
2453522.74274 16.292 0.006 3.22 799.0
2453522.93395 16.288 0.008 4.83 1120.0
2453523.74723 16.281 0.006 3.17 828.0
2453524.89241 16.329 0.009 5.16 1120.0
2453525.74562 16.294 0.007 3.67 782.0
2453526.74905 16.271 0.008 4.42 915.0
2453528.66990 16.292 0.007 4.24 818.0
2453529.69227 16.316 0.005 3.98 470.0
2453530.60734 16.281 0.007 3.95 878.0
2453537.73817 16.268 0.006 4.25 794.0
2453538.52750 16.263 0.011 7.81 1098.0
2453538.55386 16.280 0.009 5.66 960.0
2453538.60102 16.280 0.008 5.22 923.0
2453538.63175 16.291 0.007 4.37 903.0
2453538.68725 16.270 0.007 3.76 881.0
2453538.73637 16.294 0.007 3.69 916.0
2453538.78384 16.287 0.007 3.91 963.0
2453538.81495 16.292 0.007 4.07 936.0
2453538.84381 16.282 0.007 4.18 1020.0
2453538.87524 16.279 0.009 5.18 1115.0
2453538.90769 16.279 0.010 6.12 1223.0
2453539.51083 16.304 0.011 6.81 1390.0
2453539.53042 16.267 0.011 7.30 1171.0
2453539.56304 16.269 0.008 5.35 1023.0
2453539.59305 16.273 0.008 5.34 988.0
2453539.61593 16.290 0.009 5.29 1537.0
2453539.68199 16.276 0.008 4.34 1104.0
2453539.73745 16.283 0.007 3.64 930.0
2453539.80860 16.294 0.006 3.74 1031.0
2453540.51620 16.324 0.012 6.33 1494.0
2453540.61626 16.279 0.008 4.95 1050.0
2453540.73621 16.276 0.009 3.74 2421.0
2453540.83437 16.278 0.009 4.76 1408.0
2453541.63152 16.284 0.009 4.44 1269.0
2453541.78057 16.293 0.008 3.78 1193.0
2453542.56565 16.337 0.010 5.09 1538.0
2453542.83831 16.270 0.014 5.31 3422.0
2453544.61196 16.277 0.010 3.70 2913.0
2453544.72499 16.286 0.008 3.81 1412.0
2453546.84410 16.245 0.012 7.19 1209.0
2453547.80836 16.313 0.010 6.01 1088.0
2453549.84020 16.287 0.008 5.55 1040.0
2453550.63202 16.282 0.008 4.80 1002.0
2453551.63161 16.296 0.006 4.06 869.0
2453552.66733 16.281 0.007 4.08 789.0
2453553.71738 16.302 0.009 5.39 1027.0
2453554.65271 16.278 0.009 5.29 940.0
2453555.66479 16.286 0.008 5.20 809.0
2453556.67254 16.281 0.007 4.35 844.0
2453558.52735 16.289 0.008 4.94 1041.0
2453558.82609 16.269 0.008 5.49 887.0
2453559.69603 16.283 0.008 4.10 866.0
2453560.59735 16.280 0.007 4.13 879.0
2453561.54511 16.313 0.008 3.66 1068.0
2453562.58579 16.277 0.009 5.92 938.0
2453563.63648 16.269 0.006 3.31 794.0
2453564.57425 16.282 0.009 5.70 889.0
2453569.55961 16.278 0.010 4.62 1869.0
2453572.81507 16.262 0.012 5.74 2427.0
2453573.64605 16.276 0.009 5.04 1125.0
2453574.68595 16.303 0.008 4.22 1038.0
2453575.53344 16.261 0.007 3.85 911.0
2453575.77005 16.293 0.008 4.39 1054.0
2453576.68735 16.285 0.009 5.55 951.0
2453577.58745 16.265 0.009 5.53 856.0
2453578.67206 16.284 0.007 4.45 788.0
2453579.61750 16.299 0.007 4.06 828.0
2453580.65072 16.284 0.008 4.44 871.0
2453581.67061 16.288 0.007 3.75 804.0
2453582.64244 16.278 0.007 4.12 792.0
2453583.63288 16.284 0.007 4.33 756.0
2453583.75281 16.253 0.008 5.85 961.0
2453584.64156 16.298 0.007 3.64 771.0
2453584.75615 16.287 0.008 5.61 850.0
2453585.63187 16.264 0.007 3.94 710.0
2453585.77460 16.291 0.008 5.52 776.0
2453586.46947 16.280 0.009 3.94 1431.0
2453586.56846 16.274 0.007 3.35 829.0
2453586.67493 16.285 0.007 3.28 829.0
2453586.71697 16.281 0.006 3.46 818.0
2453587.59338 16.264 0.010 6.71 883.0
2453587.64873 16.273 0.009 5.74 872.0
2453587.71438 16.277 0.009 6.02 860.0
2453588.55798 16.268 0.006 4.10 799.0
2453589.49306 16.283 0.007 3.66 921.0
2453589.54506 16.267 0.007 3.63 860.0
2453589.67054 16.290 0.007 3.73 770.0
2453589.69740 16.294 0.007 4.12 815.0
2453590.65448 16.287 0.007 3.72 826.0
2453591.49752 16.283 0.008 4.79 926.0
2453591.54072 16.292 0.007 3.21 834.0
2453591.64564 16.290 0.007 3.25 917.0
2453591.67802 16.295 0.007 3.20 900.0
2453591.75825 16.304 0.008 4.68 936.0
2453592.75423 16.290 0.008 5.01 949.0
2453593.74495 16.302 0.008 5.00 1112.0
2453594.70716 16.290 0.009 5.72 935.0
2453601.65572 16.298 0.008 3.79 1211.0
2453601.72213 16.303 0.009 4.69 1460.0
2453602.61631 16.285 0.008 3.73 1210.0
2453603.63634 16.273 0.008 4.99 991.0
2453607.63470 16.291 0.008 4.52 826.0
2453608.65006 16.292 0.008 5.25 842.0
2453609.63060 16.298 0.008 4.90 778.0
2453615.57781 16.283 0.008 4.82 825.0
2453618.57944 16.300 0.008 4.37 976.0
2453620.54264 16.268 0.007 3.86 827.0
2453622.52050 16.287 0.009 5.25 900.0
2453628.59671 16.283 0.010 4.91 1363.0
2453630.53603 16.288 0.010 5.29 1257.0
2453632.58615 16.294 0.009 4.94 1284.0
2453634.48675 16.277 0.009 5.80 932.0
2453639.54561 16.296 0.007 3.48 923.0
2453641.54407 16.281 0.009 5.32 1081.0
2453644.50439 16.295 0.009 5.25 1068.0
2453648.53623 16.262 0.009 5.54 968.0
2453650.57858 16.283 0.007 5.08 665.0
2453654.54028 16.277 0.010 4.39 2103.0
2453656.52150 16.291 0.009 3.77 1377.0
2453658.55330 16.251 0.011 6.27 1527.0
2453660.52593 16.281 0.010 4.77 1670.0
2453664.50273 16.288 0.008 3.61 1291.0
2453675.50804 16.260 0.011 5.67 1549.0
2453675.52524 16.280 0.010 5.07 1470.0
2453676.49774 16.287 0.013 5.09 2548.0
2453776.86666 16.277 0.009 5.73 1077.0
2453782.85138 16.302 0.009 5.20 1208.0
2453784.87670 16.274 0.008 3.85 1178.0
2453786.89627 16.280 0.010 4.73 1557.0
2453788.84686 16.268 0.009 4.31 1674.0
2453790.88929 16.282 0.008 3.53 1537.0
2453793.85656 16.284 0.007 3.50 1136.0
2453795.84399 16.292 0.008 4.65 1214.0
2453798.80720 16.297 0.008 4.59 1033.0
2453799.83136 16.291 0.009 4.75 1345.0
2453800.82630 16.294 0.010 5.96 1049.0
2453801.88578 16.272 0.008 4.38 1033.0
2453802.85137 16.271 0.008 4.00 1042.0
2453803.88664 16.288 0.007 3.41 1068.0
2453805.80308 16.272 0.008 4.25 1095.0
2453806.76939 16.290 0.009 4.88 1169.0
2453807.78847 16.262 0.010 5.66 1320.0
2453808.79614 16.331 0.009 4.69 1300.0
2453809.88126 16.279 0.008 4.13 1213.0
2453810.84788 16.304 0.008 3.69 1207.0
2453811.83947 16.257 0.008 4.38 1059.0
2453812.83558 16.301 0.009 4.90 1205.0
2453813.82552 16.294 0.007 3.62 1125.0
2453814.82739 16.313 0.008 3.82 1147.0
2453817.85893 16.302 0.008 3.61 1341.0
2453818.88802 16.285 0.007 3.53 982.0
2453819.80573 16.291 0.007 3.19 878.0
2453820.77237 16.289 0.007 3.97 931.0
2453821.77549 16.303 0.008 4.20 928.0
2453822.81491 16.276 0.008 4.41 980.0
2453822.86280 16.283 0.007 3.70 960.0
2453822.88373 16.279 0.007 3.59 943.0
2453822.91798 16.278 0.008 3.41 1346.0
2453823.74126 16.280 0.008 5.00 982.0
2453823.79522 16.281 0.007 4.33 926.0
2453823.83900 16.284 0.007 3.42 876.0
2453823.88712 16.280 0.007 4.30 908.0
2453823.92038 16.287 0.008 3.43 1848.0
2453824.74127 16.279 0.009 5.56 1044.0
2453824.82034 16.290 0.010 6.17 1038.0
2453824.86053 16.300 0.008 4.76 971.0
2453824.89538 16.292 0.009 4.96 982.0
2453825.80613 16.300 0.009 5.56 962.0
2453825.84993 16.304 0.008 4.63 964.0
2453825.88261 16.298 0.008 4.99 976.0
2453825.91910 16.286 0.009 4.59 1397.0
2453826.73466 16.255 0.007 6.39 530.0
2453826.77342 16.287 0.008 4.73 919.0
2453826.82792 16.272 0.008 5.01 913.0
2453826.90004 16.282 0.008 4.47 1018.0
2453827.76609 16.287 0.008 5.47 845.0
2453827.80246 16.267 0.007 4.18 841.0
2453827.85050 16.276 0.007 4.00 822.0
2453827.92210 16.279 0.007 3.89 1069.0
2453828.75189 16.291 0.010 5.98 1004.0
2453828.79947 16.279 0.009 5.58 985.0
2453828.86375 16.288 0.008 4.48 917.0
2453828.91913 16.297 0.009 4.69 1083.0
2453829.73331 16.295 0.008 4.73 931.0
2453829.77952 16.282 0.008 5.13 942.0
2453829.84867 16.284 0.007 3.90 899.0
2453829.89464 16.291 0.007 4.07 920.0
2453829.92346 16.274 0.008 3.27 1535.0
2453830.69453 16.277 0.009 5.23 1202.0
2453830.70868 16.275 0.008 4.68 1099.0
2453830.73142 16.285 0.008 4.04 1036.0
2453830.74754 16.281 0.007 3.89 1026.0
2453830.76319 16.273 0.007 3.74 1003.0
2453830.77736 16.272 0.007 3.60 1019.0
2453830.79213 16.292 0.008 3.80 1038.0
2453830.80630 16.317 0.008 3.90 1009.0
2453830.82027 16.281 0.007 3.73 976.0
2453830.83216 16.285 0.008 4.43 982.0
2453830.84383 16.289 0.007 3.36 953.0
2453830.85761 16.287 0.008 3.79 998.0
2453830.86987 16.288 0.007 3.80 1011.0
2453830.88120 16.282 0.007 3.76 991.0
2453830.89251 16.275 0.007 3.42 949.0
2453830.90230 16.295 0.007 3.67 945.0
2453830.91349 16.273 0.007 3.33 950.0
2453830.92325 16.289 0.008 3.47 1237.0
2453830.92650 16.264 0.009 3.61 1776.0
2453831.69282 16.293 0.008 4.64 1148.0
2453831.70232 16.283 0.008 4.34 1085.0
2453831.71506 16.294 0.007 4.12 1020.0
2453831.72433 16.284 0.007 3.90 1017.0
2453831.72722 16.295 0.007 3.98 1023.0
2453831.73049 16.294 0.007 3.70 1023.0
2453831.73328 16.283 0.007 3.77 1034.0
2453831.73606 16.289 0.007 3.54 1038.0
2453831.73915 16.283 0.007 3.52 1022.0
2453831.74194 16.285 0.007 3.40 1036.0
2453831.74473 16.302 0.007 3.63 1043.0
2453831.74789 16.299 0.007 3.43 1047.0
2453831.75069 16.308 0.007 3.76 1044.0
2453831.75349 16.293 0.007 3.74 1045.0
2453831.75671 16.298 0.007 3.40 1016.0
2453831.75945 16.296 0.007 3.53 1009.0
2453831.76226 16.289 0.007 3.38 1010.0
2453831.76573 16.287 0.007 3.19 1003.0
2453831.76901 16.292 0.007 3.11 977.0
2453831.77236 16.298 0.007 3.21 971.0
2453831.77516 16.281 0.007 3.36 949.0
2453831.77794 16.296 0.007 3.16 933.0
2453831.78134 16.290 0.006 3.11 919.0
2453831.78451 16.273 0.007 3.32 941.0
2453831.78811 16.285 0.007 3.25 953.0
2453831.79136 16.286 0.007 3.44 981.0
2453831.79413 16.287 0.007 3.29 995.0
2453831.79693 16.298 0.007 3.27 996.0
2453831.80037 16.280 0.007 3.32 997.0
2453831.80352 16.296 0.007 3.44 985.0
2453831.80663 16.307 0.007 3.59 1009.0
2453831.80942 16.278 0.007 3.44 1002.0
2453831.81220 16.269 0.007 3.37 1008.0
2453831.81540 16.282 0.007 3.77 1018.0
2453831.81820 16.275 0.008 3.84 1023.0
2453831.82100 16.292 0.007 3.34 1001.0
2453831.82421 16.287 0.007 3.32 1002.0
2453831.82701 16.278 0.007 3.53 1012.0
2453831.82981 16.277 0.007 3.51 1011.0
2453831.83338 16.288 0.007 3.73 1012.0
2453831.83682 16.282 0.007 3.45 1000.0
2453831.83960 16.282 0.007 3.33 989.0
2453831.84239 16.286 0.007 3.74 1006.0
2453831.84590 16.288 0.007 3.45 1012.0
2453831.84895 16.285 0.007 3.61 1029.0
2453831.85173 16.310 0.008 3.95 1056.0
2453831.85453 16.272 0.007 3.63 1064.0
2453831.85733 16.301 0.007 3.70 1051.0
2453831.86047 16.278 0.008 3.89 1070.0
2453831.86326 16.292 0.008 3.75 1046.0
2453831.86606 16.288 0.008 4.14 1052.0
2453831.87571 16.270 0.007 3.79 1009.0
2453831.88127 16.285 0.007 3.75 1014.0
2453831.88685 16.275 0.007 3.57 1004.0
2453831.89242 16.278 0.007 4.19 1007.0
2453831.90378 16.297 0.007 4.03 997.0
2453831.91135 16.296 0.007 3.46 957.0
2453831.91778 16.286 0.007 3.40 980.0
2453831.92417 16.280 0.008 3.69 1246.0
2453831.92728 16.275 0.008 3.42 1716.0
2453831.93025 16.284 0.011 4.27 2701.0
2453832.69746 16.278 0.010 5.71 1095.0
2453832.70964 16.303 0.009 5.40 1035.0
2453832.73347 16.301 0.008 4.44 924.0
2453832.77960 16.304 0.007 3.94 888.0
2453832.82546 16.290 0.008 4.66 902.0
2453832.86883 16.270 0.008 4.22 929.0
2453832.91484 16.282 0.008 4.46 991.0
2453833.69203 16.273 0.009 5.46 1131.0
2453833.71386 16.292 0.008 4.46 989.0
2453833.73818 16.283 0.007 4.09 865.0
2453833.78086 16.282 0.007 3.62 859.0
2453833.82362 16.275 0.007 3.19 880.0
2453833.84562 16.299 0.007 3.33 919.0
2453833.87403 16.277 0.007 3.49 990.0
2453833.90449 16.294 0.008 3.68 1034.0
2453833.92084 16.269 0.008 3.60 1155.0
2453834.69807 16.289 0.009 5.54 1194.0
2453834.71734 16.305 0.009 5.41 1122.0
2453834.74118 16.297 0.008 4.85 1063.0
2453834.79019 16.281 0.007 3.76 933.0
2453834.87001 16.290 0.007 3.65 1006.0
2453834.91248 16.291 0.008 4.40 1056.0
2453835.70754 16.279 0.008 4.71 1168.0
2453835.77773 16.283 0.008 4.31 984.0
2453835.85155 16.282 0.007 3.26 882.0
2453835.88133 16.289 0.007 3.27 877.0
2453835.92110 16.290 0.007 3.63 1090.0
2453836.70365 16.268 0.011 6.46 1287.0
2453836.76522 16.295 0.009 4.90 1155.0
2453836.80968 16.285 0.008 4.21 1072.0
2453836.84025 16.302 0.008 3.88 1033.0
2453836.89700 16.302 0.007 3.71 989.0
2453837.70232 16.274 0.011 6.17 1335.0
2453837.73259 16.288 0.009 4.96 1160.0
2453837.90433 16.294 0.007 3.14 1113.0
2453838.74437 16.284 0.010 5.95 1241.0
2453838.91167 16.295 0.010 5.00 1330.0
2453839.74014 16.337 0.012 6.39 1317.0
2453839.81869 16.294 0.008 4.34 1222.0
2453839.86286 16.278 0.010 5.32 1281.0
2453839.92328 16.289 0.009 4.14 1420.0
2453840.70612 16.289 0.010 5.10 1472.0
2453840.78725 16.302 0.008 3.95 1231.0
2453840.91107 16.287 0.008 3.85 1261.0
2453841.74464 16.310 0.009 4.60 1279.0
2453841.83337 16.319 0.008 3.97 1317.0
2453841.89524 16.296 0.008 3.56 1477.0
2453842.84722 16.278 0.008 3.60 1372.0
2453845.72015 16.303 0.013 5.38 2635.0
2453845.90886 16.263 0.010 4.55 1919.0
2453846.73085 16.282 0.007 4.03 936.0
2453846.91520 16.291 0.008 3.77 1075.0
2453847.79698 16.278 0.010 5.83 1058.0
2453848.75195 16.283 0.009 5.56 916.0
2453849.75102 16.282 0.007 3.86 962.0
2453849.92157 16.274 0.008 3.93 1042.0
2453850.69508 16.275 0.007 4.24 978.0
2453850.86679 16.283 0.008 4.61 1012.0
2453851.71023 16.283 0.009 5.51 976.0
2453851.87509 16.276 0.008 4.45 984.0
2453851.92125 16.293 0.009 4.63 1037.0
2453852.69879 16.262 0.010 5.96 1004.0
2453852.87008 16.283 0.008 4.27 954.0
2453853.68722 16.301 0.007 4.42 928.0
2453853.85556 16.281 0.007 3.57 854.0
2453853.92630 16.308 0.007 3.26 1012.0
2453856.67728 16.284 0.008 3.91 1099.0
2453856.84401 16.282 0.007 4.01 1011.0
2453857.91495 16.293 0.008 4.03 1083.0
2453858.76365 16.295 0.007 3.84 828.0
2453859.80186 16.286 0.007 3.88 862.0
2453860.67032 16.273 0.009 5.84 1017.0
2453860.91020 16.288 0.008 4.65 1095.0
2453861.66778 16.302 0.009 4.94 1082.0
2453861.77301 16.285 0.007 3.95 911.0
2453861.93627 16.303 0.009 3.58 1788.0
2453862.70115 16.296 0.008 4.20 1045.0
2453862.86513 16.295 0.007 3.47 1112.0
2453863.63658 16.276 0.009 4.95 1177.0
2453863.85422 16.292 0.007 3.44 893.0
2453863.93351 16.287 0.008 3.83 1209.0
2453864.67711 16.304 0.009 4.84 1083.0
2453864.86713 16.289 0.007 3.45 884.0
2453865.68793 16.292 0.008 4.48 1126.0
2453865.82339 16.282 0.007 3.89 1018.0
2453865.90139 16.286 0.007 4.15 993.0
2453866.68633 16.292 0.008 4.01 1064.0
2453866.82582 16.303 0.008 3.71 988.0
2453866.90472 16.286 0.007 3.24 1017.0
2453867.62923 16.302 0.010 4.74 2206.0
2453867.81489 16.281 0.008 3.70 1536.0
2453867.88795 16.285 0.008 3.38 1295.0
2453868.71231 16.273 0.009 4.35 1491.0
2453868.86399 16.289 0.010 4.55 1415.0
2453869.69210 16.285 0.008 3.56 1552.0
2453869.87310 16.277 0.009 3.88 1784.0
2453872.88947 16.321 0.008 3.72 1299.0
2453873.64441 16.296 0.008 4.29 1034.0
2453873.78712 16.297 0.008 3.76 1198.0
2453873.85985 16.290 0.008 4.48 1054.0
2453873.92942 16.294 0.009 4.52 1189.0
2453874.74408 16.298 0.009 5.17 945.0
2453875.65777 16.283 0.007 3.85 831.0
2453875.80525 16.294 0.007 3.31 944.0
2453875.90419 16.303 0.007 3.93 1022.0
2453876.63502 16.303 0.007 4.60 842.0
2453877.63314 16.300 0.007 4.85 803.0
2453877.78382 16.305 0.007 3.54 870.0
2453877.85836 16.300 0.007 3.81 1021.0
2453879.66460 16.281 0.006 3.99 717.0
2453880.83400 16.283 0.008 4.73 1024.0
2453880.91278 16.302 0.008 4.76 1100.0
2453881.66319 16.310 0.007 3.88 994.0
2453881.87469 16.281 0.007 3.53 1038.0
2453881.92144 16.291 0.007 3.58 1194.0
2453882.75148 16.275 0.008 4.11 934.0
2453882.82572 16.287 0.008 4.17 1044.0
2453882.89458 16.294 0.007 3.56 1021.0
2453883.64089 16.264 0.009 5.08 1018.0
2453883.83854 16.309 0.007 3.71 959.0
2453886.60296 16.292 0.008 4.88 1060.0
2453886.79572 16.284 0.007 3.99 860.0
2453886.86759 16.282 0.009 5.21 932.0
2453887.57628 16.297 0.008 5.22 1076.0
2453887.77883 16.295 0.007 3.70 864.0
2453887.87851 16.278 0.008 4.26 1011.0
2453888.59233 16.338 0.007 5.24 775.0
2453889.65877 16.281 0.007 4.37 868.0
2453889.93701 16.295 0.008 4.47 1234.0
2453890.63801 16.295 0.007 3.87 1022.0
2453891.66836 16.287 0.007 4.13 941.0
2453891.79664 16.304 0.009 4.99 997.0
2453891.87862 16.270 0.008 4.51 1054.0
2453892.56996 16.291 0.009 5.33 1287.0
2453892.93307 16.286 0.010 6.19 1146.0
2453893.61937 16.281 0.008 4.81 1037.0
2453893.86123 16.279 0.009 5.64 1098.0
2453894.67263 16.264 0.009 5.79 934.0
2453896.61021 16.281 0.010 5.90 1339.0
2453900.53154 16.288 0.011 5.95 1639.0
2453900.71721 16.301 0.011 3.88 1452.0
2453900.79651 16.282 0.008 3.09 4759.0
2453900.86518 16.282 0.008 3.99 1263.0
2453901.54164 16.303 0.008 4.67 1061.0
2453901.72296 16.291 0.008 4.29 1038.0
2453901.80026 16.279 0.009 5.14 1073.0
2453901.86919 16.264 0.008 4.36 1207.0
2453902.56432 16.275 0.007 4.83 929.0
2453902.74384 16.281 0.007 3.85 1008.0
2453902.86280 16.308 0.009 5.03 1233.0
2453903.65200 16.288 0.008 4.57 1023.0
2453903.89770 16.285 0.009 5.54 1293.0
2453904.55258 16.295 0.007 4.30 993.0
2453904.71569 16.277 0.007 3.40 1006.0
2453904.78472 16.293 0.007 3.87 935.0
2453904.88687 16.286 0.008 4.46 1164.0
2453905.54940 16.294 0.007 4.01 1008.0
2453905.72600 16.299 0.007 3.42 961.0
2453905.79609 16.281 0.007 3.18 967.0
2453905.86464 16.303 0.007 3.74 1140.0
2453906.56391 16.282 0.009 4.70 1056.0
2453906.70373 16.291 0.008 3.95 937.0
2453906.77686 16.282 0.008 4.23 949.0
2453906.85606 16.262 0.008 4.21 1057.0
2453907.59466 16.295 0.008 5.02 932.0
2453907.77690 16.286 0.010 5.79 978.0
2453907.86146 16.286 0.011 6.29 1166.0
2453908.53081 16.291 0.008 4.50 1255.0
2453908.71642 16.279 0.008 3.87 1003.0
2453908.79650 16.282 0.007 4.11 929.0
2453908.87610 16.292 0.008 4.68 1101.0
2453909.53255 16.274 0.009 5.35 1188.0
2453909.71536 16.288 0.006 3.19 784.0
2453909.80585 16.289 0.007 3.71 865.0
2453909.88209 16.296 0.009 4.82 1121.0
2453910.56201 16.297 0.009 4.97 1085.0
2453912.53181 16.307 0.007 3.22 1021.0
2453912.71911 16.291 0.006 3.22 786.0
2453912.81298 16.286 0.007 3.75 813.0
2453913.52327 16.288 0.007 3.51 991.0
2453913.72868 16.279 0.007 3.71 926.0
2453913.81763 16.295 0.007 3.36 933.0
2453914.54703 16.286 0.009 5.32 1021.0
2453915.52479 16.300 0.008 4.51 1083.0
2453915.72677 16.297 0.007 4.03 846.0
2453915.82500 16.297 0.007 3.95 884.0
2453916.56350 16.302 0.009 5.86 979.0
2453916.80737 16.286 0.008 4.91 928.0
2453917.55117 16.255 0.007 5.16 895.0
2453917.81791 16.288 0.009 5.40 1090.0
2453918.59191 16.325 0.007 4.19 966.0
2453918.81566 16.295 0.009 5.14 1028.0
2453919.54241 16.317 0.009 5.06 1159.0
2453919.75241 16.287 0.006 4.18 783.0
2453920.51012 16.323 0.008 4.49 1018.0
2453920.70621 16.270 0.008 4.96 985.0
2453920.79156 16.281 0.007 3.72 962.0
2453921.50629 16.286 0.008 4.10 1214.0
2453921.70554 16.254 0.011 6.23 1039.0
2453921.72000 16.265 0.010 6.20 1041.0
2453922.70997 16.296 0.010 6.13 992.0
2453930.53762 16.283 0.007 4.00 1005.0
2453930.78501 16.280 0.010 6.37 1208.0
2453931.49555 16.287 0.010 5.44 1175.0
2453931.82270 16.306 0.010 5.73 1317.0
2453932.52644 16.296 0.008 4.07 1100.0
2453932.79819 16.277 0.009 5.19 1118.0
2453933.51288 16.302 0.008 4.03 1086.0
2453933.69729 16.293 0.006 3.68 873.0
2453933.76931 16.284 0.008 4.10 1015.0
2453934.48675 16.291 0.008 4.50 1104.0
2453934.65679 16.302 0.007 3.61 831.0
2453934.72662 16.294 0.007 3.62 892.0
2453935.53665 16.279 0.008 4.43 970.0
2453935.70795 16.271 0.009 5.97 926.0
2453935.80551 16.279 0.009 4.82 1117.0
2453936.49004 16.277 0.009 5.38 1091.0
2453936.65553 16.275 0.007 3.67 946.0
2453936.73190 16.287 0.008 3.97 1130.0
2453937.55431 16.267 0.010 6.49 954.0
2453938.49782 16.271 0.009 5.21 1123.0
2453938.68874 16.253 0.007 4.80 748.0
2453938.79796 16.282 0.009 6.07 961.0
2453940.57805 16.298 0.007 3.52 916.0
2453941.69904 16.278 0.010 6.83 869.0
2453944.55038 16.313 0.008 4.48 971.0
2453944.75072 16.289 0.007 5.17 745.0
2453945.51209 16.296 0.008 4.90 1015.0
2453945.77859 16.268 0.008 5.42 999.0
2453946.50948 16.299 0.009 5.23 1024.0
2453946.70167 16.297 0.008 4.97 876.0
2453950.51836 16.296 0.007 4.14 959.0
2453950.73340 16.285 0.008 5.01 910.0
2453951.51106 16.270 0.008 4.47 1039.0
2453951.74233 16.288 0.011 5.86 1619.0
2453956.56358 16.264 0.010 5.74 1257.0
2453957.50269 16.281 0.010 5.02 1530.0
2453958.57350 16.278 0.008 4.15 1049.0
2453959.50625 16.297 0.008 4.71 995.0
2453959.68067 16.291 0.008 4.36 1067.0
2453960.49552 16.290 0.007 3.85 982.0
2453960.67458 16.294 0.007 3.29 981.0
2453961.56682 16.299 0.009 4.72 1101.0
2453963.52813 16.297 0.008 4.50 928.0
2453963.70552 16.297 0.009 5.94 937.0
2453964.52323 16.283 0.007 3.54 973.0
2453964.72811 16.270 0.008 5.35 943.0
2453965.50767 16.298 0.007 3.51 919.0
2453965.69897 16.283 0.007 4.03 893.0
2453966.48285 16.285 0.008 4.48 1106.0
2453966.68461 16.279 0.008 5.06 915.0
2453967.51722 16.286 0.010 5.68 1010.0
2453967.71002 16.306 0.008 5.49 917.0
2453968.49534 16.270 0.009 5.04 1110.0
2453968.57205 16.290 0.008 4.42 954.0
2453968.66525 16.288 0.008 4.64 940.0
2453969.47696 16.310 0.009 5.31 1016.0
2453969.67764 16.274 0.009 6.13 907.0
2453970.50608 16.263 0.009 5.77 980.0
2453970.68464 16.282 0.008 5.10 898.0
2453971.54996 16.274 0.009 5.32 932.0
2453973.56806 16.279 0.009 6.21 878.0
2453974.50540 16.269 0.009 5.31 984.0
2453974.68840 16.271 0.009 6.14 962.0
2453975.50832 16.291 0.008 4.79 948.0
2453975.68018 16.282 0.009 5.96 1007.0
2453976.50287 16.277 0.007 3.76 937.0
2453976.67889 16.294 0.010 6.22 1117.0
2453979.50514 16.276 0.014 5.93 2412.0
2453982.56575 16.291 0.008 4.15 1147.0
2453983.51944 16.274 0.011 4.65 2220.0
2453986.58020 16.274 0.009 5.46 1162.0
2453987.50256 16.281 0.009 5.20 1014.0
2453988.50840 16.308 0.007 3.90 900.0
2453989.52606 16.285 0.008 4.86 997.0
2453989.59339 16.272 0.009 5.39 1048.0
2453989.65912 16.265 0.011 6.76 1174.0
2453990.54287 16.268 0.009 6.09 988.0
2453990.60769 16.279 0.009 5.80 982.0
2453990.63502 16.294 0.009 5.75 1053.0
2453990.66921 16.248 0.009 6.17 1219.0
2453991.49865 16.252 0.010 6.28 1013.0
2453991.64194 16.266 0.009 6.54 972.0
2453993.55037 16.285 0.009 5.39 934.0
2453994.56103 16.282 0.009 5.72 1040.0
2453995.56860 16.282 0.008 4.18 951.0
2453999.58387 16.255 0.008 4.38 982.0
2454002.49208 16.277 0.008 4.08 1004.0
2454003.48958 16.293 0.007 4.00 1011.0
2454004.52370 16.299 0.007 3.59 1040.0
2454006.51665 16.293 0.008 3.94 1038.0
2454012.49654 16.297 0.011 6.29 1147.0
2454016.51218 16.314 0.010 5.29 1185.0
2454018.54847 16.276 0.009 4.80 1130.0
2454020.53521 16.311 0.009 5.74 1017.0
2454023.53555 16.268 0.009 4.90 1408.0
2454025.55494 16.315 0.009 4.98 1230.0
2454028.49433 16.274 0.010 5.58 1252.0
2454031.49442 16.279 0.010 5.47 1531.0
2454038.49978 16.277 0.012 5.98 1483.0
2454040.51413 16.282 0.011 5.62 1401.0
2454041.49634 16.310 0.014 6.23 2063.0
2454043.50658 16.286 0.011 5.26 1809.0
2454141.87425 16.281 0.009 4.31 1376.0
2454143.89158 16.278 0.013 4.36 3441.0
2454150.88943 16.305 0.010 4.54 1283.0
2454153.87732 16.289 0.009 4.54 1142.0
2454156.85575 16.296 0.010 5.16 1177.0
2454158.87533 16.292 0.009 4.70 1256.0
2454161.84330 16.285 0.010 5.12 1428.0
2454163.80945 16.287 0.009 3.79 1818.0
2454163.82618 16.293 0.009 3.79 1743.0
2454165.80755 16.305 0.012 5.67 1868.0
2454168.80086 16.275 0.009 3.95 1547.0
2454170.79671 16.285 0.013 3.87 5081.0
2454175.78733 16.274 0.010 5.04 1192.0
2454176.89869 16.304 0.008 3.27 1110.0
2454178.80243 16.304 0.009 4.58 1063.0
2454179.84679 16.296 0.008 3.58 1123.0
2454181.78315 16.294 0.009 4.89 1098.0
2454182.82815 16.298 0.008 3.82 1001.0
2454183.86427 16.276 0.009 4.60 1079.0
2454184.90489 16.288 0.008 3.83 966.0
2454189.83630 16.266 0.011 6.27 1135.0
2454191.80518 16.266 0.011 5.72 1312.0
2454193.73955 16.282 0.012 5.89 1680.0
2454194.78508 16.286 0.009 4.74 1264.0
2454196.77521 16.292 0.010 5.08 1386.0
2454202.75669 16.281 0.008 3.74 1217.0
2454203.74471 16.299 0.008 3.43 992.0
2454204.73698 16.293 0.009 4.46 1167.0
2454204.91930 16.300 0.008 3.67 1125.0
2454205.73353 16.282 0.009 4.85 982.0
2454207.72299 16.276 0.009 4.63 1147.0
2454208.74507 16.295 0.009 4.03 1058.0
2454211.78923 16.294 0.010 5.00 1054.0
2454212.86641 16.268 0.011 6.45 1060.0
2454213.70960 16.280 0.010 6.08 1118.0
2454213.91318 16.289 0.008 3.58 1130.0
2454215.74231 16.290 0.009 5.09 1089.0
2454216.70011 16.288 0.010 5.08 1178.0
2454216.92447 16.286 0.010 5.13 1179.0
2454217.70755 16.288 0.008 3.74 1158.0
2454217.91117 16.293 0.008 3.38 1078.0
2454218.75716 16.261 0.010 5.33 1123.0
2454219.75533 16.303 0.009 4.89 1078.0
2454220.70006 16.288 0.010 5.58 1212.0
2454222.66603 16.276 0.011 5.77 1655.0
2454222.91352 16.286 0.009 4.08 1459.0
2454224.78224 16.282 0.009 3.63 1555.0
2454228.67769 16.298 0.009 4.06 1317.0
2454228.91127 16.283 0.010 4.83 1467.0
2454229.67133 16.279 0.010 5.10 1207.0
2454229.86831 16.291 0.009 4.19 1250.0
2454229.93550 16.292 0.010 4.32 1566.0
2454230.68107 16.290 0.009 4.24 1060.0
2454230.86912 16.286 0.009 4.35 1208.0
2454230.93399 16.245 0.012 5.78 1529.0
2454231.62340 16.306 0.010 5.18 1271.0
2454231.76761 16.293 0.008 4.01 1219.0
2454231.89179 16.270 0.010 4.70 1274.0
2454231.93490 16.301 0.011 4.85 1637.0
2454232.67545 16.294 0.011 5.82 1332.0
2454232.83648 16.267 0.012 6.13 1398.0
2454233.80725 16.281 0.010 5.76 1216.0
2454234.70891 16.271 0.009 4.72 1134.0
2454235.63696 16.270 0.009 4.51 1317.0
2454235.79816 16.290 0.008 3.88 1087.0
2454235.89058 16.273 0.009 4.29 1165.0
2454238.62283 16.280 0.012 6.71 1370.0
2454238.87527 16.280 0.009 4.37 1374.0
2454239.62372 16.275 0.010 5.14 1171.0
2454240.67695 16.290 0.008 3.98 1056.0
2454240.81133 16.277 0.009 4.64 1099.0
2454243.64276 16.273 0.010 5.04 1192.0
2454243.73547 16.278 0.010 5.75 1105.0
2454243.82923 16.281 0.010 5.21 1176.0
2454244.61516 16.280 0.011 6.20 1312.0
2454244.71136 16.292 0.008 3.90 1112.0
2454244.80419 16.287 0.010 4.62 1194.0
2454244.91602 16.284 0.010 4.70 1367.0
2454245.60820 16.320 0.009 5.31 895.0
2454245.70212 16.299 0.008 3.65 950.0
2454245.79797 16.287 0.008 3.80 977.0
2454246.66654 16.288 0.009 4.77 1142.0
2454246.75941 16.302 0.010 5.33 1163.0
2454246.85272 16.283 0.009 4.58 1330.0
2454247.68174 16.300 0.009 4.00 1195.0
2454247.82259 16.282 0.009 4.17 1103.0
2454250.72988 16.284 0.009 4.33 1407.0
2454251.80147 16.275 0.014 5.79 2450.0
2454256.61760 16.281 0.010 5.12 1327.0
2454256.76362 16.268 0.010 5.30 1329.0
2454256.86143 16.289 0.013 6.66 1630.0
2454257.64927 16.292 0.010 5.31 1289.0
2454258.63292 16.282 0.011 6.16 1174.0
2454258.75541 16.280 0.009 4.63 1196.0
2454258.84951 16.293 0.010 5.24 1325.0
2454267.59350 16.283 0.010 5.34 1190.0
2454268.55670 16.294 0.009 5.76 998.0
2454268.83957 16.299 0.009 4.44 1272.0
2454269.57593 16.282 0.009 4.66 1170.0
2454269.69646 16.291 0.008 4.21 988.0
2454269.78570 16.289 0.007 4.01 955.0
2454270.56946 16.275 0.008 4.24 1289.0
2454272.59781 16.298 0.008 3.69 1250.0
2454272.74695 16.290 0.008 4.16 1077.0
2454272.80620 16.315 0.007 3.98 1076.0
2454272.87774 16.274 0.011 5.29 1630.0
2454273.61494 16.278 0.011 6.09 1245.0
2454273.79560 16.283 0.010 4.87 1514.0
2454273.85674 16.299 0.011 4.95 1669.0
2454274.54757 16.282 0.010 4.89 1442.0
2454274.69991 16.291 0.010 4.56 1262.0
2454274.76248 16.289 0.010 4.85 1290.0
2454274.82088 16.294 0.009 4.79 1330.0
2454275.60002 16.275 0.009 4.14 1224.0
2454275.77537 16.301 0.010 4.88 1479.0
2454275.83384 16.271 0.011 5.41 1636.0
2454276.58481 16.259 0.009 4.69 1251.0
2454277.52860 16.277 0.011 5.37 1618.0
2454277.70549 16.278 0.009 4.28 1225.0
2454277.76419 16.254 0.010 5.49 1298.0
2454277.82283 16.280 0.012 6.35 1511.0
2454278.57236 16.273 0.012 6.11 1522.0
2454278.74964 16.282 0.011 5.51 1345.0
2454278.82870 16.273 0.012 5.93 1639.0
2454283.50801 16.285 0.011 4.67 1779.0
2454283.72834 16.288 0.011 4.65 1638.0
2454284.50297 16.282 0.010 4.80 1434.0
2454284.69312 16.283 0.010 4.27 1378.0
2454284.75590 16.289 0.009 4.33 1390.0
2454284.81484 16.288 0.010 5.08 1644.0
2454285.50605 16.270 0.012 5.56 1544.0
2454285.69418 16.289 0.010 5.21 1252.0
2454285.76062 16.292 0.009 4.24 1165.0
2454285.82594 16.290 0.010 4.76 1364.0
2454286.50575 16.284 0.010 4.99 1496.0
2454286.80293 16.303 0.010 4.61 2029.0
2454289.51356 16.280 0.011 5.85 1298.0
2454289.73212 16.277 0.010 5.15 1223.0
2454289.79724 16.286 0.009 4.91 1265.0
2454290.55988 16.278 0.011 6.05 1112.0
2454291.62250 16.284 0.009 4.17 1089.0
2454291.78520 16.266 0.011 6.48 1196.0
2454292.48816 16.292 0.009 4.01 1289.0
2454292.66732 16.296 0.009 4.94 1115.0
2454292.72592 16.283 0.008 3.72 1109.0
2454292.78445 16.288 0.008 3.80 1182.0
2454293.48847 16.280 0.009 4.18 1226.0
2454293.71307 16.278 0.009 4.65 1048.0
2454294.48765 16.312 0.009 4.43 1279.0
2454295.49476 16.289 0.009 4.97 1134.0
2454295.69278 16.301 0.008 3.93 921.0
2454295.75137 16.283 0.008 4.26 929.0
2454296.49173 16.292 0.009 4.67 1204.0
2454296.68443 16.272 0.008 4.33 930.0
2454296.81270 16.274 0.010 6.00 1126.0
2454297.51134 16.283 0.010 5.14 1136.0
2454297.71294 16.281 0.008 4.21 966.0
2454298.54621 16.302 0.011 5.94 1063.0
2454298.65195 16.273 0.009 5.34 963.0
2454298.75155 16.293 0.011 6.06 1075.0
2454299.52924 16.302 0.009 4.06 1062.0
2454299.62223 16.280 0.008 4.32 951.0
2454299.71442 16.298 0.009 4.70 962.0
2454299.80517 16.270 0.010 6.35 1106.0
2454300.52491 16.281 0.009 4.40 1094.0
2454300.64499 16.280 0.008 3.97 982.0
2454300.74051 16.300 0.009 4.11 1063.0
2454301.51578 16.291 0.008 3.80 1233.0
2454301.61155 16.301 0.008 3.39 1050.0
2454301.71129 16.284 0.008 4.24 1029.0
2454301.80251 16.283 0.008 4.37 1043.0
2454302.58876 16.274 0.009 4.55 1084.0
2454302.68896 16.299 0.010 5.14 1085.0
2454303.67480 16.280 0.011 6.26 1035.0
2454304.54890 16.288 0.010 5.00 1512.0
2454304.65959 16.277 0.013 6.50 1476.0
2454306.63285 16.257 0.009 4.96 1248.0
2454306.68565 16.290 0.010 5.56 1246.0
2454310.61207 16.278 0.010 4.12 1918.0
2454311.76074 16.287 0.013 6.18 2049.0
2454312.54435 16.273 0.010 4.83 1647.0
2454312.74280 16.280 0.009 4.40 1296.0
2454315.63534 16.300 0.011 5.74 1317.0
2454316.70852 16.278 0.010 5.15 1233.0
2454317.55659 16.303 0.009 4.32 1038.0
2454319.51385 16.290 0.010 5.25 1207.0
2454319.76870 16.304 0.010 5.37 1246.0
2454320.54067 16.294 0.009 4.42 1072.0
2454320.59554 16.273 0.009 5.14 1062.0
2454320.77207 16.290 0.011 6.05 1267.0
2454326.50790 16.293 0.009 4.76 1134.0
2454326.70510 16.277 0.010 6.04 1069.0
2454327.58629 16.277 0.011 6.64 1133.0
2454327.72759 16.288 0.012 6.54 1233.0
2454328.51309 16.285 0.010 5.22 1334.0
2454328.69113 16.285 0.010 5.08 1278.0
2454329.52309 16.285 0.010 4.61 1176.0
2454329.67097 16.283 0.010 5.54 1184.0
2454330.49401 16.282 0.009 4.80 1169.0
2454330.68727 16.292 0.009 4.96 1142.0
2454331.47409 16.284 0.012 5.85 1603.0
2454331.68295 16.282 0.011 6.29 1130.0
2454332.50388 16.297 0.009 4.11 1155.0
2454333.52495 16.274 0.010 4.80 1279.0
2454333.68609 16.275 0.010 4.94 1203.0
2454334.49833 16.269 0.019 6.61 3613.0
2454334.62657 16.294 0.019 5.54 5363.0
2454338.49820 16.266 0.010 3.97 1695.0
2454339.47556 16.281 0.011 4.80 1946.0
2454339.69197 16.289 0.012 5.96 1612.0
2454340.59585 16.291 0.010 4.42 1460.0
2454341.49886 16.294 0.011 5.73 1435.0
2454342.52808 16.291 0.010 4.70 1223.0
2454343.50688 16.301 0.008 3.59 1210.0
2454344.53510 16.285 0.011 5.68 1332.0
2454345.49997 16.301 0.008 3.99 1191.0
2454346.51297 16.273 0.009 4.74 1264.0
2454347.52770 16.265 0.010 5.04 1141.0
2454349.48892 16.282 0.011 5.74 1221.0
2454350.53598 16.294 0.009 4.19 1186.0
2454351.50187 16.294 0.009 4.33 1143.0
2454352.55243 16.286 0.011 5.97 1212.0
2454353.50579 16.299 0.009 4.07 1245.0
2454354.53451 16.282 0.008 4.04 1203.0
2454355.53613 16.268 0.009 4.45 1225.0
2454356.50250 16.283 0.009 4.88 1162.0
2454357.53158 16.285 0.011 5.75 1214.0
2454358.49461 16.282 0.011 6.13 1267.0
2454359.53217 16.295 0.009 4.86 1169.0
2454360.51960 16.284 0.011 6.02 1207.0
2454361.56492 16.294 0.013 6.36 1425.0
2454362.50666 16.282 0.010 4.44 1872.0
2454365.55748 16.279 0.012 6.15 1565.0
2454367.48358 16.288 0.009 4.06 1632.0
2454368.52723 16.279 0.011 5.50 1458.0
2454369.60659 16.277 0.013 6.13 1806.0
2454370.48450 16.287 0.011 4.79 1552.0
2454371.52966 16.269 0.009 4.06 1340.0
2454372.51542 16.284 0.008 3.65 1168.0
2454373.48991 16.270 0.011 5.56 1409.0
2454376.56630 16.295 0.011 5.71 1322.0
2454377.60358 16.286 0.011 5.95 1303.0
2454378.51410 16.292 0.009 4.55 1148.0
2454379.52915 16.263 0.011 5.83 1270.0
2454380.54064 16.291 0.009 4.50 1207.0
2454381.51930 16.262 0.012 5.83 1451.0
2454382.56131 16.275 0.010 5.05 1360.0
2454383.55241 16.278 0.011 5.34 1460.0
2454384.52658 16.281 0.010 5.17 1218.0
2454387.58054 16.299 0.010 4.60 1388.0
2454393.52643 16.292 0.009 4.42 1448.0
2454394.54178 16.282 0.010 4.22 1569.0
2454395.51318 16.257 0.010 4.54 1560.0
2454396.50517 16.288 0.012 5.27 1741.0
2454397.52950 16.281 0.010 3.94 1775.0
2454398.53441 16.278 0.010 4.46 1762.0
2454399.52707 16.257 0.011 5.31 1696.0
2454400.52917 16.282 0.013 5.90 1957.0
2454402.54558 16.255 0.012 5.94 1496.0
2454403.54462 16.267 0.012 5.50 1543.0
2454407.52056 16.257 0.011 6.07 1397.0
2454507.85096 16.305 0.011 5.68 1278.0
2454510.85622 16.277 0.009 4.91 1255.0
2454513.85736 16.310 0.007 3.88 1135.0
2454517.85647 16.263 0.013 6.79 1608.0
2454519.87741 16.294 0.009 4.40 1179.0
2454522.87132 16.267 0.010 5.31 1298.0
2454524.80722 16.305 0.010 4.80 1470.0
2454530.81482 16.321 0.008 3.65 1139.0
2454533.84845 16.283 0.009 5.21 1029.0
2454535.80187 16.283 0.010 6.12 1062.0
2454536.89110 16.280 0.008 4.29 1017.0
2454537.87675 16.290 0.008 3.87 941.0
2454538.81187 16.283 0.009 4.98 1163.0
2454539.84992 16.302 0.009 4.60 989.0
2454540.79607 16.276 0.008 3.56 1133.0
2454541.78880 16.269 0.007 3.83 1006.0
2454542.78349 16.298 0.010 5.86 1123.0
2454543.77903 16.301 0.009 4.51 1139.0
2454544.77593 16.288 0.009 4.83 1300.0
2454545.78221 16.275 0.008 3.90 1289.0
2454546.78936 16.290 0.009 4.31 1303.0
2454547.78333 16.305 0.009 3.81 1384.0
2454548.79431 16.281 0.010 5.55 1364.0
2454550.73734 16.298 0.011 6.08 1368.0
2454551.76054 16.297 0.009 3.97 1308.0
2454552.75644 16.272 0.014 4.68 3839.0
2454556.75256 16.282 0.008 4.26 982.0
2454557.76983 16.290 0.008 4.80 1002.0
2454558.74677 16.310 0.008 4.19 978.0
2454558.91653 16.290 0.008 3.63 1218.0
2454559.74466 16.278 0.008 4.46 913.0
2454560.74477 16.295 0.009 5.37 906.0
2454561.73482 16.296 0.008 4.59 1012.0
2454561.92101 16.277 0.009 3.74 1460.0
2454564.72502 16.294 0.008 4.65 953.0
2454564.92553 16.274 0.009 5.06 1267.0
2454565.72309 16.311 0.007 3.73 963.0
2454565.91395 16.294 0.007 3.34 984.0
2454566.72257 16.273 0.008 4.36 965.0
2454566.91943 16.303 0.007 3.59 1082.0
2454567.71554 16.292 0.009 4.76 1071.0
2454567.92144 16.265 0.008 4.13 1271.0
2454568.72145 16.279 0.009 5.14 1049.0
2454569.73047 16.306 0.010 6.03 1013.0
2454570.72389 16.290 0.009 5.20 1095.0
2454571.71852 16.264 0.011 6.68 1150.0
2454571.90711 16.304 0.008 4.33 998.0
2454572.74601 16.288 0.008 4.52 1076.0
2454573.73441 16.280 0.008 4.41 1182.0
2454573.90077 16.295 0.008 3.95 941.0
2454574.73680 16.285 0.010 5.00 1245.0
2454575.74229 16.292 0.008 3.71 1271.0
2454576.75240 16.279 0.008 3.55 1377.0
2454577.83408 16.303 0.009 4.08 1267.0
2454578.78513 16.248 0.011 6.19 1357.0
2454579.86203 16.308 0.012 4.33 2788.0
2454583.72884 16.270 0.010 5.31 1227.0
2454583.91498 16.283 0.008 4.47 1134.0
2454585.75258 16.265 0.010 5.58 1077.0
2454586.77776 16.270 0.009 5.09 1067.0
2454587.76544 16.273 0.009 5.18 1045.0
2454587.92403 16.281 0.011 6.31 1275.0
2454588.68795 16.278 0.009 5.78 1115.0
2454588.91884 16.280 0.008 4.14 1140.0
2454589.67089 16.280 0.009 4.53 1096.0
2454589.82630 16.275 0.008 4.32 1019.0
2454589.88829 16.276 0.009 4.46 1132.0
2454590.69049 16.293 0.009 4.76 1173.0
2454590.89615 16.301 0.008 3.96 1249.0
2454591.70215 16.297 0.009 4.66 1201.0
2454591.82705 16.295 0.008 4.17 1122.0
2454591.89416 16.272 0.009 4.37 1271.0
2454592.66075 16.285 0.009 4.21 1400.0
2454592.85004 16.263 0.010 4.87 1408.0
2454592.92836 16.267 0.009 4.38 1571.0
2454593.64992 16.291 0.009 4.96 1181.0
2454593.85961 16.294 0.008 4.12 1176.0
2454593.94178 16.296 0.014 4.08 4608.0
2454594.67097 16.294 0.009 5.13 1104.0
2454594.86596 16.280 0.009 4.52 1175.0
2454594.93148 16.272 0.009 4.66 1247.0
2454595.66048 16.285 0.008 4.65 1087.0
2454595.85485 16.261 0.008 4.65 1014.0
2454595.91674 16.286 0.009 5.00 1073.0
2454596.65567 16.300 0.009 4.89 1063.0
2454597.68013 16.296 0.009 4.66 997.0
2454597.87164 16.290 0.009 4.63 1174.0
2454598.65642 16.295 0.007 3.69 897.0
2454598.92509 16.312 0.009 4.35 1212.0
2454599.62885 16.288 0.011 5.86 1241.0
2454599.91943 16.298 0.010 5.56 1183.0
2454600.63812 16.286 0.008 3.76 988.0
2454600.84684 16.275 0.008 3.83 1085.0
2454601.64370 16.282 0.008 3.68 1169.0
2454601.85993 16.295 0.008 3.67 956.0
2454601.92178 16.301 0.009 5.35 1013.0
2454602.63634 16.293 0.008 3.74 1112.0
2454602.84575 16.281 0.007 3.85 1045.0
2454603.76378 16.262 0.009 4.61 1098.0
2454606.63762 16.279 0.009 4.69 1635.0
2454606.88897 16.279 0.009 3.75 1789.0
2454610.73377 16.294 0.008 3.63 1201.0
2454610.94100 16.271 0.010 4.50 1903.0
2454611.62311 16.278 0.010 5.26 1240.0
2454611.81395 16.267 0.008 3.68 1179.0
2454612.64448 16.303 0.010 5.45 1310.0
2454615.78621 16.292 0.009 5.27 1151.0
2454616.59523 16.294 0.010 5.85 1166.0
2454616.81174 16.286 0.008 4.75 982.0
2454616.88170 16.291 0.009 4.76 1212.0
2454617.66147 16.286 0.008 4.26 997.0
2454618.60696 16.288 0.009 5.29 1066.0
2454621.73592 16.279 0.006 4.34 768.0
2454622.80539 16.273 0.009 5.06 1073.0
2454622.90685 16.263 0.011 5.94 1380.0
2454623.64076 16.249 0.011 6.65 1036.0
2454623.86454 16.280 0.011 5.93 1326.0
2454624.58447 16.286 0.009 4.80 1211.0
2454624.80866 16.279 0.009 5.25 1061.0
2454624.87501 16.287 0.009 4.47 1079.0
2454625.59857 16.277 0.010 5.54 1091.0
2454625.78893 16.275 0.010 5.25 1180.0
2454625.90369 16.253 0.011 6.32 1264.0
2454626.59709 16.288 0.010 5.88 1001.0
2454626.85240 16.301 0.011 6.38 1082.0
2454627.55754 16.291 0.009 4.41 1178.0
2454627.82975 16.301 0.008 3.93 892.0
2454627.91410 16.297 0.008 4.36 973.0
2454628.54325 16.307 0.009 4.56 1239.0
2454628.75111 16.280 0.009 4.85 990.0
2454628.81654 16.283 0.009 5.09 1020.0
2454628.88643 16.271 0.009 4.81 1112.0
2454629.62222 16.264 0.008 4.14 979.0
2454629.82486 16.287 0.009 4.36 1152.0
2454629.90286 16.270 0.009 4.79 1161.0
2454630.55817 16.267 0.009 4.95 1211.0
2454630.76401 16.286 0.008 3.82 1088.0
2454630.84735 16.279 0.008 4.24 1124.0
2454630.91014 16.260 0.010 5.44 1264.0
2454631.55957 16.296 0.007 3.43 1173.0
2454631.77533 16.275 0.008 3.99 1020.0
2454631.86199 16.276 0.009 4.37 1265.0
2454632.56335 16.293 0.008 3.83 1295.0
2454632.85009 16.292 0.009 4.32 1352.0
2454633.56332 16.305 0.009 3.89 1334.0
2454633.67486 16.278 0.008 3.95 1172.0
2454633.79060 16.295 0.009 3.80 1615.0
2454638.74837 16.274 0.009 4.84 1327.0
2454638.85858 16.287 0.010 4.48 1732.0
2454639.57093 16.294 0.010 4.73 1400.0
2454639.66871 16.282 0.008 3.93 1349.0
2454640.59044 16.292 0.008 4.23 1084.0
2454640.72261 16.280 0.008 4.86 1018.0
2454640.82762 16.289 0.010 5.79 1180.0
2454641.66443 16.278 0.008 4.17 1040.0
2454641.77439 16.287 0.009 4.81 1132.0
2454642.58832 16.272 0.009 4.50 1104.0
2454642.75085 16.284 0.009 5.63 993.0
2454642.82592 16.281 0.010 5.30 1163.0
2454643.54611 16.314 0.010 5.71 1071.0
2454644.59349 16.310 0.010 5.69 1102.0
2454644.84970 16.283 0.008 4.41 1072.0
2454645.51655 16.290 0.010 4.54 1495.0
2454645.76503 16.284 0.009 4.88 1120.0
2454645.83977 16.298 0.010 5.09 1325.0
2454646.51461 16.304 0.008 3.96 1250.0
2454646.84700 16.275 0.009 4.37 1294.0
2454647.51098 16.302 0.010 4.30 1617.0
2454647.73402 16.289 0.010 5.10 1180.0
2454647.84504 16.280 0.010 5.53 1280.0
2454648.49412 16.299 0.010 4.71 1404.0
2454648.70775 16.285 0.009 4.53 1028.0
2454648.81164 16.247 0.009 5.37 1108.0
2454649.52021 16.290 0.010 5.05 1273.0
2454649.72891 16.277 0.008 3.95 975.0
2454649.85532 16.271 0.010 5.13 1243.0
2454650.50620 16.273 0.009 4.52 1440.0
2454650.77012 16.259 0.009 4.92 991.0
2454650.86381 16.294 0.010 5.56 1292.0
2454651.50953 16.293 0.011 5.51 1427.0
2454651.80468 16.263 0.009 4.91 1226.0
2454652.50059 16.280 0.009 4.61 1359.0
2454652.71373 16.278 0.008 4.58 1013.0
2454652.78861 16.292 0.009 4.59 1067.0
2454652.83834 16.271 0.010 5.72 1211.0
2454653.49694 16.279 0.011 5.91 1438.0
2454653.71612 16.267 0.009 4.75 1177.0
2454653.78129 16.279 0.011 6.02 1238.0
2454654.53574 16.278 0.010 5.60 1125.0
2454654.74719 16.283 0.009 4.90 1049.0
2454654.81232 16.289 0.011 6.26 1345.0
2454655.49681 16.290 0.010 5.30 1483.0
2454655.72130 16.288 0.008 3.95 940.0
2454655.78309 16.289 0.009 4.93 1077.0
2454656.49875 16.290 0.008 3.44 1118.0
2454656.68849 16.292 0.009 4.20 1203.0
2454656.80777 16.288 0.010 4.91 1562.0
2454657.72310 16.281 0.010 5.51 1060.0
2454658.65708 16.301 0.009 5.03 1134.0
2454659.59119 16.262 0.011 6.49 1115.0
2454660.60952 16.309 0.009 4.90 1134.0
2454661.48681 16.286 0.010 4.74 1657.0
2454661.68750 16.285 0.010 4.65 1521.0
2454661.74898 16.298 0.010 4.67 1642.0
2454661.81617 16.276 0.010 5.05 1750.0
2454665.65426 16.273 0.010 4.80 1891.0
2454666.55968 16.298 0.009 4.38 1482.0
2454666.70276 16.279 0.009 4.52 1363.0
2454666.74491 16.281 0.010 4.80 1429.0
2454667.57123 16.274 0.011 6.39 1258.0
2454670.64440 16.283 0.010 5.78 1048.0
2454671.57992 16.287 0.009 5.01 896.0
2454672.50540 16.275 0.008 3.84 1102.0
2454672.69790 16.282 0.008 3.93 1099.0
2454672.72018 16.286 0.008 4.00 1102.0
2454674.50853 16.293 0.010 5.94 1104.0
2454674.70164 16.290 0.009 4.85 1052.0
2454674.74093 16.280 0.010 5.93 1025.0
2454675.67582 16.287 0.009 4.66 1066.0
2454677.48511 16.299 0.008 3.94 1187.0
2454677.63144 16.293 0.009 5.71 1027.0
2454677.77402 16.288 0.009 5.22 1061.0
2454678.68853 16.288 0.008 4.84 959.0
2454679.49073 16.285 0.011 6.56 1103.0
2454681.52651 16.271 0.009 5.00 978.0
2454681.62653 16.298 0.009 5.33 969.0
2454681.75875 16.280 0.009 4.61 1187.0
2454682.49752 16.285 0.008 4.18 1140.0
2454682.65485 16.299 0.008 4.16 984.0
2454682.75007 16.284 0.009 4.44 1044.0
2454683.51604 16.268 0.010 5.69 1289.0
2454683.70294 16.283 0.009 4.93 1022.0
2454684.50859 16.302 0.009 3.79 1292.0
2454684.72229 16.285 0.008 4.44 1015.0
2454685.49352 16.291 0.011 6.01 1266.0
2454685.51327 16.265 0.010 5.22 1267.0
2454685.57035 16.296 0.009 4.44 1180.0
2454685.60439 16.298 0.008 3.92 1099.0
2454685.65929 16.292 0.008 4.09 1061.0
2454685.72849 16.284 0.009 4.75 1138.0
2454686.49730 16.294 0.009 4.44 1191.0
2454686.70129 16.278 0.010 5.80 1073.0
2454687.48106 16.293 0.009 4.76 1189.0
2454687.73655 16.302 0.009 4.93 1216.0
2454688.49398 16.292 0.010 4.87 1262.0
2454688.68381 16.282 0.008 4.07 1076.0
2454688.74562 16.292 0.010 5.03 1246.0
2454693.54156 16.284 0.008 3.48 1292.0
2454694.53679 16.262 0.012 6.68 1274.0
2454697.49745 16.279 0.009 4.74 1057.0
2454698.50297 16.287 0.009 4.56 1000.0
2454699.49911 16.298 0.009 4.77 1095.0
2454700.50538 16.297 0.008 4.16 1077.0
2454701.50066 16.304 0.009 4.93 1147.0
2454702.49919 16.296 0.008 4.12 1082.0
2454703.56967 16.283 0.009 4.89 1085.0
2454704.63945 16.298 0.008 4.48 998.0
2454705.50288 16.298 0.008 4.15 1107.0
2454708.53608 16.284 0.010 6.23 1087.0
2454709.51218 16.281 0.011 6.36 1185.0
2454710.54181 16.307 0.008 4.55 1052.0
2454711.52116 16.310 0.008 5.59 847.0
2454715.58116 16.274 0.010 5.98 1161.0
2454716.58355 16.316 0.011 4.79 2164.0
2454720.55070 16.291 0.010 4.60 1375.0
2454721.48225 16.284 0.012 6.02 1523.0
2454722.51479 16.260 0.009 4.66 1258.0
2454724.50459 16.283 0.010 5.14 1314.0
2454725.48288 16.277 0.011 5.81 1416.0
2454726.54431 16.265 0.012 6.43 1312.0
2454728.58944 16.258 0.011 6.16 1175.0
2454729.54492 16.269 0.010 6.26 1126.0
2454730.56128 16.305 0.008 4.11 1076.0
2454731.56818 16.274 0.009 4.79 1035.0
2454733.51988 16.286 0.009 4.78 1071.0
2454734.54926 16.261 0.010 5.34 1131.0
2454737.54014 16.287 0.009 5.17 1013.0
2454740.55065 16.277 0.010 5.49 1127.0
2454741.55834 16.288 0.009 5.12 1144.0
2454743.53330 16.282 0.009 4.71 1134.0
2454753.54423 16.299 0.011 6.04 1416.0
2454756.52306 16.271 0.010 5.13 1307.0
2454758.50588 16.247 0.010 5.00 1421.0
2454868.87629 16.165 0.008 4.13 1159.0
2454869.86015 16.176 0.008 4.50 1250.0
2454873.84898 16.100 0.007 3.94 1446.0
2454877.84329 16.043 0.007 4.15 1196.0
2454883.84531 15.961 0.007 5.04 1003.0
2454884.85082 15.947 0.006 4.22 1212.0
2454886.89396 15.964 0.007 4.35 1334.0
2454890.87888 16.002 0.006 3.95 944.0
2454896.86714 16.100 0.007 4.05 978.0
2454899.83804 16.152 0.008 4.02 1165.0
2454900.87949 16.149 0.007 4.23 1142.0
2454901.87787 16.171 0.007 3.87 1128.0
2454902.87659 16.167 0.007 3.54 1092.0
2454904.80068 16.195 0.008 4.18 1181.0
2454905.90466 16.224 0.009 4.51 1270.0
2454910.82642 16.242 0.008 3.32 1535.0
2454911.77720 16.233 0.007 3.81 874.0
2454912.77411 16.247 0.006 3.29 886.0
2454914.79119 16.266 0.008 5.06 881.0
2454917.75222 16.266 0.007 3.73 979.0
2454920.73252 16.267 0.007 3.95 885.0
2454924.77358 16.271 0.008 3.73 1012.0
2454925.81352 16.276 0.007 3.42 987.0
2454925.90056 16.235 0.007 3.63 963.0
2454927.70715 16.249 0.010 5.81 1307.0
2454927.86768 16.253 0.009 5.21 1071.0
2454928.72968 16.253 0.009 5.01 1150.0
2454929.78595 16.287 0.008 3.70 1126.0
2454930.70045 16.281 0.009 4.02 1530.0
2454930.81938 16.273 0.008 3.66 1273.0
2454931.71528 16.280 0.009 4.53 1517.0
2454931.86095 16.257 0.008 4.36 1208.0
2454932.71834 16.268 0.008 3.92 1382.0
2454932.78452 16.273 0.008 3.70 1201.0
2454932.81901 16.287 0.007 3.50 1182.0
2454933.76667 16.273 0.009 4.85 1325.0
2454934.76507 16.233 0.013 5.56 2534.0
2454934.83033 16.273 0.010 3.69 2373.0
2454938.67566 16.290 0.009 4.39 1379.0
2454938.88031 16.275 0.009 5.20 1121.0
2454939.69457 16.302 0.010 6.08 1100.0
2454940.69457 16.267 0.008 4.66 1066.0
2454941.67332 16.298 0.009 5.18 1163.0
2454941.77132 16.266 0.008 5.39 1003.0
2454941.88971 16.280 0.010 7.36 1007.0
2454942.71109 16.271 0.008 4.57 1036.0
2454943.66516 16.268 0.008 4.51 1070.0
2454943.80465 16.277 0.008 4.50 952.0
2454944.66197 16.309 0.008 3.87 1091.0
2454944.81741 16.295 0.007 3.76 933.0
2454945.71042 16.286 0.008 4.09 1001.0
2454945.76687 16.290 0.007 3.62 931.0
2454946.66009 16.298 0.009 4.76 1030.0
2454947.65375 16.292 0.007 3.83 979.0
2454947.85169 16.286 0.007 3.99 1042.0
2454948.83430 16.286 0.007 4.17 897.0
2454949.78240 16.283 0.008 4.12 996.0
2454951.64246 16.295 0.009 5.16 1176.0
2454952.64068 16.297 0.009 5.31 1041.0
2454953.63432 16.291 0.009 4.40 1218.0
2454953.80888 16.268 0.008 4.63 1063.0
2454954.63584 16.282 0.009 4.90 1115.0
2454954.82871 16.279 0.008 4.37 949.0
2454955.76991 16.267 0.009 5.24 959.0
