2452125.64444 19.175 0.167 5.40 2755.0
2452128.57483 19.496 0.109 4.38 926.0
2452131.56969 19.479 0.092 3.52 970.0
2452134.67355 19.510 0.149 6.43 927.0
2452138.55016 19.638 0.152 5.60 844.0
2452143.52312 19.463 0.188 6.88 964.0
2452156.48926 19.431 0.115 4.86 1002.0
2452158.49758 19.824 0.170 5.08 897.0
2452158.54059 19.704 0.132 4.57 859.0
2452162.50709 19.716 0.164 5.09 939.0
2452168.54179 19.745 0.196 6.09 962.0
2452173.49982 19.645 0.197 6.41 1015.0
2452180.49846 19.202 0.114 4.60 1804.0
2452184.50305 19.775 0.232 6.79 1090.0
2452194.55717 19.379 0.131 5.23 1043.0
2452321.87593 19.850 0.249 5.73 1353.0
2452324.87803 19.407 0.115 4.16 1146.0
2452341.83451 19.510 0.153 4.43 1666.0
2452350.84760 19.705 0.133 4.03 1083.0
2452358.88707 19.748 0.174 5.19 1020.0
2452370.81535 19.475 0.128 5.13 953.0
2452381.81073 19.642 0.128 4.49 884.0
2452384.79319 19.525 0.135 4.79 997.0
2452388.85311 19.538 0.115 4.23 951.0
2452391.69565 19.549 0.217 5.85 1823.0
2452399.77684 19.721 0.106 3.23 868.0
2452399.78569 19.570 0.097 3.42 889.0
2452399.92776 19.411 0.096 3.97 1050.0
2452399.93076 19.609 0.120 3.91 1076.0
2452399.93365 19.271 0.091 3.96 1127.0
2452399.93660 19.549 0.117 3.76 1253.0
2452399.93974 19.780 0.166 3.74 1628.0
2452400.69352 19.580 0.141 4.93 1040.0
2452402.80844 19.559 0.114 3.99 1016.0
2452404.84541 19.679 0.110 3.55 954.0
2452410.71813 19.822 0.151 4.77 775.0
2452414.86438 19.371 0.091 4.04 956.0
2452415.72643 19.598 0.169 5.68 1038.0
2452416.74862 19.497 0.129 4.92 995.0
2452417.72417 19.681 0.162 5.01 1052.0
2452424.76653 19.716 0.141 4.30 1014.0
2452426.67781 19.403 0.106 4.70 903.0
2452433.73934 19.624 0.143 4.74 989.0
2452434.81238 19.598 0.115 3.91 1007.0
2452436.58511 19.590 0.132 4.23 1165.0
2452437.55430 19.561 0.258 7.92 1290.0
2452437.56050 19.202 0.171 7.37 1249.0
2452437.56312 19.524 0.227 7.43 1233.0
2452437.56574 19.510 0.241 7.90 1222.0
2452437.56835 19.305 0.184 7.38 1203.0
2452437.57098 19.410 0.219 7.76 1211.0
2452437.57362 19.452 0.192 6.91 1175.0
2452437.57670 19.431 0.168 6.32 1140.0
2452437.57934 19.520 0.191 6.52 1136.0
2452437.58196 19.700 0.247 7.17 1134.0
2452437.58458 19.127 0.146 7.05 1134.0
2452437.58718 19.080 0.139 6.93 1124.0
2452437.59571 19.313 0.164 6.97 1066.0
2452437.59832 19.782 0.266 7.16 1073.0
2452437.60095 19.567 0.185 6.35 1051.0
2452437.60357 19.673 0.195 6.14 1046.0
2452437.60618 19.354 0.180 7.27 1061.0
2452437.61873 19.638 0.205 6.40 1040.0
2452437.62848 19.743 0.227 6.38 1044.0
2452437.63754 19.649 0.200 6.27 1031.0
2452437.64761 19.476 0.168 6.20 1007.0
2452437.65661 19.667 0.180 5.65 1006.0
2452437.66659 19.938 0.269 6.46 1022.0
2452437.67545 19.390 0.201 7.78 1027.0
2452437.68846 19.483 0.202 7.24 997.0
2452437.69751 19.840 0.216 5.91 969.0
2452437.70639 19.597 0.209 6.71 995.0
2452437.71759 19.456 0.152 5.83 989.0
2452437.72671 19.592 0.168 5.71 992.0
2452437.73579 19.766 0.179 5.26 985.0
2452437.74531 19.449 0.127 4.82 1006.0
2452437.75749 19.779 0.184 5.04 1032.0
2452437.76634 19.608 0.153 4.97 1032.0
2452437.77511 19.510 0.133 4.75 1023.0
2452437.78391 19.331 0.117 5.00 1037.0
2452437.79318 19.530 0.158 5.60 1050.0
2452437.80198 19.567 0.137 4.64 1029.0
2452437.81079 19.362 0.103 4.26 988.0
2452437.81961 19.634 0.140 4.53 1038.0
2452437.83385 19.403 0.117 4.68 1046.0
2452437.84311 19.818 0.187 5.19 1066.0
2452437.85638 19.440 0.142 5.33 1087.0
2452437.86531 19.661 0.176 5.42 1091.0
2452437.87444 19.183 0.134 6.13 1136.0
2452437.89072 19.445 0.181 6.30 1196.0
2452437.90277 19.362 0.174 6.54 1237.0
2452437.92338 19.300 0.176 6.68 1388.0
2452437.93559 19.150 0.216 8.79 1538.0
2452438.61729 19.692 0.135 4.33 943.0
2452439.61425 19.644 0.129 4.07 1059.0
2452439.64705 19.652 0.119 3.87 997.0
2452439.65316 19.673 0.120 3.84 979.0
2452439.67545 19.581 0.112 4.09 958.0
2452439.71185 19.593 0.105 3.83 916.0
2452439.72999 19.720 0.113 3.56 894.0
2452439.74557 19.876 0.132 3.53 922.0
2452439.76107 19.470 0.095 3.59 951.0
2452439.77542 19.496 0.102 3.73 973.0
2452439.79468 19.544 0.097 3.55 947.0
2452439.80498 19.737 0.126 3.79 1025.0
2452439.82101 19.912 0.145 3.91 1015.0
2452439.83329 19.547 0.113 4.21 994.0
2452439.84904 19.530 0.117 4.32 956.0
2452439.86112 19.727 0.134 4.24 972.0
2452439.87114 19.561 0.135 4.88 971.0
2452439.88000 19.784 0.165 4.88 972.0
2452439.88953 19.875 0.179 4.80 1006.0
2452439.89850 19.658 0.153 4.97 1049.0
2452439.90543 19.582 0.165 5.59 1073.0
2452439.91441 19.565 0.195 6.76 1115.0
2452439.92386 19.952 0.259 6.07 1121.0
2452440.59852 19.483 0.122 4.69 986.0
2452440.64529 19.616 0.135 4.63 941.0
2452440.67410 19.497 0.119 4.54 944.0
2452440.69282 19.641 0.165 5.38 961.0
2452440.71253 19.460 0.092 3.80 865.0
2452440.72815 19.534 0.114 4.38 891.0
2452440.74608 19.662 0.110 3.69 897.0
2452440.75814 19.570 0.097 3.62 882.0
2452440.77410 19.633 0.101 3.63 853.0
2452440.82826 19.801 0.173 4.82 1059.0
2452440.84056 19.440 0.135 5.13 1071.0
2452440.84939 19.330 0.136 5.57 1116.0
2452440.88179 19.487 0.174 5.83 1254.0
2452440.89139 19.905 0.262 6.01 1242.0
2452440.89825 19.397 0.152 5.61 1235.0
2452440.91082 19.631 0.219 6.30 1343.0
2452442.61611 19.719 0.141 4.20 962.0
2452444.57469 19.719 0.173 4.66 1180.0
2452444.58280 19.599 0.142 4.37 1124.0
2452444.59123 19.390 0.112 4.21 1094.0
2452444.60539 19.865 0.197 4.77 1072.0
2452444.61617 19.518 0.149 5.15 1052.0
2452444.62427 19.345 0.109 4.35 1035.0
2452444.63471 19.657 0.151 4.65 1022.0
2452444.64278 19.234 0.114 5.13 1015.0
2452444.65085 19.931 0.204 5.22 1014.0
2452444.65894 19.494 0.140 5.23 1007.0
2452444.66810 19.525 0.136 4.75 1000.0
2452444.67619 19.526 0.165 5.73 975.0
2452444.68427 19.537 0.149 5.09 970.0
2452444.70044 19.551 0.150 5.08 965.0
2452444.70874 19.619 0.168 5.43 968.0
2452444.71583 19.600 0.149 4.38 1167.0
2452444.72388 19.638 0.164 4.41 1195.0
2452444.73060 19.568 0.153 4.83 1132.0
2452444.73892 19.563 0.153 4.66 1136.0
2452444.74495 19.668 0.171 4.97 1098.0
2452444.75321 19.529 0.147 5.39 1070.0
2452444.76037 19.618 0.132 4.06 999.0
2452444.76585 19.764 0.156 4.17 1015.0
2452444.77166 19.486 0.122 4.73 1006.0
2452444.78036 19.651 0.137 4.73 1019.0
2452444.79173 19.459 0.112 4.42 1041.0
2452444.79979 19.602 0.138 4.72 1059.0
2452444.80784 19.467 0.128 4.82 1069.0
2452444.81769 19.585 0.175 5.50 1088.0
2452444.82572 19.315 0.140 5.95 1122.0
2452444.83377 19.704 0.187 5.42 1142.0
2452444.85002 19.534 0.147 5.13 1172.0
2452444.86082 19.314 0.127 5.40 1200.0
2452444.87164 19.677 0.180 5.53 1234.0
2452444.88398 19.732 0.188 5.10 1284.0
2452444.89478 19.471 0.174 6.09 1322.0
2452446.64653 19.711 0.157 4.04 1206.0
2452448.53031 19.490 0.260 4.46 5084.0
2452453.73962 19.405 0.118 4.82 1041.0
2452454.52766 19.469 0.166 6.51 1038.0
2452454.55153 19.584 0.138 4.91 1049.0
2452454.56050 19.575 0.121 4.32 1030.0
2452454.56946 19.569 0.126 4.40 1063.0
2452454.58016 19.357 0.088 3.88 993.0
2452454.58901 19.554 0.103 3.76 975.0
2452454.59788 19.772 0.146 4.10 1052.0
2452454.60682 19.594 0.127 4.05 1135.0
2452454.61927 19.312 0.107 4.10 1219.0
2452454.63361 19.215 0.092 3.54 1553.0
2452454.64263 19.460 0.115 3.81 1359.0
2452454.65158 19.729 0.149 4.23 1154.0
2452454.66204 19.602 0.136 3.96 1393.0
2452454.67117 19.599 0.135 4.34 1194.0
2452454.68003 19.607 0.135 4.03 1302.0
2452454.68976 19.750 0.126 3.53 1113.0
2452454.69951 19.578 0.109 3.62 1066.0
2452454.70831 19.836 0.146 3.88 1055.0
2452454.71899 19.546 0.115 4.02 1072.0
2452454.72789 19.537 0.109 3.59 1199.0
2452454.73683 19.477 0.120 3.50 1880.0
2452454.74756 19.513 0.117 3.59 1643.0
2452454.75642 19.424 0.105 3.63 1512.0
2452454.76527 19.777 0.161 3.77 1714.0
2452454.77405 19.104 0.111 4.18 2218.0
2452454.78763 19.106 0.123 3.97 2975.0
2452458.73688 19.666 0.135 4.81 806.0
2452462.72567 19.693 0.095 3.73 786.0
2452463.82277 19.456 0.101 4.19 977.0
2452465.46804 19.593 0.215 6.52 1424.0
2452465.47702 19.840 0.239 6.21 1267.0
2452465.48621 19.320 0.146 6.08 1228.0
2452465.49519 19.641 0.166 5.36 1171.0
2452465.50422 19.497 0.134 4.67 1120.0
2452465.51321 19.641 0.159 4.97 1110.0
2452465.52328 19.650 0.146 4.49 1065.0
2452465.53353 19.321 0.127 5.50 1047.0
2452465.54247 19.516 0.146 5.50 997.0
2452465.55150 19.335 0.103 4.52 951.0
2452465.56049 19.481 0.123 4.62 928.0
2452465.56943 19.421 0.119 4.98 908.0
2452465.58392 19.384 0.109 4.54 896.0
2452465.59298 19.330 0.112 5.08 895.0
2452465.60220 19.723 0.137 4.41 858.0
2452465.61124 19.705 0.126 4.13 840.0
2452465.62159 19.454 0.104 4.32 820.0
2452465.63121 19.727 0.129 4.31 794.0
2452465.64094 19.597 0.116 4.34 787.0
2452465.65093 19.526 0.102 4.17 780.0
2452465.66020 19.688 0.137 4.91 790.0
2452465.66910 19.507 0.112 4.55 784.0
2452465.67898 19.683 0.127 4.48 774.0
2452465.68792 19.368 0.093 4.40 782.0
2452465.69697 19.561 0.113 4.42 774.0
2452465.70599 19.555 0.113 4.53 783.0
2452465.71516 19.563 0.111 4.45 787.0
2452465.72441 19.471 0.103 4.49 793.0
2452465.73340 19.559 0.116 4.54 806.0
2452465.74366 19.367 0.090 4.32 794.0
2452465.75259 19.599 0.107 4.18 806.0
2452465.76854 19.451 0.151 6.50 890.0
2452465.77752 19.242 0.118 6.10 896.0
2452465.78893 19.744 0.207 6.64 919.0
2452465.79779 19.628 0.163 5.78 916.0
2452465.80665 19.732 0.182 5.76 927.0
2452465.81575 19.514 0.164 6.42 957.0
2452465.82552 19.437 0.146 5.80 1002.0
2452465.83450 19.531 0.145 5.42 1020.0
2452465.84545 19.609 0.208 6.99 1133.0
2452466.75276 19.527 0.147 5.48 941.0
2452468.46778 19.861 0.241 6.21 1266.0
2452468.47755 19.500 0.174 6.71 1056.0
2452468.48821 19.428 0.118 4.72 998.0
2452468.49703 19.732 0.150 4.66 957.0
2452468.50704 19.553 0.128 4.76 910.0
2452468.51629 19.563 0.119 4.39 886.0
2452468.52620 19.746 0.133 4.16 899.0
2452468.53520 19.651 0.131 4.35 893.0
2452468.54491 19.639 0.119 3.97 848.0
2452468.55375 19.781 0.133 3.81 876.0
2452468.56267 19.838 0.144 4.13 900.0
2452468.57153 19.713 0.134 4.31 872.0
2452468.58249 19.412 0.089 3.63 837.0
2452468.59148 19.622 0.107 3.68 806.0
2452468.60056 19.466 0.104 4.10 819.0
2452468.60949 19.693 0.130 4.54 803.0
2452468.62033 19.488 0.104 4.23 800.0
2452468.62912 19.611 0.116 4.32 806.0
2452468.63801 19.512 0.098 3.91 782.0
2452468.64867 19.818 0.124 3.92 778.0
2452468.65802 19.766 0.122 3.87 779.0
2452468.66797 19.526 0.093 3.84 767.0
2452468.67782 19.768 0.115 3.68 787.0
2452468.68670 19.565 0.111 4.30 817.0
2452468.69554 19.639 0.122 4.39 865.0
2452468.70433 19.565 0.107 4.14 844.0
2452468.71433 19.542 0.095 3.83 843.0
2452468.72347 19.633 0.099 3.73 853.0
2452468.73419 19.564 0.096 3.82 857.0
2452468.74299 19.483 0.098 3.98 900.0
2452468.75270 19.571 0.106 4.00 920.0
2452468.76160 19.398 0.094 4.14 944.0
2452468.77057 19.493 0.108 4.20 992.0
2452468.77948 19.641 0.127 4.36 1028.0
2452468.78949 19.512 0.125 4.61 1098.0
2452468.79858 19.452 0.109 4.29 1075.0
2452468.80783 19.698 0.137 4.74 946.0
2452468.81823 19.556 0.147 4.93 1243.0
2452468.82704 19.459 0.139 5.06 1304.0
2452468.83594 19.739 0.171 4.99 1304.0
2452470.46813 19.474 0.188 6.61 1466.0
2452472.46287 19.365 0.173 5.39 2031.0
2452472.47234 19.442 0.177 5.24 1853.0
2452474.46843 19.846 0.232 5.64 1415.0
2452482.62514 19.710 0.162 4.88 1043.0
2452485.63512 19.744 0.213 6.78 868.0
2452489.70596 19.520 0.108 4.08 940.0
2452492.65064 19.628 0.120 4.32 959.0
2452494.70501 19.365 0.114 5.38 844.0
2452497.50757 19.603 0.139 4.60 947.0
2452499.54335 19.411 0.107 4.21 948.0
2452501.57111 19.631 0.128 4.25 989.0
2452511.55130 19.411 0.168 6.22 1153.0
2452517.48432 19.786 0.285 7.55 1120.0
2452521.52055 19.745 0.137 3.99 1092.0
2452526.54989 19.666 0.126 4.42 887.0
2452537.48108 19.631 0.191 5.55 1446.0
2452540.49766 19.648 0.196 5.55 1303.0
2452546.50825 19.658 0.175 5.18 1157.0
2452550.48952 19.805 0.199 5.45 1127.0
2452554.56141 19.858 0.192 4.78 1058.0
2452558.49794 19.527 0.166 5.12 1388.0
2452693.89508 19.671 0.158 4.41 1232.0
2452698.89301 19.648 0.154 5.27 886.0
2452711.87605 19.662 0.135 4.65 880.0
2452730.89673 19.654 0.129 4.14 964.0
2452743.77314 19.780 0.154 4.06 1068.0
2452748.79167 19.435 0.139 4.80 1334.0
2452755.78159 19.429 0.102 4.23 934.0
2452758.93298 19.215 0.159 5.81 1673.0
2452765.78972 19.581 0.112 3.93 1082.0
2452769.77432 19.226 0.091 4.41 919.0
2452782.71288 19.615 0.176 6.15 969.0
2452784.70184 19.672 0.121 3.88 910.0
2452786.59189 19.488 0.203 6.05 1548.0
2452788.68920 19.601 0.110 3.63 1008.0
2452790.79429 19.519 0.115 4.16 935.0
2452792.53122 19.598 0.227 6.87 1242.0
2452794.55734 19.535 0.234 7.34 1350.0
2452796.56624 19.719 0.146 4.36 1035.0
2452802.56461 19.507 0.210 6.13 1603.0
2452808.63366 19.541 0.135 4.75 1132.0
2452810.57192 19.610 0.151 4.69 1156.0
2452810.63534 19.623 0.132 4.40 966.0
2452810.66493 19.689 0.142 4.24 1005.0
2452810.69467 19.859 0.177 4.71 987.0
2452810.70696 19.473 0.135 4.94 1043.0
2452810.72318 19.691 0.128 3.98 1007.0
2452810.73549 19.538 0.104 3.61 995.0
2452810.74845 19.530 0.121 4.25 1038.0
2452810.76275 19.543 0.115 3.91 1032.0
2452810.77423 19.470 0.108 3.73 1084.0
2452810.79275 19.457 0.106 3.79 1127.0
2452810.81026 19.424 0.116 3.94 1274.0
2452810.83773 19.541 0.126 3.91 1297.0
2452810.87029 19.459 0.134 4.57 1369.0
2452812.57375 19.841 0.185 4.31 1251.0
2452813.81751 19.726 0.141 3.91 1026.0
2452815.59612 19.676 0.145 4.62 907.0
2452816.66155 19.651 0.118 4.13 794.0
2452817.77620 19.677 0.152 4.69 1022.0
2452818.67105 19.561 0.119 4.40 974.0
2452819.76515 19.922 0.211 5.18 1042.0
2452821.66344 19.655 0.152 4.52 995.0
2452826.65410 19.274 0.122 5.97 854.0
2452830.78431 19.614 0.176 4.13 2089.0
2452835.48072 19.353 0.179 4.66 2465.0
2452837.49953 19.946 0.282 5.90 1349.0
2452838.73005 19.556 0.127 4.56 990.0
2452840.50159 19.658 0.167 4.98 1100.0
2452842.53805 19.556 0.140 5.14 930.0
2452844.61419 19.371 0.089 3.90 903.0
2452848.54942 19.408 0.167 6.66 1092.0
2452851.53666 19.515 0.131 4.58 1122.0
2452853.54357 19.609 0.142 4.78 1036.0
2452854.75743 19.372 0.156 6.31 1079.0
2452857.72037 19.681 0.182 5.18 1138.0
2452862.49667 19.495 0.191 5.64 1437.0
2452864.50369 19.251 0.154 6.25 1326.0
2452867.65893 19.773 0.162 4.63 959.0
2452868.51719 19.560 0.121 4.27 1001.0
2452869.59148 19.623 0.140 4.31 971.0
2452871.47977 19.658 0.177 5.74 1073.0
2452875.61836 19.704 0.201 6.65 922.0
2452877.65395 19.763 0.152 3.83 1019.0
2452879.55623 19.387 0.104 4.30 938.0
2452881.66023 19.396 0.105 4.92 773.0
2452882.49650 19.223 0.111 5.78 973.0
2452883.58961 19.609 0.107 3.93 880.0
2452884.47929 19.309 0.123 4.89 1168.0
2452885.55802 19.516 0.142 5.10 1076.0
2452886.54646 19.339 0.251 5.67 4223.0
2452890.64567 19.171 0.186 6.53 1648.0
2452892.51710 19.765 0.186 5.03 1183.0
2452893.56091 19.580 0.107 3.24 1349.0
2452893.60246 19.711 0.117 3.34 703.0
2452893.60978 19.759 0.115 3.03 607.0
2452893.61258 19.706 0.109 3.06 400.0
2452894.49744 19.358 0.135 5.30 851.0
2452894.54748 19.509 0.120 4.06 916.0
2452894.64610 19.705 0.220 5.87 1392.0
2452895.47930 19.752 0.241 6.38 1072.0
2452895.59426 19.687 0.136 3.94 530.0
2452895.66739 19.745 0.157 4.09 823.0
2452896.47694 19.156 0.141 5.68 1286.0
2452896.57063 19.746 0.139 3.67 639.0
2452896.57348 19.789 0.144 3.81 456.0
2452896.64434 19.526 0.135 4.73 859.0
2452897.58008 19.514 0.140 4.72 585.0
2452898.48451 19.440 0.166 5.81 974.0
2452898.52991 19.489 0.147 4.97 1160.0
2452898.60483 19.380 0.130 4.84 873.0
2452898.64873 19.647 0.201 5.46 996.0
2452899.60735 19.754 0.149 4.42 982.0
2452899.61415 19.403 0.114 5.02 667.0
2452899.65292 19.750 0.177 5.15 837.0
2452900.52970 19.547 0.150 5.09 805.0
2452900.57982 19.472 0.148 5.42 799.0
2452900.62115 19.972 0.239 5.17 816.0
2452901.50081 19.845 0.270 6.60 825.0
2452901.54407 19.860 0.231 5.91 730.0
2452902.47152 19.347 0.249 6.53 1807.0
2452902.51448 19.547 0.174 5.75 844.0
2452902.62342 19.601 0.210 5.71 1090.0
2452903.48807 19.398 0.173 6.79 722.0
2452903.51942 19.002 0.082 4.82 640.0
2452903.59878 19.357 0.099 4.86 597.0
2452904.52879 19.423 0.212 7.26 898.0
2452904.57842 19.532 0.185 6.33 786.0
2452904.60835 19.847 0.248 6.54 731.0
2452905.49133 19.717 0.219 6.22 845.0
2452905.52244 19.739 0.195 5.31 864.0
2452905.54726 19.736 0.252 6.72 1156.0
2452905.55556 19.999 0.293 6.38 855.0
2452905.61083 19.486 0.177 6.43 839.0
2452906.49519 19.673 0.169 5.38 841.0
2452906.52858 19.554 0.155 5.27 825.0
2452906.56238 19.615 0.162 5.25 835.0
2452907.48277 19.330 0.174 6.77 920.0
2452907.54656 19.532 0.191 6.45 826.0
2452907.60266 19.554 0.177 5.60 840.0
2452908.49559 19.308 0.158 6.57 819.0
2452908.52767 19.404 0.179 6.77 829.0
2452908.61000 19.526 0.212 7.03 836.0
2452909.49743 19.312 0.122 5.13 788.0
2452909.51807 19.380 0.138 5.48 1079.0
2452909.54226 19.784 0.200 5.32 837.0
2452909.58033 19.212 0.174 7.47 917.0
2452910.48939 19.622 0.182 5.78 899.0
2452910.52248 19.892 0.230 5.74 815.0
2452910.58010 19.769 0.254 6.81 831.0
2452911.52930 19.394 0.149 5.63 828.0
2452911.55696 19.598 0.136 4.49 786.0
2452912.49649 19.272 0.125 4.98 872.0
2452912.54067 19.571 0.138 4.31 1166.0
2452912.54357 19.629 0.147 4.29 871.0
2452912.58268 19.669 0.179 4.85 953.0
2452915.49109 19.606 0.196 4.56 1522.0
2452916.48454 19.837 0.244 3.97 1714.0
2452916.52748 19.581 0.162 4.69 992.0
2452916.56804 19.474 0.142 4.49 1026.0
2452917.50299 19.588 0.180 5.10 1040.0
2452917.53351 19.683 0.197 4.57 1075.0
2452917.57314 19.511 0.157 5.01 867.0
2452918.49613 19.189 0.161 6.46 991.0
2452918.52337 19.369 0.152 5.33 972.0
2452920.50720 19.702 0.222 5.51 1177.0
2452921.53170 19.534 0.152 4.86 876.0
2452921.58281 19.362 0.167 5.77 1097.0
2452922.49862 19.493 0.189 5.74 1041.0
2452923.51166 19.443 0.118 4.09 956.0
2452923.53901 19.405 0.130 4.06 943.0
2452923.57432 19.320 0.128 4.47 968.0
2452924.50846 19.467 0.114 3.87 816.0
2452924.57833 19.892 0.210 4.68 860.0
2452925.50343 19.295 0.129 5.50 856.0
2452925.56018 19.406 0.128 4.55 815.0
2452926.53332 19.943 0.219 5.14 789.0
2452926.57891 19.908 0.274 5.81 857.0
2452927.50096 19.632 0.195 5.96 668.0
2452927.57786 19.390 0.164 6.66 945.0
2452928.50956 19.828 0.223 5.66 715.0
2452928.56406 19.819 0.274 6.22 1071.0
2452929.50420 19.639 0.249 6.85 970.0
2452929.57875 19.566 0.195 5.34 1095.0
2452930.50304 19.735 0.164 4.39 736.0
2452931.50582 19.556 0.132 4.33 677.0
2452932.57170 19.558 0.170 5.50 895.0
2452933.50956 19.567 0.142 4.39 792.0
2452933.56828 19.918 0.245 5.37 1022.0
2452934.55815 19.447 0.166 5.24 1018.0
2452935.51496 19.481 0.191 5.95 985.0
2452936.49613 19.330 0.184 6.54 1040.0
2452939.50679 19.243 0.142 5.76 2483.0
2452941.51167 19.301 0.198 6.02 1921.0
2452942.50036 19.742 0.216 4.38 2051.0
2452943.54598 19.301 0.212 6.47 1969.0
2452945.49631 19.110 0.194 5.37 3159.0
2452946.50629 19.727 0.245 5.74 1616.0
2452952.51611 19.696 0.261 6.49 1471.0
2452953.49871 19.655 0.269 4.71 3380.0
2453040.87630 19.575 0.157 4.13 1667.0
2453041.88099 19.559 0.165 3.91 1704.0
2453042.88085 19.495 0.168 4.60 1455.0
2453043.86538 19.554 0.154 4.39 1170.0
2453044.86100 19.371 0.153 5.65 1284.0
2453047.85966 19.808 0.174 4.58 1134.0
2453048.85818 19.925 0.186 4.18 941.0
2453049.84332 19.504 0.120 3.36 955.0
2453050.83649 19.352 0.127 4.68 791.0
2453053.82316 19.353 0.108 4.65 546.0
2453054.83895 19.183 0.108 5.51 560.0
2453055.83515 19.482 0.137 5.12 549.0
2453055.87732 19.399 0.132 5.22 1019.0
2453056.84894 19.507 0.169 5.90 546.0
2453057.83580 19.504 0.127 4.39 598.0
2453058.83339 19.286 0.097 4.37 574.0
2453058.89545 19.746 0.158 3.85 1383.0
2453059.83889 19.541 0.131 4.41 533.0
2453060.81814 19.225 0.125 6.11 539.0
2453061.84736 19.807 0.192 5.49 481.0
2453064.81598 19.733 0.179 4.94 1189.0
2453064.83012 19.315 0.133 5.43 664.0
2453067.78582 19.931 0.201 4.95 630.0
2453067.88943 19.709 0.120 3.50 890.0
2453069.80106 19.998 0.264 5.91 600.0
2453070.85093 19.575 0.176 5.46 1193.0
2453073.80640 19.775 0.173 4.59 1153.0
2453075.84508 19.821 0.165 4.03 1168.0
2453076.89507 19.939 0.219 4.91 612.0
2453079.88960 19.654 0.190 4.54 1891.0
2453081.77121 19.436 0.134 5.37 534.0
2453082.86291 19.479 0.124 4.58 918.0
2453084.90219 19.713 0.107 3.56 815.0
2453085.86512 19.536 0.103 4.23 321.0
2453086.83455 19.622 0.108 3.86 811.0
2453088.79203 19.802 0.129 3.87 765.0
2453088.80610 19.579 0.105 3.92 322.0
2453089.90130 19.568 0.114 4.42 882.0
2453091.82147 19.585 0.117 4.25 813.0
2453093.89685 19.555 0.153 5.93 409.0
2453096.85960 19.843 0.205 6.07 919.0
2453097.88053 19.348 0.081 3.94 307.0
2453098.84703 19.573 0.102 3.87 872.0
2453100.80057 19.560 0.117 4.10 994.0
2453101.91414 19.598 0.139 4.79 1081.0
2453103.77188 19.240 0.102 4.29 1182.0
2453106.83118 19.843 0.255 5.18 1919.0
2453106.85656 19.751 0.204 3.98 810.0
2453108.76441 19.902 0.154 4.06 956.0
2453108.80681 19.595 0.112 3.85 903.0
2453109.78801 19.918 0.143 3.92 814.0
2453110.74735 19.605 0.125 3.99 380.0
2453110.83103 19.707 0.126 4.34 890.0
2453112.77986 19.570 0.114 4.96 731.0
2453113.73635 19.549 0.093 3.38 269.0
2453113.86961 19.499 0.101 4.65 763.0
2453114.78114 19.661 0.114 4.15 796.0
2453115.86397 19.584 0.109 4.46 824.0
2453116.92008 19.739 0.138 4.22 907.0
2453122.90713 19.737 0.146 4.57 953.0
2453125.86742 19.471 0.183 6.70 989.0
2453126.89311 19.667 0.123 3.61 1006.0
2453127.80393 19.380 0.106 4.07 1051.0
2453128.81693 19.396 0.104 4.31 1053.0
2453130.69488 19.628 0.171 4.27 1444.0
2453131.88642 19.894 0.278 4.33 2458.0
2453135.89626 19.585 0.133 4.59 1036.0
2453137.93528 19.713 0.162 4.28 1358.0
2453138.69800 19.342 0.123 5.35 913.0
2453138.83513 19.629 0.126 4.15 328.0
2453139.87521 19.480 0.091 3.85 830.0
2453140.87505 19.739 0.133 4.40 821.0
2453142.76332 19.449 0.102 4.41 854.0
2453144.78426 19.443 0.117 5.31 795.0
2453146.78409 19.570 0.123 5.38 764.0
2453151.74688 19.299 0.121 6.15 815.0
2453151.89955 19.304 0.109 5.04 912.0
2453152.75097 19.454 0.111 4.54 872.0
2453153.75489 19.741 0.170 5.73 857.0
2453153.89781 19.597 0.146 4.63 418.0
2453154.81642 19.653 0.155 5.43 873.0
2453156.83614 19.716 0.147 4.31 1075.0
2453158.90680 19.590 0.242 6.62 1478.0
2453162.81114 19.357 0.115 4.38 1127.0
2453163.62405 19.478 0.104 4.12 801.0
2453163.64288 19.906 0.157 4.21 800.0
2453164.73273 19.570 0.109 4.06 846.0
2453165.75355 19.641 0.094 3.55 768.0
2453166.74110 19.861 0.212 5.60 540.0
2453166.89870 19.354 0.174 6.91 1066.0
2453167.75157 19.525 0.150 6.17 796.0
2453168.74674 19.400 0.100 4.97 807.0
2453169.72263 19.682 0.130 4.19 807.0
2453170.80016 19.629 0.099 3.69 743.0
2453171.82287 19.572 0.091 3.39 800.0
2453172.74986 19.287 0.077 3.82 709.0
2453174.70617 19.573 0.094 3.68 816.0
2453175.71610 19.460 0.085 3.47 858.0
2453177.75325 19.455 0.150 7.01 900.0
2453178.77983 19.409 0.090 4.20 746.0
2453179.78954 19.378 0.103 4.74 826.0
2453180.71792 19.801 0.116 3.90 711.0
2453182.76941 19.357 0.091 4.45 774.0
2453183.73807 19.580 0.130 5.04 802.0
2453184.69582 19.620 0.095 3.61 775.0
2453185.48520 19.655 0.186 5.04 1386.0
2453185.53363 19.469 0.131 4.51 1144.0
2453185.57921 19.734 0.148 4.33 996.0
2453185.61509 19.526 0.099 3.47 962.0
2453185.66442 19.481 0.105 3.95 977.0
2453185.71390 19.760 0.143 4.23 970.0
2453185.74850 19.810 0.156 4.11 960.0
2453185.83318 19.976 0.185 4.17 1021.0
2453185.86109 19.936 0.200 4.83 1026.0
2453185.88236 19.662 0.187 5.29 1227.0
2453190.64003 19.804 0.200 5.53 1040.0
2453191.80061 19.332 0.108 4.73 965.0
2453193.53404 19.765 0.147 4.32 860.0
2453194.59270 19.275 0.104 4.67 1067.0
2453195.64001 19.531 0.086 3.55 711.0
2453195.79765 19.407 0.103 4.39 852.0
2453196.54308 19.678 0.161 5.14 1002.0
2453197.51064 19.490 0.112 4.27 903.0
2453199.62045 19.626 0.134 5.33 722.0
2453201.51226 19.374 0.110 5.00 893.0
2453202.56669 19.419 0.113 5.23 760.0
2453203.65621 19.340 0.084 4.00 737.0
2453204.64944 19.843 0.129 4.09 685.0
2453205.75804 19.572 0.113 4.61 686.0
2453206.71506 19.751 0.161 5.78 707.0
2453207.66360 19.583 0.156 6.09 741.0
2453210.54248 19.395 0.140 6.16 974.0
2453211.58088 19.594 0.140 5.80 742.0
2453217.47219 19.336 0.132 4.08 1789.0
2453217.64947 19.548 0.124 3.83 1182.0
2453218.64783 19.400 0.127 4.55 1237.0
2453219.60272 19.521 0.177 6.18 1009.0
2453223.64905 19.515 0.169 6.63 857.0
2453224.69460 19.632 0.122 3.95 898.0
2453226.61191 19.547 0.156 6.61 673.0
2453228.59832 19.540 0.123 5.20 723.0
2453229.63079 19.500 0.123 5.20 753.0
2453230.66438 19.663 0.131 4.83 712.0
2453231.56771 19.773 0.150 4.72 803.0
2453231.60599 19.497 0.115 4.71 820.0
2453232.59561 19.679 0.179 6.53 783.0
2453238.61675 19.174 0.109 5.92 832.0
2453239.69548 19.795 0.210 6.79 816.0
2453240.67660 19.651 0.201 7.02 858.0
2453245.55139 19.319 0.118 4.70 1147.0
2453246.65508 19.723 0.185 5.37 1031.0
2453247.62127 19.436 0.125 4.69 1006.0
2453249.52320 19.240 0.117 6.19 790.0
2453253.52022 19.423 0.101 4.85 690.0
2453259.62245 19.803 0.235 7.16 807.0
2453264.52996 19.566 0.143 4.99 916.0
2453267.52908 19.546 0.134 4.91 1026.0
2453272.58449 19.503 0.145 5.22 1002.0
2453275.56745 19.703 0.215 6.06 1066.0
2453278.59637 19.324 0.135 5.51 982.0
2453282.57038 19.748 0.125 4.58 531.0
2453288.54293 19.767 0.133 4.78 575.0
2453295.52371 19.504 0.086 4.55 458.0
2453299.52823 19.773 0.107 4.49 422.0
2453408.88738 19.520 0.151 5.43 1009.0
2453410.88749 19.374 0.139 5.09 1304.0
2453413.88832 19.959 0.241 5.59 1070.0
2453421.89456 19.401 0.093 4.02 763.0
2453422.86444 19.512 0.117 5.02 728.0
2453426.86004 19.480 0.111 4.20 964.0
2453429.84208 19.720 0.202 5.68 1090.0
2453432.88547 19.810 0.152 3.40 1394.0
2453442.88789 19.572 0.112 4.48 741.0
2453445.80069 19.485 0.087 3.82 669.0
2453447.85131 19.779 0.150 4.89 771.0
2453449.86397 19.744 0.132 4.77 693.0
2453452.88459 19.289 0.074 3.80 718.0
2453455.81879 19.737 0.174 5.14 1040.0
2453457.85232 19.624 0.116 4.11 840.0
2453459.84750 19.805 0.145 3.94 1009.0
2453467.87738 19.712 0.129 4.70 669.0
2453470.79620 19.615 0.106 4.27 659.0
2453472.75866 19.746 0.130 4.40 747.0
2453473.77846 19.556 0.133 5.43 713.0
2453474.77509 19.907 0.182 5.48 666.0
2453475.80069 19.573 0.105 4.52 673.0
2453477.76250 19.605 0.114 4.01 722.0
2453479.76136 19.938 0.124 3.65 665.0
2453480.72150 19.531 0.091 3.95 668.0
2453481.73944 19.311 0.092 4.63 747.0
2453482.71620 19.443 0.109 4.16 949.0
2453496.71902 19.854 0.164 4.95 820.0
2453497.79054 19.099 0.095 5.65 827.0
2453499.86170 19.965 0.173 4.83 714.0
2453500.72790 19.347 0.092 4.19 746.0
2453501.82433 19.541 0.090 3.52 779.0
2453502.72020 19.371 0.078 3.61 772.0
2453503.68935 19.473 0.098 4.40 690.0
2453504.70410 19.325 0.098 4.91 655.0
2453506.74789 19.496 0.091 3.99 727.0
2453508.75750 19.626 0.129 4.95 743.0
2453510.80035 19.578 0.101 3.83 729.0
2453511.83949 19.521 0.100 3.60 954.0
2453512.70918 19.764 0.158 4.61 982.0
2453512.72354 19.589 0.152 4.96 999.0
2453512.75911 19.351 0.115 4.95 999.0
2453512.80676 19.630 0.138 4.13 1139.0
2453512.82404 19.712 0.151 4.18 1146.0
2453512.84158 19.566 0.127 4.16 1137.0
2453512.85946 19.920 0.189 4.35 1155.0
2453512.87964 19.504 0.129 4.36 1142.0
2453512.90212 19.569 0.127 4.13 1112.0
2453512.91106 19.557 0.149 5.03 1058.0
2453512.92556 19.258 0.120 5.52 976.0
2453512.93818 19.513 0.121 4.32 1045.0
2453517.68500 19.537 0.153 4.82 1400.0
2453520.76028 19.701 0.134 4.47 776.0
2453521.71751 19.660 0.097 3.39 842.0
2453522.74553 19.416 0.073 3.36 646.0
2453522.93675 19.635 0.145 4.67 935.0
2453523.75000 19.793 0.095 3.16 663.0
2453524.89520 19.676 0.160 5.16 924.0
2453525.74840 19.451 0.083 3.90 624.0
2453526.75183 19.667 0.127 4.65 741.0
2453528.67275 19.472 0.092 4.09 673.0
2453529.69504 19.444 0.067 3.53 470.0
2453529.86940 19.510 0.107 4.23 761.0
2453530.61015 19.384 0.074 3.50 687.0
2453530.77230 19.549 0.084 3.32 693.0
2453530.85411 19.447 0.078 3.47 696.0
2453530.88081 19.477 0.085 3.74 536.0
2453536.86852 19.756 0.159 5.62 707.0
2453536.88544 19.625 0.160 5.89 1272.0
2453537.67546 19.195 0.093 5.41 552.0
2453538.59711 19.841 0.184 5.71 567.0
2453538.75285 19.573 0.095 3.94 223.0
2453538.86915 19.651 0.130 4.34 333.0
2453540.65000 19.884 0.151 4.11 828.0
2453540.69161 19.375 0.089 3.74 211.0
2453540.88681 19.562 0.133 5.82 627.0
2453541.62437 19.868 0.170 4.42 333.0
2453541.78322 19.715 0.133 3.94 328.0
2453542.83049 19.418 0.179 4.14 1231.0
2453544.60930 19.677 0.158 3.41 741.0
2453544.80767 19.802 0.201 4.70 826.0
2453546.72349 19.545 0.155 4.95 721.0
2453547.74612 19.701 0.143 5.07 600.0
2453549.80163 19.330 0.122 5.26 975.0
2453550.63483 19.663 0.124 4.17 820.0
2453551.63477 19.354 0.080 4.25 738.0
2453553.72018 19.266 0.122 5.94 843.0
2453555.66762 19.966 0.156 4.94 614.0
2453556.67536 19.706 0.115 4.32 678.0
2453558.53014 19.704 0.130 4.37 837.0
2453558.82889 19.924 0.176 5.16 720.0
2453559.69885 19.529 0.105 4.55 708.0
2453560.60019 19.237 0.085 4.50 719.0
2453561.54791 19.656 0.126 3.92 878.0
2453562.58860 19.828 0.152 4.69 751.0
2453563.63933 19.652 0.092 3.45 650.0
2453564.57710 19.511 0.147 5.98 740.0
2453569.56243 19.632 0.133 4.05 1056.0
2453573.64887 19.630 0.167 5.53 952.0
2453574.68880 19.495 0.109 4.16 838.0
2453575.53628 19.685 0.108 3.76 744.0
2453575.77288 19.702 0.151 4.96 862.0
2453576.69016 19.814 0.191 6.03 774.0
2453577.59028 19.730 0.129 4.78 661.0
2453578.67488 19.790 0.132 4.62 636.0
2453579.62032 19.808 0.122 4.15 668.0
2453580.65357 19.618 0.097 3.81 693.0
2453581.67344 19.574 0.094 3.88 643.0
2453582.64530 19.602 0.104 4.53 638.0
2453583.63572 19.587 0.104 4.47 604.0
2453584.64440 19.554 0.090 3.81 634.0
2453584.75899 19.293 0.110 5.93 696.0
2453585.63473 19.864 0.121 4.18 575.0
2453586.71980 19.808 0.116 3.74 676.0
2453589.67337 19.681 0.095 3.63 633.0
2453590.65731 19.526 0.086 3.60 669.0
2453591.68087 19.849 0.116 3.50 726.0
2453593.74779 19.440 0.136 5.70 923.0
2453594.71002 19.831 0.159 4.97 743.0
2453601.65856 19.335 0.098 4.00 1048.0
2453602.61914 19.169 0.082 3.96 1013.0
2453603.63921 19.670 0.149 5.19 809.0
2453607.63755 19.596 0.118 4.80 675.0
2453608.65292 19.552 0.124 5.33 680.0
2453615.58068 19.327 0.088 4.86 644.0
2453618.58229 19.956 0.179 4.63 826.0
2453620.54549 19.889 0.118 3.71 661.0
2453622.52335 19.559 0.129 4.95 731.0
2453628.59953 19.471 0.153 5.21 1178.0
2453630.53885 19.442 0.164 6.32 1068.0
2453632.58901 19.647 0.182 5.55 1097.0
2453634.48962 19.668 0.178 5.96 753.0
2453639.54848 19.468 0.093 3.77 774.0
2453641.54692 19.687 0.172 5.48 896.0
2453641.58705 19.808 0.199 5.51 914.0
2453644.50726 19.399 0.111 4.75 859.0
2453650.58466 19.535 0.143 5.48 896.0
2453656.52434 19.794 0.164 3.89 1117.0
2453660.52877 19.204 0.121 4.75 1407.0
2453664.50560 19.788 0.172 4.43 1061.0
2453669.53117 19.478 0.160 6.31 944.0
2453776.86944 19.700 0.168 5.19 936.0
2453782.85414 19.653 0.209 6.00 1062.0
2453784.87943 19.765 0.143 3.86 1050.0
2453786.89903 19.679 0.205 4.38 1962.0
2453788.84959 19.686 0.179 4.10 1578.0
2453790.89202 19.659 0.149 3.60 1404.0
2453793.85932 19.790 0.138 3.75 992.0
2453795.84674 19.428 0.143 5.33 1074.0
2453799.83411 19.707 0.165 4.76 1133.0
2453800.82904 19.656 0.149 5.09 901.0
2453801.88851 19.579 0.130 4.42 882.0
2453802.85410 19.467 0.114 4.17 900.0
2453803.88937 19.458 0.109 4.18 932.0
2453805.80584 19.638 0.148 5.02 936.0
2453807.79120 19.326 0.124 5.07 1157.0
2453808.79888 19.535 0.148 5.00 1152.0
2453809.88399 19.722 0.164 4.85 1072.0
2453810.85060 19.533 0.115 3.84 1063.0
2453811.84223 19.837 0.172 4.75 918.0
2453812.83832 19.670 0.162 4.94 1051.0
2453813.83115 19.480 0.111 4.21 982.0
2453814.83011 19.709 0.133 3.82 980.0
2453817.86165 19.468 0.127 4.22 1262.0
2453818.89073 19.646 0.125 4.03 934.0
2453819.80845 19.709 0.106 3.47 748.0
2453820.77509 19.570 0.111 4.24 788.0
2453821.77824 19.434 0.100 4.18 779.0
2453822.81764 19.562 0.116 4.18 826.0
2453823.77785 19.590 0.162 6.26 788.0
2453824.74404 19.424 0.144 6.08 893.0
2453825.80887 19.590 0.141 5.26 806.0
2453826.73741 19.222 0.081 5.56 462.0
2453827.80521 19.781 0.120 3.85 696.0
2453828.77984 19.211 0.109 5.79 838.0
2453829.76202 19.892 0.182 5.48 797.0
2453830.73833 19.718 0.137 4.18 908.0
2453831.90748 19.802 0.137 4.18 819.0
2453832.71646 19.714 0.133 4.23 838.0
2453833.76212 19.718 0.132 4.64 737.0
2453834.74756 19.527 0.124 4.73 905.0
2453834.91875 19.458 0.122 4.50 985.0
2453835.73693 19.329 0.113 5.13 929.0
2453836.76797 19.281 0.136 5.98 1017.0
2453837.73533 19.649 0.172 5.48 1008.0
2453837.90709 19.558 0.099 3.55 936.0
2453838.74712 19.921 0.240 5.73 1068.0
2453838.91442 19.511 0.128 4.20 1140.0
2453839.74289 19.711 0.178 5.16 1125.0
2453840.70888 19.395 0.132 5.05 1266.0
2453840.91383 19.777 0.138 3.77 1088.0
2453841.74740 19.588 0.135 4.43 1097.0
2453841.89797 19.405 0.105 3.69 1279.0
2453842.85039 19.507 0.108 3.49 1169.0
2453845.72293 19.446 0.213 5.06 2829.0
2453845.91313 19.270 0.102 4.64 919.0
2453846.73358 19.614 0.106 3.77 765.0
2453846.92554 19.723 0.146 4.09 1001.0
2453847.79972 19.481 0.146 5.56 892.0
2453848.75468 19.607 0.127 4.66 749.0
2453849.75379 19.805 0.131 3.70 795.0
2453850.69785 19.575 0.114 4.06 832.0
2453850.86957 19.598 0.127 4.64 875.0
2453851.92400 19.647 0.145 4.97 917.0
2453852.70156 19.451 0.125 5.19 831.0
2453852.87280 19.409 0.104 4.71 804.0
2453853.68999 19.616 0.112 4.45 770.0
2453853.85829 19.779 0.127 4.14 722.0
2453853.92906 19.401 0.087 3.58 948.0
2453856.68002 19.774 0.139 3.85 955.0
2453857.91768 19.445 0.110 4.42 904.0
2453858.76642 19.503 0.091 3.98 680.0
2453859.80460 19.401 0.086 4.19 620.0
2453860.67413 19.731 0.158 5.00 880.0
2453860.91296 19.851 0.167 4.71 913.0
2453861.67120 19.256 0.096 4.60 898.0
2453861.77578 19.605 0.112 4.13 761.0
2453862.70488 19.555 0.109 3.93 881.0
2453862.86788 19.429 0.096 3.84 952.0
2453863.63932 19.726 0.156 4.64 987.0
2453863.85701 19.448 0.082 3.57 747.0
2453863.93625 19.580 0.142 3.99 1293.0
2453864.67984 19.391 0.115 4.64 922.0
2453864.86991 19.768 0.109 3.57 736.0
2453865.69067 19.795 0.159 4.42 977.0
2453865.82738 19.695 0.117 3.75 851.0
2453865.90416 19.963 0.142 3.78 798.0
2453866.68911 19.591 0.113 3.85 899.0
2453866.82859 19.615 0.107 3.70 823.0
2453866.90748 19.641 0.106 3.50 845.0
2453867.63197 19.583 0.145 3.98 1482.0
2453867.81763 19.403 0.117 4.34 1117.0
2453867.89070 19.525 0.102 3.27 1127.0
2453868.71508 19.484 0.138 4.08 1306.0
2453868.86676 19.471 0.129 4.24 1237.0
2453869.69490 19.620 0.131 3.55 1362.0
2453869.87586 19.505 0.137 3.95 1565.0
2453872.89224 19.369 0.121 4.03 1517.0
2453873.64779 19.586 0.132 4.55 880.0
2453873.78988 19.473 0.102 3.77 940.0
2453873.86260 19.583 0.118 4.30 880.0
2453873.93224 19.634 0.144 4.37 1027.0
2453874.74686 19.543 0.128 4.89 790.0
2453875.66057 19.658 0.095 3.56 689.0
2453875.80804 19.666 0.108 3.73 822.0
2453875.90697 19.828 0.138 4.11 829.0
2453876.63779 19.461 0.090 4.18 694.0
2453877.63592 19.576 0.109 4.72 669.0
2453877.78724 19.582 0.091 3.66 707.0
2453877.86113 19.491 0.092 3.76 846.0
2453879.66736 19.423 0.077 3.93 626.0
2453880.83679 19.329 0.094 4.57 839.0
2453880.91557 19.591 0.123 4.39 943.0
2453881.66593 19.564 0.109 4.03 843.0
2453881.87747 19.426 0.086 3.50 881.0
2453881.92421 19.514 0.104 3.64 1028.0
2453882.75427 19.408 0.102 4.58 766.0
2453882.82850 19.762 0.139 4.19 877.0
2453882.89735 19.642 0.116 3.84 844.0
2453883.64367 19.956 0.214 5.53 866.0
2453883.84130 19.803 0.114 3.59 778.0
2453886.60576 19.509 0.122 4.85 886.0
2453886.79852 19.687 0.106 4.03 704.0
2453886.87035 19.830 0.154 4.86 797.0
2453887.57908 19.753 0.163 5.27 906.0
2453887.78162 19.712 0.105 3.92 723.0
2453889.66155 19.600 0.107 4.10 711.0
2453889.93975 19.675 0.168 5.15 1066.0
2453890.64080 19.686 0.121 3.68 872.0
2453891.67117 19.709 0.154 5.16 802.0
2453891.79941 19.671 0.132 4.57 818.0
2453891.88140 19.716 0.152 4.95 860.0
2453892.57275 19.971 0.268 6.23 1119.0
2453893.62215 19.556 0.132 5.07 872.0
2453893.86681 19.550 0.156 5.76 915.0
2453894.67539 19.064 0.091 5.55 766.0
2453896.61301 19.311 0.154 6.22 1165.0
2453900.53430 19.399 0.159 5.75 1471.0
2453900.79931 19.887 0.172 3.56 4248.0
2453900.86798 19.743 0.165 4.04 1108.0
2453901.54443 19.393 0.109 4.87 901.0
2453901.72575 19.560 0.143 5.24 943.0
2453901.80303 19.556 0.129 4.69 902.0
2453901.87198 19.491 0.134 4.59 1138.0
2453902.74663 19.709 0.124 4.10 849.0
2453902.86560 19.323 0.122 5.11 1065.0
2453903.65479 19.710 0.141 4.51 872.0
2453903.90421 19.627 0.188 5.96 1097.0
2453904.55538 19.490 0.102 4.09 839.0
2453904.71847 19.469 0.092 3.65 837.0
2453904.78751 19.495 0.101 3.95 802.0
2453904.88966 19.650 0.145 4.67 992.0
2453905.55219 19.747 0.130 4.16 827.0
2453905.72883 19.687 0.107 3.63 816.0
2453905.79888 19.504 0.086 3.30 817.0
2453905.86745 19.566 0.128 4.51 1011.0
2453906.56670 19.496 0.116 4.12 894.0
2453906.70652 19.460 0.101 4.09 771.0
2453906.77964 19.612 0.125 4.39 813.0
2453906.85890 19.497 0.123 4.69 886.0
2453907.59747 19.510 0.113 4.57 753.0
2453907.63765 19.501 0.139 5.66 784.0
2453907.77970 19.315 0.140 6.43 847.0
2453907.83260 19.133 0.113 5.75 941.0
2453908.53358 19.329 0.102 4.21 1075.0
2453908.71921 19.394 0.099 4.26 843.0
2453908.73706 19.740 0.131 3.99 847.0
2453908.76450 19.498 0.099 3.82 801.0
2453908.79931 19.316 0.087 4.13 762.0
2453908.87888 19.614 0.144 4.77 937.0
2453909.53537 19.771 0.170 4.82 977.0
2453909.71816 19.440 0.078 3.60 651.0
2453909.80863 19.598 0.097 3.72 714.0
2453909.88489 19.787 0.177 5.06 970.0
2453910.56482 19.455 0.112 4.65 896.0
2453912.53459 19.695 0.099 3.16 857.0
2453912.72192 19.492 0.072 3.30 647.0
2453912.81580 19.687 0.101 3.75 671.0
2453913.52606 19.549 0.102 3.66 831.0
2453913.73150 19.338 0.096 4.67 781.0
2453913.82042 19.855 0.132 3.78 784.0
2453914.54986 19.714 0.162 5.04 890.0
2453915.52758 19.781 0.156 4.67 928.0
2453915.72958 19.628 0.129 5.29 711.0
2453915.82778 19.386 0.090 4.23 735.0
2453916.81019 19.594 0.128 5.08 756.0
2453917.61498 19.705 0.173 5.96 847.0
2453917.82070 19.629 0.156 5.34 900.0
2453918.60829 19.476 0.123 5.07 818.0
2453918.81847 19.565 0.152 5.64 855.0
2453919.54523 19.487 0.178 6.14 982.0
2453919.75524 19.959 0.135 4.01 670.0
2453920.51294 19.541 0.124 4.72 842.0
2453920.70904 19.310 0.100 5.04 803.0
2453920.79438 19.472 0.097 4.10 790.0
2453921.50911 19.586 0.125 3.63 1053.0
2453921.70835 19.618 0.186 6.04 877.0
2453922.71277 19.419 0.140 6.07 811.0
2453930.54603 19.823 0.151 4.18 901.0
2453931.50165 19.634 0.144 4.81 957.0
2453932.52926 19.616 0.129 4.07 934.0
2453933.51569 19.424 0.101 4.02 921.0
2453933.70012 19.646 0.103 3.83 740.0
2453933.77213 19.645 0.118 4.00 838.0
2453934.48958 19.792 0.140 3.97 923.0
2453934.65962 19.548 0.086 3.66 677.0
2453934.72945 19.301 0.077 3.90 742.0
2453935.53946 19.729 0.138 4.50 820.0
2453935.71079 19.429 0.121 5.58 724.0
2453935.80835 19.392 0.134 5.50 949.0
2453936.49286 19.211 0.104 5.01 902.0
2453936.65834 19.867 0.142 3.98 763.0
2453936.73474 19.442 0.124 4.62 929.0
2453937.55713 19.328 0.136 6.53 773.0
2453938.50065 19.462 0.135 4.98 937.0
2453938.69566 19.283 0.084 4.79 568.0
2453938.80080 19.705 0.187 6.56 781.0
2453940.58529 19.917 0.150 4.41 745.0
2453941.70190 19.359 0.133 6.65 669.0
2453944.55321 19.502 0.123 5.45 770.0
2453944.75357 19.326 0.105 5.15 762.0
2453945.78145 19.901 0.200 5.68 820.0
2453946.51231 19.430 0.135 5.72 860.0
2453946.70451 19.400 0.122 5.88 696.0
2453950.52113 19.480 0.106 4.52 753.0
2453950.73618 19.379 0.117 5.45 767.0
2453951.51387 19.332 0.106 4.67 862.0
2453951.74514 19.354 0.140 5.92 961.0
2453956.60687 19.394 0.142 5.51 1112.0
2453957.50549 19.850 0.225 4.79 1621.0
2453958.57628 19.497 0.117 4.57 872.0
2453959.50904 19.538 0.126 4.86 823.0
2453959.68349 19.893 0.176 4.81 872.0
2453960.49830 19.800 0.136 4.15 808.0
2453960.67738 19.439 0.085 3.55 816.0
2453961.56962 19.299 0.111 4.94 926.0
2453963.53092 19.584 0.112 4.38 743.0
2453963.70831 19.865 0.190 5.71 734.0
2453964.52601 19.701 0.126 4.11 821.0
2453964.73474 19.577 0.147 5.91 754.0
2453965.51047 19.515 0.096 3.86 755.0
2453965.70175 19.430 0.096 4.36 715.0
2453966.48564 19.494 0.115 4.12 911.0
2453966.68738 19.787 0.164 5.40 742.0
2453967.52002 19.784 0.185 5.58 819.0
2453967.71281 19.990 0.197 5.57 713.0
2453968.49814 19.902 0.181 4.80 916.0
2453969.47977 19.577 0.127 4.84 791.0
2453969.68043 19.756 0.171 5.61 716.0
2453970.50887 19.555 0.145 5.58 807.0
2453970.68747 19.451 0.102 4.56 704.0
2453971.55274 19.569 0.153 5.79 753.0
2453973.57893 19.382 0.107 5.20 668.0
2453974.50822 19.441 0.112 4.76 794.0
2453974.69477 19.294 0.139 6.92 784.0
2453975.51113 19.683 0.124 4.40 761.0
2453976.50568 19.591 0.106 4.07 766.0
2453976.68168 19.515 0.160 6.17 920.0
2453979.50792 19.144 0.149 5.62 1791.0
2453982.56856 19.774 0.156 4.57 959.0
2453982.58587 19.434 0.113 4.15 1121.0
2453983.52619 19.827 0.275 4.88 2077.0
2453987.50536 19.225 0.104 5.28 836.0
2453989.52886 19.766 0.146 4.49 798.0
2453990.54570 19.200 0.106 5.68 790.0
2453991.50143 19.413 0.153 6.65 803.0
2453994.56382 19.495 0.134 5.49 799.0
2453995.57142 19.397 0.083 3.82 753.0
2454002.49491 19.554 0.119 4.75 811.0
2454003.49239 19.774 0.141 4.45 833.0
2454004.52649 19.595 0.115 4.18 841.0
2454006.51944 19.194 0.089 4.77 842.0
2454012.49937 19.435 0.157 6.36 938.0
2454016.51497 19.369 0.140 5.96 994.0
2454020.53801 19.290 0.129 5.82 904.0
2454023.53833 19.518 0.157 5.27 1198.0
2454025.55772 19.367 0.126 5.28 1007.0
2454028.49714 19.374 0.159 6.33 978.0
2454031.49721 19.774 0.204 5.44 1101.0
2454041.49912 19.573 0.232 6.11 1578.0
2454043.50934 19.353 0.178 5.98 1509.0
2454141.87697 19.919 0.195 4.37 1237.0
2454150.89212 19.565 0.165 4.93 1390.0
2454153.88004 19.637 0.149 4.92 1014.0
2454156.85844 19.509 0.153 5.48 1031.0
2454158.87801 19.595 0.147 4.76 1091.0
2454161.84598 19.957 0.254 5.45 1315.0
2454163.82886 19.814 0.189 4.27 1599.0
2454165.81026 19.303 0.168 5.50 1797.0
2454168.80744 19.449 0.131 4.33 1332.0
2454170.79941 19.468 0.244 4.12 4835.0
2454175.79002 19.468 0.138 5.19 1035.0
2454176.90138 19.716 0.137 3.85 995.0
2454178.80512 19.592 0.141 5.12 923.0
2454179.84946 19.611 0.121 3.73 992.0
2454181.78584 19.316 0.124 5.70 946.0
2454182.83082 19.496 0.104 4.02 874.0
2454183.86695 19.392 0.116 4.86 940.0
2454184.90756 19.570 0.100 3.74 819.0
2454189.84278 19.734 0.166 5.17 926.0
2454191.80787 19.636 0.191 6.03 1151.0
2454193.74224 19.375 0.195 6.69 1509.0
2454194.78775 19.419 0.128 4.88 1100.0
2454196.77787 19.702 0.184 5.36 1220.0
2454202.75939 19.476 0.109 4.10 1036.0
2454203.74739 19.458 0.090 3.79 858.0
2454204.73969 19.490 0.137 5.31 1033.0
2454204.92198 19.401 0.106 4.30 1033.0
2454205.73622 19.732 0.148 4.99 833.0
2454207.72568 19.487 0.133 5.11 1011.0
2454208.74776 19.680 0.139 4.38 908.0
2454211.79194 19.495 0.134 4.94 890.0
2454212.89050 19.397 0.148 6.05 912.0
2454212.91084 19.996 0.251 6.01 936.0
2454213.71231 19.561 0.153 5.66 947.0
2454213.77199 19.449 0.106 4.28 896.0
2454213.91586 19.519 0.104 3.66 984.0
2454215.74501 19.436 0.135 5.53 936.0
2454216.70279 19.581 0.142 4.94 995.0
2454216.92718 19.576 0.160 5.50 1076.0
2454217.71024 19.513 0.114 4.24 1008.0
2454217.91388 19.601 0.098 3.27 942.0
2454218.75985 19.662 0.184 5.81 978.0
2454219.75803 19.509 0.128 4.92 931.0
2454219.80957 19.466 0.114 4.50 936.0
2454220.65774 19.863 0.288 6.91 1281.0
2454220.70277 19.562 0.164 5.77 1061.0
2454220.92493 19.621 0.210 6.36 1139.0
2454220.93101 19.582 0.266 7.39 1464.0
2454221.65638 19.708 0.245 6.60 1382.0
2454222.67149 19.302 0.158 6.08 1455.0
2454222.91622 19.637 0.135 3.94 1302.0
2454224.78495 19.647 0.159 4.33 1399.0
2454227.88062 19.366 0.129 4.54 1429.0
2454228.68037 19.678 0.153 4.50 1174.0
2454228.91396 19.519 0.154 4.75 1501.0
2454229.67404 19.593 0.167 5.68 1078.0
2454229.87101 19.489 0.108 3.99 1081.0
2454229.93821 19.425 0.134 4.21 1756.0
2454230.68377 19.767 0.140 4.16 904.0
2454230.87180 19.447 0.123 4.58 1069.0
2454230.93669 19.646 0.236 6.28 1536.0
2454231.62610 19.484 0.146 5.33 1110.0
2454231.77031 19.598 0.128 4.19 1060.0
2454231.89450 19.707 0.178 5.19 1143.0
2454231.93761 19.269 0.169 5.78 1919.0
2454232.62919 19.850 0.238 5.89 1193.0
2454232.67816 19.506 0.181 6.07 1223.0
2454232.83918 19.766 0.239 6.07 1219.0
2454233.80996 19.940 0.242 5.86 1097.0
2454234.71162 19.555 0.145 5.19 1036.0
2454235.63965 19.525 0.135 4.57 1161.0
2454235.80087 19.486 0.099 3.68 924.0
2454235.89331 19.708 0.138 4.26 1001.0
2454238.62554 19.976 0.267 5.83 1170.0
2454238.87799 19.676 0.156 4.40 1214.0
2454239.62644 19.749 0.221 6.38 1039.0
2454240.67966 19.530 0.143 5.22 942.0
2454240.81692 19.587 0.127 4.43 958.0
2454243.64549 19.818 0.208 5.74 1030.0
2454243.73820 19.437 0.116 4.85 945.0
2454243.83196 19.573 0.152 5.42 1005.0
2454244.61786 19.541 0.179 6.26 1127.0
2454244.71408 19.703 0.152 4.78 966.0
2454244.80690 19.399 0.110 4.32 1019.0
2454245.61093 19.711 0.151 5.31 780.0
2454245.70484 19.532 0.119 4.62 831.0
2454245.80068 19.569 0.102 3.88 833.0
2454246.66926 19.477 0.119 4.54 956.0
2454246.76211 19.518 0.127 4.57 995.0
2454246.85543 19.569 0.147 4.89 1091.0
2454247.68446 19.609 0.139 4.61 1021.0
2454247.82805 19.414 0.107 4.40 974.0
2454250.73262 19.515 0.127 4.16 1231.0
2454251.80421 19.853 0.285 5.79 1760.0
2454256.62034 19.363 0.169 5.65 1592.0
2454257.65198 19.935 0.228 5.46 1081.0
2454258.63554 19.254 0.131 6.09 987.0
2454258.75800 19.545 0.131 4.45 1013.0
2454258.85213 19.480 0.136 4.78 1143.0
2454267.59612 19.382 0.151 5.80 1036.0
2454268.84219 19.657 0.127 4.03 1055.0
2454269.57854 19.435 0.118 4.86 986.0
2454269.69908 19.605 0.127 4.55 827.0
2454269.78832 19.462 0.106 4.42 825.0
2454270.57209 19.516 0.151 5.49 1080.0
2454272.60044 19.426 0.113 4.30 1085.0
2454272.74959 19.745 0.133 4.07 909.0
2454272.80883 19.599 0.145 4.96 1003.0
2454272.88037 19.613 0.187 5.23 1444.0
2454273.61756 19.523 0.172 6.03 1052.0
2454273.79821 19.746 0.186 4.69 1309.0
2454273.85935 19.829 0.278 6.36 1411.0
2454274.55020 19.562 0.164 5.21 1266.0
2454274.70397 19.601 0.166 5.29 1093.0
2454274.76509 19.579 0.147 4.83 1104.0
2454274.82349 19.237 0.108 4.94 1092.0
2454275.60265 19.672 0.142 4.43 1049.0
2454275.77799 19.521 0.138 4.71 1233.0
2454275.83648 19.484 0.160 5.16 1399.0
2454276.58742 19.591 0.176 5.81 1085.0
2454277.53122 19.541 0.203 6.15 1372.0
2454277.70813 19.828 0.157 4.18 1055.0
2454277.76682 19.573 0.156 5.16 1084.0
2454277.82546 19.773 0.257 6.69 1279.0
2454278.75228 19.473 0.166 6.15 1173.0
2454283.73096 19.305 0.151 4.62 1832.0
2454284.50559 19.600 0.175 5.02 1281.0
2454284.69575 19.428 0.127 4.22 1184.0
2454284.75852 19.530 0.127 3.90 1204.0
2454284.82335 19.507 0.171 5.20 1505.0
2454285.50869 19.725 0.213 5.22 1373.0
2454285.69681 19.421 0.128 4.52 1074.0
2454285.76327 19.582 0.140 4.46 1030.0
2454285.82856 19.811 0.188 4.53 1189.0
2454286.50838 19.518 0.153 5.07 1233.0
2454286.80556 19.639 0.188 4.64 1906.0
2454289.51621 19.559 0.167 5.19 1170.0
2454289.73474 19.581 0.143 4.57 1046.0
2454289.79987 19.617 0.164 5.23 1084.0
2454290.56252 19.835 0.238 6.62 948.0
2454291.62513 19.673 0.139 4.61 938.0
2454291.78783 19.757 0.248 7.17 984.0
2454292.49078 19.441 0.111 4.19 1127.0
2454292.66997 19.452 0.102 3.89 947.0
2454292.72854 19.708 0.121 3.84 917.0
2454292.78709 19.512 0.105 3.88 1000.0
2454293.49112 19.606 0.145 4.90 1030.0
2454293.71571 19.606 0.117 4.20 858.0
2454293.77451 19.502 0.120 4.79 920.0
2454294.49029 19.513 0.145 5.13 1109.0
2454295.49742 19.801 0.183 5.58 950.0
2454295.69543 19.784 0.116 3.85 740.0
2454295.75400 19.543 0.096 4.02 741.0
2454296.49438 19.444 0.144 5.63 1031.0
2454296.69097 19.366 0.099 4.91 777.0
2454296.82385 19.419 0.161 6.90 953.0
2454297.51399 19.271 0.121 5.54 970.0
2454297.71559 19.674 0.119 4.41 750.0
2454298.54886 19.676 0.177 5.73 883.0
2454298.65458 19.494 0.123 4.97 790.0
2454298.75420 19.618 0.159 5.75 865.0
2454299.53187 19.523 0.102 3.76 882.0
2454299.62489 19.563 0.101 3.91 785.0
2454299.71707 19.595 0.095 3.71 747.0
2454299.81164 19.528 0.152 5.98 863.0
2454300.52756 19.833 0.171 4.44 921.0
2454300.64762 19.584 0.122 4.51 787.0
2454300.74316 19.787 0.151 4.30 866.0
2454301.51844 19.466 0.112 4.25 1053.0
2454301.61421 19.525 0.103 3.86 912.0
2454301.71484 19.727 0.125 4.09 858.0
2454301.80516 19.514 0.114 4.79 880.0
2454302.59141 19.465 0.130 5.01 879.0
2454302.69159 19.601 0.137 4.80 845.0
2454303.67746 19.753 0.205 6.46 822.0
2454304.55156 19.599 0.174 5.11 1335.0
2454304.66967 19.347 0.150 5.65 1232.0
2454306.63551 19.896 0.190 5.05 1053.0
2454306.68915 19.311 0.119 5.39 1037.0
2454310.61471 19.956 0.270 4.32 2020.0
2454311.76339 19.625 0.251 6.20 1845.0
2454312.74544 19.459 0.116 4.29 1103.0
2454316.71118 19.776 0.191 5.45 1021.0
2454317.55926 19.403 0.095 3.98 864.0
2454319.77136 19.722 0.179 5.51 1018.0
2454320.54332 19.491 0.114 4.26 886.0
2454326.51058 19.710 0.152 4.75 947.0
2454326.70776 19.744 0.177 5.50 848.0
2454327.58909 19.460 0.168 6.65 900.0
2454327.73037 19.899 0.260 6.60 1018.0
2454328.51589 19.507 0.149 5.01 1119.0
2454328.69392 19.512 0.135 4.61 1024.0
2454329.52576 19.656 0.149 4.39 960.0
2454329.67363 19.769 0.174 4.94 925.0
2454330.49678 19.434 0.121 4.54 983.0
2454330.69004 19.690 0.142 4.70 927.0
2454331.47689 19.389 0.157 5.94 1195.0
2454331.68575 19.582 0.164 6.08 872.0
2454332.50667 19.523 0.112 4.20 960.0
2454333.52775 19.431 0.133 4.70 1092.0
2454333.68888 19.757 0.189 5.56 982.0
2454334.50112 19.444 0.225 6.23 1879.0
2454334.62934 19.293 0.234 4.82 4524.0
2454338.50097 19.556 0.148 3.98 1477.0
2454339.47835 19.555 0.162 4.50 1563.0
2454339.69478 19.168 0.155 6.68 1420.0
2454340.59863 19.399 0.124 4.33 1257.0
2454341.50166 19.497 0.180 5.82 1220.0
2454342.53086 19.449 0.123 4.54 1033.0
2454343.50967 19.561 0.097 3.27 1031.0
2454344.53790 19.628 0.193 5.84 1109.0
2454345.50311 19.557 0.110 3.80 1013.0
2454346.51578 19.924 0.232 5.50 1092.0
2454347.53048 19.867 0.186 4.88 931.0
2454349.49170 19.535 0.147 5.10 987.0
2454350.53879 19.646 0.123 3.88 964.0
2454351.50468 19.629 0.135 4.39 951.0
2454352.55522 19.890 0.252 6.36 998.0
2454353.50858 19.610 0.126 4.02 1062.0
2454354.53729 19.705 0.128 3.85 988.0
2454355.53892 19.578 0.143 4.92 1032.0
2454356.50530 19.647 0.136 4.42 962.0
2454357.53437 19.641 0.176 5.64 1009.0
2454358.49741 19.456 0.144 5.35 1048.0
2454359.53497 19.769 0.154 4.71 953.0
2454360.55947 19.501 0.151 5.40 994.0
2454362.50947 19.275 0.122 4.26 1689.0
2454365.56028 19.379 0.164 5.79 1320.0
2454367.48637 19.473 0.114 3.67 1365.0
2454368.53000 19.624 0.196 5.71 1249.0
2454370.48728 19.375 0.142 5.06 1271.0
2454371.53245 19.596 0.125 3.86 1143.0
2454372.51821 19.745 0.113 3.30 966.0
2454373.50438 19.495 0.154 5.13 1123.0
2454376.56910 19.502 0.199 6.73 1139.0
2454377.60635 19.851 0.222 6.01 1125.0
2454378.51689 19.503 0.128 4.58 969.0
2454380.54343 19.660 0.148 4.59 1026.0
2454382.56466 19.900 0.241 5.64 1196.0
2454383.55519 19.913 0.224 4.91 1266.0
2454384.52937 19.783 0.208 5.53 1052.0
2454387.58608 19.605 0.152 4.38 1246.0
2454393.52922 19.908 0.180 4.11 1265.0
2454394.54456 19.448 0.143 4.59 1366.0
2454395.51598 19.447 0.145 4.38 1337.0
2454397.53227 19.220 0.118 4.45 1588.0
2454398.53721 19.374 0.134 4.33 1555.0
2454399.52987 19.638 0.199 5.12 1498.0
2454400.53194 19.464 0.183 5.45 1737.0
2454402.54837 19.755 0.245 6.09 1274.0
2454403.54741 19.836 0.257 5.62 1321.0
2454408.53819 19.453 0.175 5.72 1367.0
2454507.85354 19.304 0.146 6.18 1097.0
2454510.85891 19.608 0.161 5.50 1054.0
2454519.88012 19.593 0.128 4.44 1005.0
2454524.80991 19.767 0.190 5.09 1269.0
2454530.81751 19.844 0.147 3.99 974.0
2454533.85111 19.445 0.128 5.35 918.0
2454535.83536 19.167 0.121 6.28 926.0
2454536.89378 19.365 0.108 4.96 871.0
2454537.87943 19.513 0.101 4.28 767.0
2454538.81454 19.480 0.134 5.25 972.0
2454539.85261 19.853 0.171 5.10 827.0
2454540.79876 19.755 0.129 3.84 959.0
2454541.79148 19.646 0.124 4.45 854.0
2454542.78618 19.920 0.213 5.68 938.0
2454543.78170 19.576 0.134 4.79 972.0
2454544.77861 19.674 0.164 4.86 1115.0
2454545.78492 19.986 0.208 4.70 1114.0
2454546.79206 19.533 0.130 4.05 1119.0
2454547.78601 19.466 0.119 4.09 1203.0
2454548.79700 19.458 0.161 6.00 1177.0
2454550.74003 19.572 0.176 5.95 1167.0
2454551.76322 19.631 0.139 4.20 1130.0
2454552.75915 19.201 0.184 5.27 2884.0
2454556.75525 19.463 0.101 4.34 815.0
2454557.77249 19.474 0.112 4.70 831.0
2454558.74944 19.431 0.104 4.77 823.0
2454558.91923 19.602 0.139 4.00 1267.0
2454559.74734 19.652 0.123 4.53 757.0
2454560.74745 19.530 0.113 4.77 735.0
2454561.73752 19.598 0.126 4.72 855.0
2454561.92370 19.526 0.151 3.98 1792.0
2454564.72770 19.725 0.146 5.11 800.0
2454564.92819 19.669 0.194 5.53 1384.0
2454565.72580 19.614 0.104 4.07 794.0
2454565.91663 19.586 0.101 4.07 822.0
2454566.72526 19.471 0.102 4.20 802.0
2454566.92246 19.343 0.100 4.25 1121.0
2454567.71824 19.777 0.154 4.83 888.0
2454567.92413 19.658 0.156 4.34 1373.0
2454568.72687 19.543 0.135 5.14 896.0
2454569.73595 19.555 0.140 5.45 836.0
2454570.72660 19.454 0.138 5.66 920.0
2454571.72121 19.959 0.245 6.10 957.0
2454571.90979 19.644 0.127 4.74 827.0
2454572.74871 19.631 0.128 4.67 907.0
2454573.73712 19.379 0.121 5.27 1021.0
2454573.90347 19.464 0.098 4.46 789.0
2454574.73949 19.548 0.141 4.59 1055.0
2454575.74856 19.642 0.149 4.62 1082.0
2454576.75508 19.608 0.129 4.06 1190.0
2454577.83677 19.337 0.113 4.70 1080.0
2454578.80499 19.650 0.163 4.99 1093.0
2454579.86474 19.473 0.184 4.31 2558.0
2454583.73154 19.446 0.141 5.34 1091.0
2454583.91768 19.691 0.137 4.48 947.0
2454585.75524 19.712 0.165 5.40 872.0
2454586.78046 19.743 0.194 6.15 898.0
2454587.76816 19.626 0.158 5.77 885.0
2454587.92672 19.644 0.203 6.28 1076.0
2454588.69068 19.192 0.118 6.48 946.0
2454588.92153 19.535 0.117 4.30 961.0
2454589.67358 19.699 0.153 4.79 921.0
2454589.82898 19.711 0.153 4.83 855.0
2454589.89100 19.359 0.115 4.82 912.0
2454590.69638 19.500 0.137 5.10 1004.0
2454590.89885 19.433 0.107 4.07 1025.0
2454591.70485 19.654 0.144 4.60 1027.0
2454591.82976 19.527 0.117 4.33 956.0
2454591.89686 19.526 0.121 4.13 1048.0
2454592.66348 19.731 0.169 4.63 1238.0
2454592.93109 19.554 0.136 3.95 1429.0
2454593.65262 19.759 0.167 4.98 983.0
2454593.86231 19.656 0.132 4.26 1008.0
2454594.67368 19.678 0.139 4.58 901.0
2454594.86868 19.775 0.169 5.01 1000.0
2454594.93417 19.884 0.204 5.01 1192.0
2454595.66316 19.620 0.134 4.59 906.0
2454595.85756 19.245 0.097 4.99 849.0
2454595.91944 19.838 0.199 5.81 890.0
2454596.65836 19.517 0.138 5.42 899.0
2454597.68282 19.635 0.135 5.03 825.0
2454597.87433 19.572 0.133 4.75 976.0
2454598.65913 19.374 0.085 4.22 745.0
2454598.92778 19.707 0.159 4.81 1055.0
2454599.63157 19.520 0.155 5.60 1032.0
2454599.92213 19.707 0.171 5.29 987.0
2454600.64085 19.672 0.125 4.46 831.0
2454600.84954 19.376 0.102 4.71 923.0
2454601.64640 19.472 0.106 4.07 972.0
2454601.86265 19.303 0.089 4.33 806.0
2454601.92452 19.772 0.158 5.27 838.0
2454602.63905 19.750 0.135 4.23 935.0
2454602.84847 19.564 0.114 4.35 888.0
2454603.76650 19.670 0.148 4.72 942.0
2454606.64031 19.546 0.153 5.09 1416.0
2454606.89541 19.471 0.124 3.89 1467.0
2454610.73649 19.687 0.125 3.73 1079.0
2454610.94368 19.124 0.122 4.32 2150.0
2454611.62583 19.461 0.137 4.91 1079.0
2454611.81668 19.593 0.125 4.27 1059.0
2454612.64720 19.769 0.186 4.79 1239.0
2454615.78893 19.827 0.184 5.25 968.0
2454616.59794 19.428 0.155 6.23 1019.0
2454616.81445 19.608 0.153 5.66 854.0
2454616.88445 19.567 0.144 5.01 1065.0
2454617.66694 19.443 0.109 4.67 854.0
2454618.60970 19.534 0.143 5.56 922.0
2454620.63471 19.304 0.151 6.66 1036.0
2454621.90921 19.649 0.125 3.85 1069.0
2454621.93037 19.523 0.125 4.53 1090.0
2454622.56953 19.142 0.130 6.20 1083.0
2454622.80814 19.861 0.190 5.54 939.0
2454622.91879 19.505 0.203 6.66 1247.0
2454623.63246 19.952 0.256 6.89 852.0
2454624.58721 19.692 0.173 5.38 1065.0
2454624.81137 19.472 0.136 5.40 902.0
2454624.87773 19.613 0.134 4.66 923.0
2454625.60130 19.805 0.207 5.96 924.0
2454625.79168 19.888 0.217 5.60 1002.0
2454625.90763 19.558 0.188 6.30 1069.0
2454626.59981 19.803 0.186 5.66 844.0
2454626.85511 19.720 0.185 5.78 906.0
2454627.56027 19.787 0.182 5.14 1031.0
2454627.83363 19.718 0.110 3.82 758.0
2454627.91682 19.709 0.127 4.28 841.0
2454628.54681 19.536 0.138 4.85 1071.0
2454628.75383 19.548 0.137 5.48 844.0
2454628.81928 19.647 0.159 5.28 869.0
2454628.88916 19.579 0.139 5.11 977.0
2454629.62497 19.596 0.108 3.83 813.0
2454629.82761 19.733 0.162 4.84 1007.0
2454629.90561 19.600 0.132 4.39 984.0
2454630.56090 19.507 0.147 5.10 1072.0
2454630.76674 19.546 0.127 4.79 965.0
2454630.85011 19.701 0.137 4.32 947.0
2454630.91288 19.342 0.131 5.37 1097.0
2454631.56231 19.358 0.090 3.86 1019.0
2454631.77805 19.601 0.112 4.25 864.0
2454631.86472 19.819 0.161 4.33 1092.0
2454632.56608 19.651 0.130 3.96 1134.0
2454632.85283 19.784 0.167 4.42 1205.0
2454633.56608 19.715 0.142 3.96 1189.0
2454633.67758 19.560 0.115 4.12 1007.0
2454633.79335 19.818 0.157 4.05 1117.0
2454638.75111 19.477 0.143 5.33 1086.0
2454638.86133 19.630 0.189 4.46 1936.0
2454639.57367 19.624 0.161 4.71 1260.0
2454639.67146 19.621 0.142 4.12 1306.0
2454640.59319 19.326 0.097 4.36 937.0
2454640.72536 19.938 0.197 5.65 870.0
2454640.83037 19.762 0.182 5.47 1024.0
2454641.66718 19.730 0.149 4.68 909.0
2454641.77714 19.310 0.113 5.09 964.0
2454642.59107 19.855 0.154 4.24 940.0
2454642.75361 19.464 0.130 5.41 842.0
2454642.82866 19.480 0.130 4.88 1017.0
2454643.54888 19.424 0.135 5.66 923.0
2454644.59625 19.438 0.159 6.44 916.0
2454644.85522 19.589 0.130 4.75 901.0
2454645.51932 19.446 0.153 5.33 1315.0
2454645.76778 19.540 0.139 4.95 962.0
2454645.84250 19.268 0.122 5.08 1167.0
2454646.51734 19.573 0.134 4.37 1137.0
2454646.84974 19.722 0.163 4.61 1141.0
2454647.51371 19.453 0.146 4.59 1413.0
2454647.73676 19.691 0.172 5.09 1013.0
2454647.84780 19.414 0.144 5.60 1139.0
2454648.49689 19.332 0.125 4.57 1262.0
2454648.71052 19.650 0.153 5.18 880.0
2454648.81438 19.425 0.132 5.69 958.0
2454649.52297 19.581 0.180 5.84 1129.0
2454649.73167 19.642 0.112 3.76 813.0
2454650.50894 19.552 0.159 5.07 1263.0
2454650.77288 19.502 0.118 4.53 844.0
2454650.86657 19.440 0.136 5.12 1139.0
2454651.51229 19.390 0.179 6.17 1265.0
2454651.80745 19.239 0.116 5.18 1052.0
2454652.50335 19.507 0.148 4.95 1208.0
2454652.71647 19.576 0.126 4.72 875.0
2454652.79138 19.651 0.146 5.07 923.0
2454652.84111 19.839 0.209 5.70 1086.0
2454653.49969 19.642 0.204 5.93 1229.0
2454653.71888 19.625 0.143 4.77 975.0
2454653.78407 19.624 0.160 5.31 1016.0
2454654.53850 19.696 0.165 5.27 990.0
2454654.74997 19.868 0.186 5.21 892.0
2454654.81506 19.410 0.186 6.78 1196.0
2454655.49954 19.604 0.196 5.69 1373.0
2454655.72405 19.711 0.120 4.16 777.0
2454655.78584 19.648 0.143 4.92 939.0
2454656.50153 19.718 0.127 3.83 957.0
2454656.69127 19.553 0.140 4.66 1056.0
2454656.81051 19.704 0.196 5.10 1379.0
2454657.72648 19.777 0.200 5.94 893.0
2454658.65986 19.765 0.162 4.72 947.0
2454659.59398 19.917 0.260 6.25 961.0
2454660.61229 19.641 0.154 5.11 1010.0
2454661.48957 19.464 0.147 4.88 1467.0
2454661.69025 19.558 0.150 4.77 1149.0
2454661.75174 19.564 0.141 4.24 1228.0
2454661.81894 19.524 0.158 4.95 1422.0
2454666.56248 19.686 0.159 4.40 1335.0
2454666.70555 19.684 0.163 4.64 1216.0
2454666.74769 19.421 0.135 4.82 1261.0
2454670.64716 19.447 0.142 5.82 890.0
2454671.58268 19.701 0.125 4.47 735.0
2454672.50818 19.707 0.126 3.93 945.0
2454672.70066 19.656 0.129 4.11 965.0
2454672.72293 19.443 0.126 4.91 952.0
2454674.51128 19.903 0.222 5.82 939.0
2454674.70441 19.746 0.156 4.70 889.0
2454675.67876 19.348 0.103 4.74 925.0
2454677.48789 19.492 0.122 4.47 1032.0
2454677.63431 19.540 0.141 5.45 852.0
2454677.77679 19.224 0.101 5.26 912.0
2454678.69129 19.426 0.109 4.85 768.0
2454679.49351 19.567 0.185 6.65 944.0
2454681.52929 19.676 0.156 5.70 850.0
2454681.62931 19.677 0.157 5.84 788.0
2454681.76152 19.938 0.188 4.54 1017.0
2454682.50029 19.440 0.111 4.34 968.0
2454682.65762 19.723 0.138 4.48 788.0
2454682.75285 19.395 0.106 4.60 903.0
2454683.51883 19.400 0.144 5.49 1102.0
2454683.70573 19.607 0.171 6.18 831.0
2454684.51138 19.483 0.126 4.42 1120.0
2454684.72506 19.553 0.108 4.14 816.0
2454685.49630 19.697 0.201 5.82 1058.0
2454685.73128 19.557 0.138 5.29 979.0
2454686.50006 19.479 0.120 4.18 1020.0
2454687.48384 19.593 0.142 4.62 998.0
2454687.73934 19.731 0.160 4.88 1028.0
2454688.49677 19.731 0.182 5.06 1078.0
2454688.68660 19.501 0.119 4.60 875.0
2454688.74841 19.712 0.179 5.40 1052.0
2454693.54434 19.716 0.135 3.89 1151.0
2454694.53961 19.301 0.153 6.25 1126.0
2454697.50023 19.487 0.115 4.67 886.0
2454698.50576 19.672 0.122 4.14 836.0
2454699.50193 19.418 0.120 4.90 956.0
2454700.50819 19.383 0.107 4.69 912.0
2454701.50347 19.529 0.128 4.66 966.0
2454702.50197 19.668 0.125 4.14 920.0
2454703.57249 19.786 0.169 5.23 893.0
2454704.64223 19.493 0.107 4.56 824.0
2454705.50567 19.398 0.102 4.25 934.0
2454707.63600 19.476 0.107 4.63 798.0
2454708.53888 19.938 0.246 6.86 902.0
2454709.51499 19.508 0.160 5.84 979.0
2454710.54461 19.537 0.139 5.08 935.0
2454715.58394 19.572 0.185 6.38 1002.0
2454715.60096 19.898 0.243 6.08 1030.0
2454716.48542 19.813 0.152 3.81 1213.0
2454716.58634 19.260 0.128 4.65 1660.0
2454720.55350 19.689 0.176 5.00 1192.0
2454722.51759 19.480 0.137 4.98 1117.0
2454724.54495 19.727 0.182 4.78 1210.0
2454724.58350 19.514 0.166 5.36 1287.0
2454724.61978 19.315 0.143 5.46 1369.0
2454724.65368 19.698 0.224 5.41 1592.0
2454726.54711 19.059 0.124 6.17 1079.0
2454728.59223 19.501 0.169 6.10 982.0
2454729.54772 19.713 0.219 6.99 920.0
2454730.56408 19.839 0.160 4.42 895.0
2454731.57097 19.423 0.123 5.02 870.0
2454733.52266 19.676 0.153 4.87 876.0
2454737.54294 19.359 0.131 5.92 866.0
2454740.55345 19.213 0.115 5.38 966.0
2454741.56114 19.859 0.176 4.90 972.0
2454743.53609 19.710 0.173 5.00 973.0
2454753.54700 19.284 0.131 5.45 1222.0
2454756.52584 19.492 0.156 5.16 1119.0
2454758.50867 19.490 0.162 5.18 1232.0
2454868.87897 19.700 0.157 4.80 1095.0
2454869.86286 19.476 0.131 4.79 1069.0
2454873.85169 19.484 0.142 4.65 1297.0
2454874.84617 19.665 0.199 5.61 1310.0
2454877.84599 19.459 0.114 4.11 1052.0
2454884.85353 19.573 0.136 5.05 1071.0
2454890.88158 19.415 0.111 4.98 847.0
2454896.86981 19.402 0.097 3.94 852.0
2454899.84073 19.173 0.096 4.59 1041.0
2454900.88216 19.197 0.091 4.40 1008.0
2454901.88058 19.059 0.078 4.69 1009.0
2454902.87927 19.141 0.080 4.11 982.0
2454904.80337 18.867 0.069 4.41 1058.0
2454905.90735 18.782 0.075 4.82 1207.0
2454910.80926 18.425 0.054 4.11 1646.0
2454911.77987 18.577 0.042 4.20 757.0
2454912.77680 18.557 0.040 3.86 781.0
2454914.79386 18.937 0.065 4.66 748.0
2454917.75492 19.050 0.066 3.97 848.0
2454920.73509 19.242 0.084 4.49 773.0
2454924.77614 19.546 0.111 4.13 875.0
2454925.81607 19.444 0.100 4.38 890.0
2454925.90313 19.502 0.097 4.31 841.0
2454927.71579 19.170 0.113 5.49 1141.0
2454927.87026 19.621 0.162 5.88 921.0
2454928.73225 19.670 0.159 5.06 1001.0
2454929.78851 19.467 0.123 5.09 998.0
2454930.70301 19.388 0.129 4.37 1389.0
2454930.82195 19.808 0.186 4.94 1151.0
2454931.71785 19.837 0.206 4.56 1364.0
2454931.86352 19.505 0.137 5.30 1082.0
2454932.72090 19.403 0.109 3.85 1244.0
2454932.82156 19.568 0.119 4.45 1068.0
2454933.76923 19.374 0.133 5.03 1193.0
2454934.76763 19.391 0.179 5.58 1643.0
2454934.87248 19.360 0.178 5.17 2086.0
2454938.67822 19.787 0.179 4.55 1204.0
2454938.88288 19.547 0.147 5.81 982.0
2454939.69714 19.355 0.117 5.42 929.0
2454940.69714 19.561 0.130 4.74 894.0
2454941.67590 19.528 0.158 5.95 1003.0
2454941.77390 19.429 0.125 6.15 855.0
2454942.71367 19.652 0.117 3.85 851.0
2454943.66772 19.661 0.123 3.70 890.0
2454943.80722 19.791 0.158 5.33 821.0
2454944.66453 19.580 0.119 4.05 938.0
2454944.81997 19.317 0.090 4.83 811.0
2454945.71300 19.543 0.112 4.16 864.0
2454945.76944 19.437 0.102 4.68 830.0
2454946.66265 19.815 0.168 4.90 889.0
2454947.65632 19.526 0.114 4.52 845.0
2454947.85427 19.489 0.102 4.30 917.0
2454948.83688 19.610 0.107 4.47 759.0
2454951.64502 19.689 0.162 4.92 1013.0
2454952.64326 19.633 0.155 5.54 877.0
2454953.63690 19.809 0.177 4.88 1032.0
2454953.81147 19.572 0.133 4.92 916.0
2454954.63843 19.609 0.150 4.81 963.0
2454954.83130 19.349 0.102 4.67 808.0
2454955.63914 19.419 0.140 5.10 1083.0
2454955.77250 19.733 0.183 6.02 822.0
