2452125.67797 13.207 0.001 5.74 1508.0
2452129.73066 13.201 0.001 4.10 1076.0
2452132.67366 13.198 0.001 4.72 1067.0
2452136.57709 13.203 0.001 5.82 1002.0
2452141.59222 13.214 0.001 4.16 960.0
2452144.67555 13.212 0.001 4.48 911.0
2452160.63158 13.210 0.001 5.41 1218.0
2452170.57250 13.199 0.001 4.64 1049.0
2452178.58328 13.201 0.002 6.78 2453.0
2452188.53240 13.222 0.002 7.58 1109.0
2452211.53652 13.214 0.001 6.31 1724.0
2452333.87310 13.206 0.001 4.24 1384.0
2452344.83443 13.204 0.001 4.31 1184.0
2452355.88525 13.200 0.001 4.16 1033.0
2452364.87688 13.193 0.001 4.84 1244.0
2452372.88866 13.205 0.001 4.73 1134.0
2452388.82277 13.209 0.001 4.30 1130.0
2452390.86077 13.218 0.001 4.59 1393.0
2452393.85495 13.209 0.002 4.77 4331.0
2452400.80224 13.206 0.001 4.62 1115.0
2452402.90893 13.208 0.001 4.67 1342.0
2452406.85173 13.211 0.001 5.07 1128.0
2452414.87438 13.197 0.001 5.20 1088.0
2452416.88999 13.207 0.002 5.51 1284.0
2452424.74861 13.212 0.001 3.84 2044.0
2452428.73383 13.214 0.001 4.19 1000.0
2452432.88536 13.219 0.002 6.45 1498.0
2452434.77338 13.216 0.001 4.03 1123.0
2452436.82132 13.219 0.001 4.39 1197.0
2452438.79499 13.208 0.001 4.39 1089.0
2452441.75730 13.211 0.001 4.76 991.0
2452445.67417 13.208 0.001 4.38 1007.0
2452448.69420 13.202 0.001 3.58 1595.0
2452454.79065 13.208 0.001 3.67 3386.0
2452459.68581 13.209 0.001 4.85 683.0
2452460.70387 13.211 0.001 5.71 1069.0
2452463.58512 13.203 0.001 3.63 1031.0
2452466.60490 13.202 0.001 4.11 958.0
2452468.73120 13.219 0.001 3.53 944.0
2452470.71494 13.214 0.001 4.05 939.0
2452472.74535 13.211 0.001 4.41 971.0
2452481.60173 13.206 0.002 6.12 1171.0
2452484.66504 13.212 0.001 5.35 1002.0
2452486.75774 13.212 0.002 7.28 1260.0
2452490.74094 13.210 0.002 7.52 1154.0
2452493.68564 13.218 0.001 6.15 999.0
2452496.53168 13.210 0.001 3.94 984.0
2452500.59574 13.204 0.001 3.64 1100.0
2452502.60935 13.203 0.001 4.20 1113.0
2452508.70756 13.204 0.001 5.35 1622.0
2452512.65704 13.212 0.001 4.89 2587.0
2452517.55846 13.208 0.001 5.57 1106.0
2452520.62593 13.206 0.001 4.52 1000.0
2452529.49178 13.211 0.001 5.07 1332.0
2452538.54343 13.213 0.001 4.41 1315.0
2452542.57120 13.190 0.001 4.11 1199.0
2452548.49971 13.198 0.002 6.18 1209.0
2452552.53602 13.198 0.001 5.59 1282.0
2452557.50120 13.196 0.001 4.83 1159.0
2452564.52261 13.195 0.001 4.20 1598.0
2452708.85013 13.205 0.001 3.69 920.0
2452719.85581 13.202 0.001 4.63 1422.0
2452729.87783 13.207 0.002 5.33 1170.0
2452747.74141 13.202 0.002 6.48 1645.0
2452753.92643 13.207 0.002 5.64 1387.0
2452757.85255 13.193 0.001 5.25 1339.0
2452761.90136 13.201 0.001 4.95 1185.0
2452767.84833 13.199 0.002 5.94 1344.0
2452775.76517 13.203 0.002 5.77 1857.0
2452782.68652 13.203 0.002 6.67 1096.0
2452782.70091 13.200 0.001 5.66 1071.0
2452784.60917 13.190 0.001 4.13 1091.0
2452786.82718 13.191 0.001 4.78 1266.0
2452788.63909 13.193 0.001 3.84 1253.0
2452790.74352 13.199 0.001 4.43 994.0
2452793.65701 13.206 0.001 6.77 768.0
2452793.85327 13.204 0.001 5.84 1146.0
2452793.86462 13.199 0.001 5.45 1159.0
2452793.88164 13.205 0.001 5.85 1147.0
2452793.88526 13.198 0.001 4.54 1152.0
2452793.89568 13.198 0.001 5.02 1153.0
2452793.90492 13.197 0.001 4.74 1193.0
2452793.91355 13.203 0.001 5.23 1177.0
2452793.92231 13.203 0.001 6.32 1192.0
2452793.93144 13.201 0.001 5.37 1247.0
2452793.93766 13.198 0.001 5.96 1351.0
2452793.94371 13.204 0.002 7.80 1556.0
2452793.95112 13.208 0.002 6.78 2817.0
2452794.54063 13.198 0.002 6.56 1565.0
2452794.56035 13.214 0.002 7.91 1460.0
2452794.57162 13.207 0.002 8.45 1378.0
2452794.58339 13.200 0.002 6.09 1280.0
2452794.59339 13.201 0.002 6.11 1304.0
2452794.60212 13.195 0.002 6.02 1284.0
2452794.61049 13.196 0.002 6.77 1298.0
2452794.63441 13.195 0.001 5.43 1142.0
2452794.70248 13.194 0.001 6.12 1013.0
2452794.76567 13.192 0.001 6.42 1050.0
2452794.93062 13.198 0.001 5.39 1383.0
2452795.63111 13.195 0.001 4.63 869.0
2452795.66892 13.199 0.001 4.39 886.0
2452795.72439 13.199 0.001 5.48 1010.0
2452796.55591 13.194 0.001 3.88 1147.0
2452796.68089 13.207 0.001 3.92 953.0
2452796.79845 13.196 0.001 4.69 989.0
2452796.82250 13.198 0.001 4.28 988.0
2452796.85330 13.204 0.001 3.89 998.0
2452796.86727 13.197 0.001 3.86 1052.0
2452796.87462 13.196 0.001 4.53 1082.0
2452796.88057 13.196 0.001 4.38 1127.0
2452796.88671 13.196 0.001 4.03 1139.0
2452796.89283 13.196 0.001 4.46 1145.0
2452796.90221 13.199 0.001 4.47 1163.0
2452796.91151 13.197 0.001 4.50 1205.0
2452796.92039 13.193 0.001 4.19 1199.0
2452796.94036 13.197 0.001 4.85 1359.0
2452797.56578 13.197 0.001 4.25 1269.0
2452797.84594 13.198 0.001 3.73 1009.0
2452802.57117 13.206 0.002 6.02 1579.0
2452802.73544 13.204 0.002 5.55 1385.0
2452808.79693 13.202 0.002 5.29 1398.0
2452809.75800 13.205 0.001 5.12 1258.0
2452811.68512 13.212 0.001 5.55 1116.0
2452812.81444 13.206 0.002 5.67 1171.0
2452813.85823 13.197 0.001 4.21 1162.0
2452815.83887 13.199 0.001 4.02 1181.0
2452816.85986 13.200 0.001 4.23 1327.0
2452818.62954 13.210 0.001 4.75 1044.0
2452819.80605 13.210 0.001 4.04 1228.0
2452821.69191 13.209 0.001 4.29 1147.0
2452826.79831 13.212 0.002 7.92 1073.0
2452835.67732 13.202 0.001 4.65 1365.0
2452837.68506 13.206 0.001 5.42 2265.0
2452838.82081 13.207 0.002 6.55 1564.0
2452840.73813 13.201 0.001 5.08 1247.0
2452843.68941 13.203 0.001 5.10 1052.0
2452845.68677 13.203 0.001 4.77 1058.0
2452846.50841 13.218 0.002 7.93 1271.0
2452850.57566 13.208 0.001 3.99 1154.0
2452852.58341 13.211 0.002 7.51 1232.0
2452854.58785 13.205 0.001 5.02 1060.0
2452857.49810 13.207 0.001 5.00 1196.0
2452858.71046 13.208 0.001 4.71 1461.0
2452859.57095 13.206 0.001 4.58 2685.0
2452862.65755 13.202 0.002 5.90 1434.0
2452866.60703 13.201 0.001 5.33 1247.0
2452868.70887 13.205 0.001 4.15 1218.0
2452871.62714 13.199 0.001 3.96 1103.0
2452877.52907 13.207 0.001 5.38 1095.0
2452883.62372 13.198 0.001 4.73 1016.0
2452892.55004 13.202 0.001 5.38 1280.0
2452895.61565 13.200 0.001 4.19 1161.0
2452900.62732 13.199 0.001 5.02 1175.0
2452905.62644 13.204 0.001 5.70 1210.0
2452909.63576 13.204 0.001 5.73 975.0
2452920.55069 13.217 0.002 6.45 1629.0
2452931.54751 13.217 0.001 3.76 1143.0
2453052.85736 13.205 0.001 3.84 1132.0
2453059.83029 13.185 0.001 4.41 1044.0
2453064.84717 13.205 0.001 5.49 1265.0
2453068.80096 13.190 0.001 5.38 1311.0
2453070.87962 13.202 0.001 4.57 1145.0
2453073.83570 13.204 0.001 3.72 1149.0
2453075.87380 13.222 0.001 3.79 1142.0
2453080.77802 13.201 0.001 4.33 1128.0
2453082.90585 13.196 0.001 4.90 921.0
2453085.83628 13.205 0.001 4.69 856.0
2453086.91091 13.215 0.001 5.06 1017.0
2453088.82891 13.209 0.001 4.04 848.0
2453090.74198 13.200 0.001 3.63 899.0
2453096.89717 13.201 0.001 7.21 981.0
2453099.79287 13.209 0.001 4.55 1017.0
2453101.76911 13.209 0.001 5.15 1223.0
2453103.80208 13.196 0.001 3.62 1172.0
2453104.86073 13.204 0.002 4.40 8268.0
2453106.87399 13.201 0.001 4.31 1695.0
2453108.79451 13.216 0.001 3.73 948.0
2453109.85340 13.218 0.001 4.82 939.0
2453110.85983 13.211 0.001 5.31 1018.0
2453112.84512 13.203 0.001 5.28 808.0
2453114.80974 13.204 0.001 4.43 894.0
2453116.89782 13.207 0.001 5.25 949.0
2453122.93574 13.206 0.001 5.97 2070.0
2453125.90022 13.211 0.001 6.13 1031.0
2453127.84443 13.217 0.001 5.07 1218.0
2453128.84634 13.197 0.001 5.01 1264.0
2453130.72683 13.209 0.001 4.19 1409.0
2453131.69331 13.205 0.001 4.04 1510.0
2453135.92492 13.200 0.001 4.74 1014.0
2453138.67921 13.197 0.001 4.95 973.0
2453139.90441 13.189 0.001 4.83 1013.0
2453140.90862 13.201 0.001 5.19 928.0
2453142.79302 13.201 0.001 4.59 964.0
2453144.81301 13.203 0.001 4.78 872.0
2453146.84633 13.202 0.001 5.69 866.0
2453151.77591 13.194 0.001 6.15 879.0
2453151.93363 13.200 0.001 5.48 1120.0
2453152.78153 13.208 0.001 4.55 956.0
2453153.78422 13.199 0.001 6.17 982.0
2453154.86971 13.201 0.001 5.92 989.0
2453156.88927 13.199 0.001 4.91 1095.0
2453162.59910 13.204 0.001 4.93 1280.0
2453163.78007 13.213 0.001 4.78 1051.0
2453164.76230 13.198 0.001 5.45 944.0
2453164.89530 13.212 0.001 6.31 1095.0
2453165.73589 13.212 0.001 4.33 869.0
2453167.62226 13.210 0.002 7.58 980.0
2453167.80001 13.211 0.001 5.83 938.0
2453167.86256 13.199 0.001 5.34 912.0
2453168.53038 13.206 0.001 6.60 1065.0
2453168.58428 13.200 0.001 4.35 874.0
2453168.69466 13.210 0.001 5.88 827.0
2453168.79118 13.210 0.001 5.37 940.0
2453168.91914 13.201 0.001 4.56 1262.0
2453169.52892 13.205 0.001 4.20 1051.0
2453169.58627 13.207 0.001 3.57 964.0
2453169.68699 13.212 0.001 4.20 933.0
2453169.79938 13.206 0.001 5.18 968.0
2453169.89546 13.209 0.001 4.90 1168.0
2453170.58519 13.204 0.001 4.26 684.0
2453170.75965 13.217 0.001 4.51 838.0
2453170.83703 13.206 0.001 3.68 870.0
2453170.89729 13.211 0.001 4.83 1036.0
2453171.53108 13.214 0.001 4.15 967.0
2453171.63617 13.219 0.001 4.34 828.0
2453171.73992 13.235 0.001 4.07 893.0
2453171.83782 13.211 0.001 3.99 879.0
2453172.53038 13.216 0.001 4.65 924.0
2453172.73676 13.200 0.001 4.31 767.0
2453173.75752 13.212 0.001 5.81 934.0
2453173.87723 13.216 0.001 6.91 1096.0
2453174.50977 13.220 0.001 4.82 1196.0
2453174.73602 13.213 0.001 4.18 835.0
2453174.83742 13.215 0.001 4.02 1030.0
2453175.53852 13.206 0.001 5.23 1055.0
2453175.74480 13.203 0.001 4.97 962.0
2453176.53304 13.205 0.001 6.88 1231.0
2453176.69016 13.205 0.001 6.27 839.0
2453177.69308 13.210 0.002 8.40 994.0
2453177.78526 13.207 0.001 7.80 991.0
2453178.54950 13.202 0.001 5.43 1006.0
2453179.53001 13.198 0.001 4.36 967.0
2453179.90925 13.197 0.001 5.08 1149.0
2453180.75101 13.197 0.001 4.56 775.0
2453182.81168 13.201 0.001 4.62 940.0
2453183.76662 13.204 0.001 5.38 880.0
2453184.72776 13.218 0.001 4.46 868.0
2453185.73121 13.200 0.001 4.66 1065.0
2453193.56263 13.209 0.001 4.74 874.0
2453194.57425 13.209 0.001 5.27 1241.0
2453195.70581 13.215 0.001 4.34 855.0
2453195.82635 13.216 0.001 4.25 966.0
2453196.62725 13.213 0.001 4.02 986.0
2453197.55200 13.205 0.001 4.71 942.0
2453197.85541 13.212 0.001 6.87 1361.0
2453199.64984 13.201 0.001 4.80 727.0
2453202.54347 13.201 0.001 5.34 878.0
2453203.68854 13.207 0.001 4.18 787.0
2453204.67946 13.206 0.001 4.67 754.0
2453205.53831 13.211 0.001 4.58 786.0
2453206.74368 13.219 0.001 4.71 845.0
2453209.66366 13.208 0.001 5.76 806.0
2453210.66372 13.211 0.001 3.75 881.0
2453211.63416 13.204 0.001 5.93 779.0
2453217.67837 13.212 0.001 4.17 1278.0
2453218.67669 13.217 0.001 5.39 1279.0
2453219.64184 13.216 0.001 5.81 1008.0
2453223.67791 13.213 0.001 6.44 961.0
2453224.72595 13.201 0.001 4.60 1056.0
2453226.64961 13.206 0.001 6.83 797.0
2453228.62716 13.198 0.001 5.33 793.0
2453229.65966 13.195 0.001 4.41 775.0
2453230.69314 13.207 0.001 4.82 842.0
2453231.59715 13.203 0.001 5.06 906.0
2453232.63360 13.211 0.001 6.57 808.0
2453238.64543 13.215 0.001 6.26 906.0
2453240.49759 13.210 0.001 4.48 1007.0
2453245.58146 13.203 0.001 5.29 2371.0
2453246.68715 13.201 0.001 5.86 1199.0
2453247.60629 13.193 0.001 5.42 1084.0
2453249.55381 13.200 0.001 5.04 942.0
2453250.68477 13.204 0.001 5.40 1332.0
2453256.66404 13.204 0.001 5.64 942.0
2453260.57380 13.206 0.001 5.12 871.0
2453265.50420 13.203 0.001 6.21 975.0
2453267.55787 13.212 0.001 5.28 1074.0
2453272.61583 13.206 0.001 5.78 980.0
2453275.51119 13.203 0.001 5.90 3895.0
2453279.54675 13.204 0.001 5.74 985.0
2453282.50523 13.222 0.001 4.40 958.0
2453288.57159 13.205 0.001 5.00 632.0
2453293.54218 13.196 0.001 5.63 395.0
2453295.55071 13.188 0.001 4.85 480.0
2453300.53601 13.197 0.001 5.46 1346.0
2453305.55791 13.211 0.001 5.36 1501.0
2453308.53321 13.207 0.001 6.20 1428.0
2453315.50481 13.210 0.001 6.17 1491.0
2453417.88062 13.222 0.001 3.44 789.0
2453422.89757 13.211 0.001 3.91 1231.0
2453426.88870 13.226 0.001 3.98 988.0
2453429.87368 13.213 0.001 4.04 996.0
2453436.83177 13.223 0.001 6.63 898.0
2453442.91652 13.208 0.001 4.67 2081.0
2453445.82954 13.215 0.001 3.63 811.0
2453447.87988 13.207 0.001 4.11 898.0
2453449.89681 13.200 0.001 4.25 826.0
2453452.91396 13.215 0.001 3.91 1058.0
2453453.78580 13.216 0.001 4.45 1296.0
2453455.85643 13.207 0.001 5.66 1185.0
2453456.86750 13.212 0.001 3.86 1038.0
2453457.78516 13.197 0.001 3.90 1033.0
2453458.82874 13.202 0.001 4.11 1074.0
2453459.80331 13.198 0.001 4.49 1151.0
2453469.81574 13.193 0.001 3.61 792.0
2453470.85595 13.207 0.001 3.77 800.0
2453472.78715 13.210 0.001 3.71 840.0
2453473.88213 13.208 0.001 5.31 861.0
2453474.85452 13.211 0.001 4.93 825.0
2453475.91833 13.215 0.001 3.68 870.0
2453477.79107 13.209 0.001 4.52 865.0
2453480.85733 13.210 0.001 5.20 790.0
2453481.86136 13.206 0.001 3.74 845.0
2453483.80162 13.213 0.001 3.56 1004.0
2453496.75548 13.212 0.001 4.61 1003.0
2453497.82447 13.208 0.001 5.36 961.0
2453499.75191 13.216 0.001 4.11 816.0
2453500.75649 13.215 0.001 4.55 900.0
2453501.87006 13.213 0.001 4.48 921.0
2453502.70499 13.218 0.001 3.67 901.0
2453503.71564 13.214 0.001 4.08 768.0
2453504.73003 13.208 0.001 5.74 722.0
2453506.83502 13.209 0.001 6.42 895.0
2453508.81220 13.207 0.001 5.34 915.0
2453509.71528 13.210 0.001 4.67 822.0
2453511.70196 13.214 0.001 4.90 965.0
2453512.77092 13.210 0.001 4.53 1179.0
2453517.81137 13.200 0.001 4.48 1227.0
2453520.84654 13.215 0.001 4.51 1005.0
2453521.66574 13.220 0.001 4.25 749.0
2453522.77593 13.216 0.001 4.49 860.0
2453523.81065 13.223 0.001 4.42 859.0
2453524.79829 13.215 0.001 4.97 1012.0
2453525.77798 13.212 0.001 4.38 800.0
2453526.86337 13.209 0.001 4.88 890.0
2453528.58195 13.205 0.001 3.76 966.0
2453530.80734 13.214 0.001 3.78 811.0
2453537.77516 13.211 0.001 5.11 758.0
2453538.70466 13.209 0.001 4.05 1001.0
2453540.67860 13.211 0.001 4.00 991.0
2453544.75858 13.218 0.001 4.19 1633.0
2453546.87958 13.215 0.001 5.39 1165.0
2453547.83699 13.222 0.001 5.47 1078.0
2453550.66346 13.212 0.001 3.55 891.0
2453551.66814 13.207 0.001 3.51 823.0
2453552.70026 13.205 0.001 4.80 791.0
2453553.70295 13.206 0.001 6.33 905.0
2453554.69508 13.209 0.001 5.46 856.0
2453555.72922 13.203 0.001 5.06 840.0
2453556.74989 13.211 0.001 5.39 842.0
2453558.58569 13.206 0.001 4.08 872.0
2453559.68159 13.206 0.001 4.43 806.0
2453560.63472 13.211 0.001 3.76 794.0
2453560.72677 13.209 0.001 4.18 806.0
2453560.76311 13.206 0.001 4.35 771.0
2453560.79227 13.211 0.001 3.79 779.0
2453560.81555 13.204 0.001 4.60 835.0
2453560.84105 13.203 0.001 4.97 914.0
2453561.47648 13.202 0.001 5.77 1408.0
2453561.63091 13.202 0.001 3.76 804.0
2453561.75009 13.202 0.001 3.71 785.0
2453561.78009 13.200 0.001 4.14 815.0
2453561.84212 13.197 0.001 4.28 951.0
2453562.45994 13.203 0.001 4.31 2493.0
2453562.52576 13.191 0.001 3.60 880.0
2453562.57649 13.194 0.001 3.95 841.0
2453562.61917 13.192 0.001 4.95 870.0
2453562.68083 13.198 0.001 4.54 821.0
2453562.73188 13.185 0.001 4.19 856.0
2453562.78939 13.202 0.001 4.03 880.0
2453562.84199 13.191 0.001 4.44 1019.0
2453563.47102 13.200 0.001 5.88 1103.0
2453563.58013 13.198 0.001 3.52 823.0
2453563.74665 13.190 0.001 5.06 898.0
2453563.81802 13.195 0.001 5.95 1050.0
2453564.51139 13.204 0.001 6.90 1136.0
2453564.63543 13.201 0.001 4.29 843.0
2453564.78897 13.195 0.001 6.21 814.0
2453565.48809 13.210 0.001 6.46 1242.0
2453568.80493 13.219 0.001 4.88 1099.0
2453569.48661 13.215 0.001 5.21 1794.0
2453569.52491 13.213 0.001 5.05 1931.0
2453573.68951 13.208 0.001 5.26 1106.0
2453573.71648 13.208 0.001 4.84 1168.0
2453574.71748 13.201 0.001 4.30 1060.0
2453575.65635 13.207 0.001 4.30 897.0
2453576.71880 13.208 0.001 5.32 949.0
2453577.76713 13.211 0.001 5.29 817.0
2453578.70378 13.212 0.001 4.20 762.0
2453579.64908 13.206 0.001 4.54 779.0
2453580.68561 13.212 0.001 5.31 825.0
2453581.70199 13.220 0.001 4.38 758.0
2453582.62780 13.222 0.001 4.61 742.0
2453583.66442 13.215 0.001 5.08 772.0
2453584.67316 13.211 0.001 5.01 781.0
2453585.67119 13.208 0.001 4.23 704.0
2453586.70260 13.214 0.001 3.69 795.0
2453588.75367 13.208 0.001 4.97 869.0
2453589.71500 13.203 0.001 5.09 835.0
2453590.71113 13.213 0.001 4.49 880.0
2453592.68385 13.215 0.001 4.20 776.0
2453597.67421 13.214 0.001 4.75 1933.0
2453601.68744 13.212 0.001 4.27 1275.0
2453602.68759 13.214 0.001 4.57 1327.0
2453603.66774 13.216 0.001 4.47 957.0
2453607.66625 13.201 0.001 5.25 811.0
2453608.68220 13.205 0.001 4.66 854.0
2453615.60950 13.202 0.001 4.87 786.0
2453618.61300 13.211 0.001 4.68 968.0
2453620.57623 13.219 0.001 3.97 811.0
2453628.57827 13.216 0.001 4.96 1304.0
2453630.59231 13.211 0.001 4.82 1228.0
2453632.61978 13.217 0.001 6.14 1407.0
2453634.52316 13.205 0.001 4.30 864.0
2453639.53020 13.212 0.001 3.52 907.0
2453641.57573 13.211 0.001 4.94 1126.0
2453644.54054 13.207 0.001 4.54 969.0
2453649.52992 13.207 0.001 4.97 880.0
2453651.58201 13.207 0.001 5.53 1122.0
2453654.56708 13.217 0.001 4.36 2541.0
2453655.54719 13.206 0.001 3.94 1155.0
2453659.54215 13.206 0.001 5.98 1314.0
2453662.54664 13.194 0.001 6.04 1353.0
2453665.51715 13.210 0.001 4.84 1176.0
2453672.51844 13.199 0.001 6.87 1229.0
2453777.85183 13.204 0.001 4.82 1161.0
2453782.88781 13.203 0.001 3.63 1031.0
2453785.84945 13.212 0.001 3.94 1020.0
2453787.87015 13.208 0.001 3.52 1038.0
2453791.84453 13.202 0.001 5.77 1020.0
2453793.88874 13.198 0.001 3.62 982.0
2453795.87297 13.212 0.001 4.16 1014.0
2453796.90541 13.208 0.001 3.97 1237.0
2453798.83631 13.207 0.001 4.00 870.0
2453799.89067 13.200 0.001 4.97 1077.0
2453801.84545 13.192 0.001 4.05 919.0
2453802.87987 13.189 0.001 4.21 874.0
2453804.79308 13.187 0.001 5.16 851.0
2453805.83159 13.193 0.001 4.35 876.0
2453806.82831 13.198 0.001 4.79 925.0
2453807.85252 13.206 0.001 4.21 1021.0
2453808.85616 13.206 0.001 5.13 1026.0
2453809.91305 13.207 0.001 4.00 1778.0
2453810.90911 13.211 0.001 4.03 1267.0
2453811.79967 13.207 0.001 5.47 1011.0
2453812.88061 13.205 0.001 4.60 993.0
2453813.86033 13.197 0.001 4.42 980.0
2453814.85576 13.201 0.001 4.09 960.0
2453818.77342 13.200 0.001 4.14 1042.0
2453819.83706 13.205 0.001 3.63 765.0
2453820.80110 13.199 0.001 3.62 741.0
2453821.80427 13.207 0.001 4.22 780.0
2453822.84794 13.200 0.001 3.98 850.0
2453823.80893 13.200 0.001 3.53 773.0
2453824.79537 13.202 0.001 5.21 915.0
2453824.80287 13.203 0.001 5.40 896.0
2453825.83496 13.200 0.001 4.34 824.0
2453826.79467 13.206 0.001 4.54 812.0
2453827.83511 13.199 0.001 3.65 712.0
2453828.81518 13.202 0.001 4.16 782.0
2453829.74300 13.202 0.001 4.41 822.0
2453830.77155 13.205 0.001 3.55 863.0
2453832.77489 13.207 0.001 3.98 768.0
2453833.80217 13.210 0.001 3.36 730.0
2453834.77411 13.205 0.001 3.63 828.0
2453835.76281 13.208 0.001 4.02 885.0
2453836.72425 13.206 0.001 4.55 1057.0
2453837.76489 13.211 0.001 4.50 967.0
2453838.77283 13.209 0.001 5.58 1012.0
2453838.89023 13.208 0.001 4.22 947.0
2453839.76876 13.206 0.001 4.24 1104.0
2453840.77190 13.207 0.001 4.01 1066.0
2453841.72710 13.202 0.001 4.58 1108.0
2453841.87704 13.201 0.001 3.79 1198.0
2453842.71872 13.204 0.001 4.29 2690.0
2453845.74861 13.210 0.001 5.31 3012.0
2453846.75947 13.199 0.001 3.94 790.0
2453846.88820 13.206 0.001 3.96 907.0
2453847.83256 13.201 0.001 4.87 906.0
2453848.78260 13.198 0.001 5.39 803.0
2453848.90576 13.201 0.001 5.22 917.0
2453849.78014 13.201 0.001 4.08 840.0
2453850.72529 13.192 0.001 4.24 826.0
2453850.89816 13.192 0.001 5.21 990.0
2453851.73892 13.190 0.001 4.06 805.0
2453851.90369 13.191 0.001 4.98 865.0
2453852.72746 13.193 0.001 4.64 839.0
2453852.85128 13.190 0.001 4.21 826.0
2453852.93295 13.197 0.001 6.39 1651.0
2453853.72018 13.195 0.001 3.24 712.0
2453853.88435 13.197 0.001 3.88 795.0
2453856.70840 13.201 0.001 3.64 929.0
2453856.89647 13.198 0.001 4.14 892.0
2453858.74528 13.209 0.001 4.55 738.0
2453859.86541 13.211 0.001 5.45 864.0
2453860.70070 13.210 0.001 4.71 753.0
2453861.69813 13.206 0.001 4.42 890.0
2453861.80224 13.207 0.001 3.82 788.0
2453861.90115 13.215 0.001 4.32 902.0
2453862.67995 13.205 0.001 4.14 947.0
2453862.89471 13.208 0.001 5.07 1061.0
2453863.69281 13.201 0.001 3.62 916.0
2453863.83658 13.202 0.001 3.93 794.0
2453863.91271 13.202 0.001 3.64 830.0
2453864.70959 13.194 0.001 3.61 868.0
2453864.89580 13.199 0.001 4.05 819.0
2453865.66950 13.194 0.001 4.01 1013.0
2453865.80519 13.201 0.001 4.08 873.0
2453865.88377 13.198 0.001 4.89 850.0
2453866.64256 13.201 0.001 3.96 1078.0
2453866.71506 13.198 0.001 3.41 870.0
2453866.85455 13.198 0.001 4.24 870.0
2453866.92891 13.208 0.001 3.34 896.0
2453867.66099 13.200 0.001 3.79 1158.0
2453867.84643 13.196 0.001 4.24 1142.0
2453867.91666 13.204 0.001 3.65 1151.0
2453868.66877 13.203 0.001 4.33 1392.0
2453868.70615 13.198 0.001 3.79 1301.0
2453868.81099 13.198 0.001 4.04 1122.0
2453868.85097 13.200 0.001 4.91 1192.0
2453868.89255 13.207 0.001 4.68 1238.0
2453868.92473 13.199 0.001 4.52 1361.0
2453869.61933 13.200 0.001 3.90 1684.0
2453869.65373 13.207 0.001 3.42 1444.0
2453869.68557 13.205 0.001 3.63 1332.0
2453869.74703 13.202 0.001 3.74 1345.0
2453869.81668 13.205 0.001 4.79 1589.0
2453869.86668 13.204 0.001 4.20 1452.0
2453869.90306 13.203 0.001 4.09 1568.0
2453869.93767 13.205 0.001 4.74 2106.0
2453870.69461 13.203 0.001 5.87 2643.0
2453870.75441 13.209 0.001 4.51 2181.0
2453870.84136 13.205 0.001 5.15 3194.0
2453872.74053 13.212 0.001 3.18 1923.0
2453872.85179 13.206 0.001 4.04 1262.0
2453873.62090 13.210 0.001 4.56 889.0
2453873.70236 13.208 0.001 4.07 866.0
2453873.84143 13.205 0.001 4.97 892.0
2453873.91192 13.212 0.001 4.25 961.0
2453874.70364 13.202 0.001 4.53 786.0
2453874.87212 13.207 0.001 4.05 938.0
2453875.64031 13.207 0.001 3.77 742.0
2453875.78758 13.208 0.001 3.46 816.0
2453875.86628 13.211 0.001 4.25 862.0
2453876.60528 13.201 0.001 4.47 816.0
2453876.66370 13.202 0.001 3.68 712.0
2453877.66820 13.201 0.001 3.73 740.0
2453877.81641 13.199 0.001 4.47 792.0
2453877.89020 13.201 0.001 4.74 937.0
2453877.92864 13.202 0.001 4.85 1051.0
2453879.92509 13.200 0.001 5.34 918.0
2453879.93286 13.199 0.001 5.74 1017.0
2453880.60132 13.210 0.001 4.27 654.0
2453880.87173 13.208 0.001 4.63 859.0
2453880.94527 13.206 0.001 5.34 2198.0
2453881.69198 13.209 0.001 3.87 855.0
2453881.83472 13.214 0.001 4.11 924.0
2453882.60408 13.210 0.001 4.65 865.0
2453882.80700 13.211 0.001 4.39 881.0
2453882.87721 13.212 0.001 4.03 877.0
2453883.66945 13.207 0.001 3.74 799.0
2453883.90527 13.206 0.001 3.97 873.0
2453886.63471 13.201 0.001 3.55 820.0
2453886.82424 13.202 0.001 4.22 738.0
2453886.89630 13.187 0.001 4.21 827.0
2453886.92231 13.200 0.001 4.78 842.0
2453887.60479 13.196 0.001 4.48 866.0
2453887.80747 13.192 0.001 4.94 825.0
2453887.83528 13.192 0.001 4.93 828.0
2453887.90732 13.196 0.001 4.82 958.0
2453888.63562 13.189 0.001 5.30 615.0
2453889.68726 13.195 0.001 3.75 751.0
2453889.78328 13.199 0.001 4.44 747.0
2453889.79502 13.199 0.001 5.13 780.0
2453889.83447 13.200 0.001 4.76 874.0
2453889.85231 13.198 0.001 4.12 903.0
2453889.90479 13.200 0.001 3.98 1034.0
2453889.93122 13.198 0.001 4.54 1032.0
2453890.56007 13.203 0.001 5.01 1134.0
2453890.57553 13.198 0.001 4.96 999.0
2453890.62499 13.200 0.001 3.79 943.0
2453890.63492 13.201 0.001 3.73 849.0
2453890.64373 13.195 0.001 3.78 882.0
2453890.66090 13.202 0.001 3.76 868.0
2453890.66983 13.200 0.001 3.86 801.0
2453890.67879 13.193 0.001 3.85 828.0
2453890.69906 13.203 0.001 3.51 721.0
2453890.72211 13.197 0.001 3.37 814.0
2453891.55443 13.209 0.001 6.35 942.0
2453891.60146 13.203 0.001 4.79 838.0
2453891.63612 13.205 0.001 4.76 821.0
2453891.68852 13.202 0.001 5.08 801.0
2453891.71187 13.206 0.001 4.76 798.0
2453891.75805 13.205 0.001 5.32 823.0
2453891.78727 13.210 0.001 6.20 856.0
2453891.81707 13.203 0.001 4.27 853.0
2453891.82884 13.206 0.001 4.28 830.0
2453891.86943 13.209 0.001 5.25 886.0
2453891.91051 13.205 0.001 4.55 875.0
2453892.55290 13.212 0.001 5.81 1280.0
2453892.56387 13.204 0.001 5.31 1117.0
2453892.59852 13.207 0.001 5.74 1266.0
2453892.62222 13.211 0.001 5.41 997.0
2453892.65818 13.207 0.001 4.11 878.0
2453892.73210 13.209 0.001 4.33 814.0
2453892.82596 13.212 0.001 5.03 843.0
2453892.92709 13.211 0.001 6.68 967.0
2453893.57326 13.216 0.001 6.04 1032.0
2453893.61338 13.209 0.001 5.51 908.0
2453893.65649 13.212 0.001 5.08 839.0
2453893.81755 13.215 0.001 5.41 870.0
2453893.90784 13.212 0.001 5.61 993.0
2453894.63321 13.219 0.001 6.24 815.0
2453894.70430 13.212 0.001 5.65 794.0
2453894.75656 13.216 0.001 5.49 818.0
2453894.80182 13.220 0.001 6.48 876.0
2453894.84625 13.216 0.001 6.22 821.0
2453894.87896 13.213 0.001 5.83 817.0
2453896.56367 13.207 0.001 6.05 1392.0
2453896.60366 13.212 0.001 6.23 1188.0
2453896.61875 13.206 0.001 6.44 1203.0
2453896.63311 13.212 0.001 5.92 1145.0
2453896.64806 13.208 0.001 5.63 1118.0
2453896.66231 13.208 0.001 5.37 1091.0
2453896.67870 13.205 0.001 5.94 1102.0
2453896.69024 13.206 0.001 4.91 1062.0
2453896.70163 13.207 0.001 4.38 1043.0
2453896.71711 13.207 0.001 5.11 1073.0
2453896.72874 13.207 0.001 4.61 1074.0
2453896.74310 13.205 0.001 4.85 1199.0
2453896.76117 13.207 0.001 5.18 1163.0
2453896.77836 13.208 0.001 5.99 1204.0
2453896.79707 13.210 0.001 6.36 1254.0
2453896.82703 13.203 0.001 6.30 1292.0
2453900.52541 13.193 0.001 5.32 1950.0
2453900.56336 13.192 0.001 4.40 1479.0
2453900.61408 13.191 0.001 4.21 1122.0
2453900.65209 13.192 0.001 4.07 1667.0
2453900.70110 13.195 0.001 3.82 3401.0
2453900.73811 13.194 0.001 3.79 1086.0
2453900.74978 13.188 0.001 3.90 1081.0
2453900.76437 13.183 0.001 4.22 1082.0
2453900.82516 13.191 0.001 4.03 1161.0
2453900.88532 13.195 0.001 4.03 1314.0
2453901.56530 13.198 0.001 6.09 960.0
2453901.57720 13.191 0.001 5.36 966.0
2453901.75200 13.192 0.001 5.73 903.0
2453901.76669 13.190 0.001 4.47 880.0
2453901.82881 13.190 0.001 5.19 961.0
2453901.88949 13.193 0.001 4.28 1479.0
2453901.90127 13.198 0.001 4.73 1242.0
2453902.55449 13.194 0.001 4.28 870.0
2453902.58607 13.190 0.001 4.24 813.0
2453902.59813 13.196 0.001 3.89 875.0
2453902.64393 13.195 0.001 4.16 848.0
2453902.71088 13.194 0.001 3.82 855.0
2453902.73767 13.192 0.001 4.43 871.0
2453902.76384 13.195 0.001 4.46 889.0
2453902.77430 13.195 0.001 4.81 965.0
2453902.78326 13.193 0.001 4.64 977.0
2453902.79262 13.196 0.001 4.89 946.0
2453902.80518 13.196 0.001 4.35 966.0
2453902.82032 13.194 0.001 4.88 1009.0
2453902.82971 13.196 0.001 4.70 1029.0
2453902.84573 13.195 0.001 4.91 1063.0
2453902.85942 13.196 0.001 4.36 1057.0
2453902.89016 13.197 0.001 5.75 1120.0
2453902.90553 13.198 0.001 5.70 1129.0
2453903.68698 13.197 0.001 4.26 894.0
2453904.58114 13.203 0.001 3.25 767.0
2453904.74440 13.200 0.001 4.65 886.0
2453904.81338 13.201 0.001 3.92 838.0
2453904.86620 13.198 0.001 3.76 954.0
2453905.57807 13.202 0.001 3.58 772.0
2453905.75209 13.203 0.001 3.71 813.0
2453905.82469 13.196 0.001 3.27 803.0
2453905.89327 13.199 0.001 4.22 1125.0
2453906.51672 13.194 0.001 5.37 1148.0
2453906.68657 13.205 0.001 4.33 833.0
2453906.75953 13.200 0.001 4.54 802.0
2453906.83221 13.202 0.001 4.71 870.0
2453906.85017 13.202 0.001 4.29 908.0
2453906.88264 13.194 0.001 4.61 957.0
2453907.62324 13.201 0.001 4.08 797.0
2453907.81809 13.206 0.001 5.94 963.0
2453907.89063 13.213 0.001 5.84 996.0
2453908.55942 13.199 0.001 3.45 1145.0
2453908.74987 13.206 0.001 4.46 857.0
2453908.82513 13.206 0.001 3.90 786.0
2453909.56452 13.200 0.001 4.45 832.0
2453909.75891 13.200 0.001 4.37 690.0
2453909.84082 13.203 0.001 4.44 814.0
2453910.61325 13.200 0.001 3.68 763.0
2453912.56365 13.209 0.001 3.09 805.0
2453912.76044 13.205 0.001 4.25 684.0
2453912.84833 13.200 0.001 3.83 787.0
2453913.56143 13.206 0.001 3.20 809.0
2453913.76363 13.208 0.001 5.22 857.0
2453913.85344 13.202 0.001 3.92 815.0
2453914.57888 13.202 0.001 4.58 857.0
2453915.55942 13.204 0.001 4.36 893.0
2453915.76274 13.198 0.001 4.92 711.0
2453915.85975 13.201 0.001 5.20 808.0
2453916.60730 13.201 0.001 5.32 822.0
2453916.77993 13.206 0.001 6.63 785.0
2453917.64726 13.201 0.001 5.32 839.0
2453917.85015 13.205 0.001 5.45 945.0
2453918.64072 13.205 0.001 5.31 841.0
2453918.85044 13.209 0.001 5.25 904.0
2453919.59360 13.209 0.001 5.16 844.0
2453919.82005 13.209 0.001 5.76 853.0
2453920.54523 13.209 0.001 3.58 798.0
2453920.74149 13.206 0.001 4.77 818.0
2453920.82025 13.212 0.001 3.48 880.0
2453921.53824 13.209 0.001 3.76 1015.0
2453921.74870 13.208 0.001 6.83 927.0
2453922.74516 13.203 0.001 6.03 863.0
2453930.59277 13.218 0.001 3.85 1027.0
2453931.54384 13.211 0.001 4.33 928.0
2453931.66726 13.216 0.001 5.38 824.0
2453932.55570 13.203 0.001 4.90 972.0
2453933.54466 13.205 0.001 3.72 858.0
2453933.72595 13.203 0.001 4.40 882.0
2453933.80161 13.205 0.001 5.11 913.0
2453934.51543 13.197 0.001 4.64 923.0
2453934.63948 13.198 0.001 3.81 734.0
2453934.70925 13.197 0.001 4.58 778.0
2453934.77828 13.196 0.001 4.03 790.0
2453935.56525 13.200 0.001 5.60 860.0
2453935.73656 13.195 0.001 5.21 799.0
2453935.78834 13.199 0.001 4.56 861.0
2453936.51887 13.208 0.001 4.86 836.0
2453936.68419 13.209 0.001 4.65 828.0
2453936.76177 13.202 0.001 3.94 929.0
2453937.59407 13.206 0.001 4.33 783.0
2453938.52640 13.209 0.001 5.41 892.0
2453938.72799 13.214 0.001 4.93 746.0
2453938.77720 13.212 0.001 5.20 797.0
2453940.62940 13.212 0.001 4.44 715.0
2453941.67355 13.207 0.001 6.05 721.0
2453944.58290 13.204 0.001 5.22 739.0
2453945.53178 13.207 0.001 5.52 844.0
2453945.71982 13.202 0.001 4.38 816.0
2453946.54205 13.196 0.001 5.19 855.0
2453946.73145 13.200 0.001 4.30 699.0
2453950.54995 13.192 0.001 3.86 722.0
2453950.76944 13.175 0.001 4.97 810.0
2453951.54619 13.199 0.001 5.07 858.0
2453956.59260 13.212 0.001 5.63 1109.0
2453957.53348 13.213 0.001 5.65 956.0
2453958.60625 13.212 0.001 4.86 1009.0
2453958.63530 13.211 0.001 4.94 1218.0
2453959.54619 13.211 0.001 5.17 814.0
2453959.71058 13.205 0.001 5.18 923.0
2453960.52417 13.202 0.001 4.32 775.0
2453960.70409 13.202 0.001 3.48 914.0
2453961.52381 13.207 0.001 5.65 870.0
2453961.59926 13.202 0.001 6.22 963.0
2453961.66529 13.211 0.001 6.35 978.0
2453963.48578 13.206 0.001 5.29 881.0
2453963.66035 13.206 0.001 4.27 815.0
2453963.73369 13.203 0.001 5.34 813.0
2453964.55587 13.210 0.001 4.29 800.0
2453965.54519 13.208 0.001 3.96 717.0
2453965.73509 13.209 0.001 4.24 786.0
2453966.53710 13.210 0.001 4.44 851.0
2453966.71957 13.207 0.001 5.09 819.0
2453967.56094 13.213 0.001 6.64 848.0
2453968.52363 13.201 0.001 5.32 937.0
2453968.69513 13.203 0.001 4.99 864.0
2453969.52752 13.202 0.001 5.96 801.0
2453969.70614 13.204 0.001 4.81 756.0
2453970.53933 13.201 0.001 6.19 784.0
2453970.71926 13.203 0.001 4.43 755.0
2453971.57912 13.206 0.001 5.79 802.0
2453973.60427 13.208 0.001 4.82 706.0
2453974.53411 13.215 0.001 6.19 803.0
2453975.53660 13.212 0.001 4.51 788.0
2453976.53135 13.206 0.001 4.80 809.0
2453979.54112 13.217 0.001 6.35 1444.0
2453982.60829 13.208 0.001 4.68 1233.0
2453986.60833 13.204 0.001 4.60 1002.0
2453987.53075 13.209 0.001 4.71 906.0
2453988.54357 13.211 0.001 4.08 770.0
2453989.60525 13.205 0.001 5.43 934.0
2453990.64752 13.206 0.001 4.82 905.0
2453994.50024 13.214 0.001 6.35 911.0
2453995.59785 13.201 0.001 4.53 823.0
2453999.63540 13.199 0.001 4.38 934.0
2454000.54244 13.201 0.001 5.38 860.0
2454001.53220 13.206 0.001 5.93 971.0
2454002.52891 13.201 0.001 4.85 793.0
2454004.55183 13.214 0.001 6.01 926.0
2454005.55453 13.209 0.001 5.24 888.0
2454006.54922 13.214 0.001 4.15 837.0
2454012.52492 13.204 0.001 6.37 987.0
2454016.56681 13.202 0.001 5.86 1108.0
2454018.57940 13.210 0.001 5.13 1037.0
2454021.56336 13.208 0.001 4.98 1125.0
2454024.51110 13.208 0.001 5.98 958.0
2454026.50663 13.204 0.001 5.05 859.0
2454028.52265 13.212 0.001 4.87 943.0
2454031.52274 13.201 0.001 5.28 1028.0
2454038.52794 13.210 0.001 6.48 1035.0
2454041.52708 13.214 0.001 6.47 1382.0
2454142.87817 13.201 0.002 6.20 1509.0
2454151.88332 13.196 0.001 5.67 1122.0
2454154.83075 13.198 0.001 4.24 1193.0
2454156.88374 13.206 0.002 6.04 1092.0
2454159.81780 13.201 0.001 4.82 1223.0
2454161.87123 13.198 0.001 5.55 1308.0
2454163.88722 13.199 0.001 3.86 1332.0
2454165.84408 13.194 0.001 5.14 2194.0
2454168.84161 13.206 0.001 4.71 1410.0
2454170.84270 13.206 0.001 4.62 1433.0
2454175.87767 13.199 0.001 5.06 936.0
2454177.77740 13.207 0.001 5.06 998.0
2454178.83476 13.208 0.001 4.90 1017.0
2454179.87463 13.208 0.001 4.09 1049.0
2454181.81103 13.206 0.001 4.59 977.0
2454182.85962 13.204 0.001 4.21 964.0
2454183.89211 13.205 0.001 4.88 1062.0
2454185.76854 13.202 0.001 5.28 1007.0
2454191.77910 13.198 0.001 5.20 1246.0
2454193.79020 13.205 0.001 5.61 1336.0
2454194.81305 13.203 0.001 5.07 1139.0
2454196.80307 13.210 0.001 4.62 1171.0
2454202.78465 13.206 0.001 4.54 1055.0
2454203.77242 13.203 0.001 4.46 956.0
2454204.70721 13.200 0.001 4.77 1131.0
2454204.73063 13.199 0.001 4.48 1093.0
2454204.76479 13.201 0.001 4.77 1054.0
2454204.80708 13.198 0.001 3.89 968.0
2454204.84109 13.202 0.001 3.77 993.0
2454204.87522 13.201 0.001 3.85 1006.0
2454204.91343 13.202 0.001 3.81 1009.0
2454205.70750 13.203 0.001 5.87 990.0
2454205.76301 13.203 0.001 4.19 883.0
2454205.83637 13.204 0.001 3.80 871.0
2454205.91440 13.198 0.001 4.27 1072.0
2454207.75426 13.200 0.001 4.25 1006.0
2454208.70820 13.196 0.001 5.52 1063.0
2454211.81953 13.202 0.001 6.07 961.0
2454212.84908 13.197 0.001 5.36 981.0
2454213.75714 13.198 0.001 4.12 946.0
2454215.77018 13.202 0.001 5.63 1002.0
2454216.72805 13.209 0.001 4.53 1001.0
2454216.93326 13.209 0.001 4.86 1456.0
2454217.73555 13.208 0.001 3.82 973.0
2454217.89684 13.212 0.001 3.61 949.0
2454218.78531 13.208 0.002 6.28 1041.0
2454219.79256 13.200 0.001 4.15 983.0
2454220.73435 13.206 0.001 4.73 1067.0
2454222.70018 13.202 0.001 5.08 1365.0
2454224.81334 13.196 0.001 4.17 1401.0
2454228.70564 13.196 0.001 4.31 1491.0
2454229.69922 13.200 0.001 5.46 1092.0
2454229.89619 13.204 0.001 4.24 1173.0
2454230.64742 13.205 0.001 4.26 1039.0
2454230.83540 13.204 0.001 5.00 1021.0
2454230.89709 13.207 0.001 5.64 1212.0
2454231.67138 13.203 0.001 4.68 898.0
2454231.72248 13.200 0.001 4.61 992.0
2454231.87748 13.204 0.001 4.73 1129.0
2454232.65913 13.208 0.001 6.54 1255.0
2454232.78414 13.205 0.001 5.01 1146.0
2454232.92166 13.205 0.001 5.71 1133.0
2454233.85187 13.200 0.001 4.76 1168.0
2454234.77945 13.202 0.001 4.65 1063.0
2454234.90180 13.207 0.001 4.76 1203.0
2454235.69577 13.203 0.001 4.07 1108.0
2454235.75321 13.203 0.001 3.80 1113.0
2454235.85684 13.208 0.001 4.21 1017.0
2454235.91895 13.207 0.002 6.46 1235.0
2454237.62231 13.205 0.001 6.06 1137.0
2454238.69366 13.206 0.001 4.83 1034.0
2454239.66553 13.210 0.001 4.96 1017.0
2454240.70519 13.206 0.001 4.45 993.0
2454240.86158 13.210 0.001 5.27 1092.0
2454243.67085 13.202 0.001 5.66 1017.0
2454243.76428 13.203 0.001 4.46 1052.0
2454243.85716 13.200 0.001 5.07 1091.0
2454244.64304 13.204 0.001 5.46 1106.0
2454244.73940 13.200 0.001 4.23 1033.0
2454244.83200 13.204 0.001 4.47 1125.0
2454245.63612 13.201 0.001 4.73 949.0
2454245.73043 13.200 0.001 4.27 887.0
2454245.82591 13.202 0.001 4.63 933.0
2454245.89851 13.200 0.001 5.11 1036.0
2454246.69480 13.201 0.001 4.94 998.0
2454246.78792 13.197 0.001 4.18 1023.0
2454246.88062 13.200 0.001 4.50 1194.0
2454247.70983 13.201 0.001 5.30 1064.0
2454250.75791 13.196 0.001 4.23 1294.0
2454256.65032 13.197 0.002 6.19 1144.0
2454256.79585 13.184 0.001 6.45 1253.0
2454257.67722 13.195 0.001 4.79 1024.0
2454258.66056 13.197 0.001 5.33 1056.0
2454258.78339 13.198 0.001 5.28 1100.0
2454258.87600 13.199 0.001 5.14 1285.0
2454267.62024 13.200 0.001 4.67 1032.0
2454268.73096 13.202 0.001 4.12 914.0
2454268.86721 13.185 0.001 4.97 1204.0
2454269.60246 13.206 0.001 4.08 992.0
2454269.75273 13.209 0.001 4.63 960.0
2454270.53716 13.206 0.001 5.51 1306.0
2454272.58363 13.197 0.001 4.39 1164.0
2454272.73353 13.203 0.001 4.15 933.0
2454272.79216 13.204 0.001 4.99 1112.0
2454272.86352 13.197 0.001 5.11 1337.0
2454273.64401 13.200 0.001 5.13 1069.0
2454273.82216 13.197 0.001 4.91 1324.0
2454273.88337 13.203 0.002 6.76 1628.0
2454274.57508 13.207 0.001 5.18 1299.0
2454274.72801 13.204 0.001 5.23 1139.0
2454274.78892 13.199 0.001 4.21 1161.0
2454274.86216 13.201 0.001 5.60 1373.0
2454275.62664 13.201 0.001 4.77 1148.0
2454275.80189 13.204 0.001 5.45 1352.0
2454275.86301 13.202 0.001 5.54 1572.0
2454276.61136 13.199 0.001 5.79 1100.0
2454277.55508 13.197 0.001 5.38 1322.0
2454277.73216 13.198 0.001 4.58 1145.0
2454277.79080 13.201 0.002 6.00 1209.0
2454278.60002 13.200 0.001 5.48 1204.0
2454278.78650 13.201 0.002 6.32 1349.0
2454283.53762 13.201 0.001 4.67 1567.0
2454284.52940 13.211 0.001 5.35 1354.0
2454284.67976 13.207 0.001 4.58 1272.0
2454284.73914 13.211 0.001 4.95 1226.0
2454284.80118 13.206 0.001 4.37 1410.0
2454284.86616 13.210 0.002 5.95 1906.0
2454285.53258 13.211 0.001 5.17 1234.0
2454285.72610 13.212 0.001 4.52 1111.0
2454285.78741 13.213 0.001 4.80 1097.0
2454285.85262 13.208 0.001 4.57 1353.0
2454286.53234 13.215 0.001 5.28 1391.0
2454286.84055 13.211 0.001 5.21 2463.0
2454289.54321 13.206 0.001 5.28 1143.0
2454289.76212 13.188 0.001 4.83 1055.0
2454289.82694 13.208 0.001 5.56 872.0
2454290.58950 13.203 0.001 5.81 960.0
2454291.60919 13.203 0.001 4.17 965.0
2454292.51476 13.200 0.001 3.79 1093.0
2454292.69377 13.197 0.001 4.64 1014.0
2454292.75257 13.201 0.001 3.83 965.0
2454292.81556 13.201 0.001 5.35 1130.0
2454293.51552 13.198 0.001 4.39 955.0
2454293.69968 13.204 0.001 4.54 945.0
2454293.75844 13.199 0.001 4.01 979.0
2454293.79869 13.197 0.001 4.34 996.0
2454293.83620 13.205 0.001 5.96 1074.0
2454294.51414 13.200 0.001 4.23 1110.0
2454295.52430 13.201 0.001 4.80 964.0
2454295.71940 13.203 0.001 4.14 819.0
2454295.77800 13.206 0.001 4.21 844.0
2454296.51840 13.206 0.001 4.80 1021.0
2454296.72411 13.203 0.001 4.77 873.0
2454297.53820 13.206 0.001 4.70 974.0
2454297.74276 13.185 0.001 4.86 847.0
2454298.57267 13.211 0.001 5.82 921.0
2454298.68429 13.209 0.001 5.06 845.0
2454298.82171 13.203 0.001 5.76 1150.0
2454299.55976 13.201 0.001 3.96 870.0
2454299.64967 13.206 0.001 4.20 850.0
2454299.74096 13.204 0.001 4.46 834.0
2454300.55641 13.201 0.001 4.49 959.0
2454300.67155 13.201 0.001 4.56 842.0
2454300.81656 13.199 0.001 4.70 1240.0
2454301.54253 13.199 0.001 4.36 1097.0
2454301.63878 13.201 0.001 4.09 974.0
2454301.74096 13.196 0.001 4.06 899.0
2454302.61552 13.203 0.001 5.07 899.0
2454302.78060 13.208 0.002 6.83 842.0
2454303.70210 13.211 0.001 4.98 893.0
2454304.58039 13.208 0.001 5.09 1273.0
2454306.58614 13.212 0.001 5.86 1159.0
2454306.72266 13.211 0.001 5.85 1128.0
2454310.63975 13.196 0.001 4.89 2178.0
2454312.52734 13.198 0.001 5.27 1521.0
2454312.77021 13.183 0.001 4.77 1225.0
2454314.78479 13.208 0.002 6.34 1224.0
2454315.55882 13.209 0.001 4.46 1110.0
2454316.58908 13.209 0.001 4.27 937.0
2454317.51098 13.211 0.001 4.68 1021.0
2454319.54606 13.211 0.001 4.29 1043.0
2454319.69202 13.214 0.002 5.92 1061.0
2454320.61337 13.208 0.001 5.16 956.0
2454326.56280 13.204 0.001 4.44 962.0
2454326.73894 13.203 0.001 6.13 946.0
2454327.61443 13.197 0.001 5.38 969.0
2454328.47958 13.211 0.001 4.51 1414.0
2454328.71924 13.211 0.001 5.57 1214.0
2454329.54960 13.211 0.001 5.38 996.0
2454329.69763 13.211 0.001 5.36 1007.0
2454330.47991 13.210 0.001 4.46 1096.0
2454330.71720 13.210 0.001 4.62 982.0
2454331.52206 13.202 0.001 4.36 962.0
2454332.53206 13.201 0.001 3.57 1004.0
2454333.55706 13.202 0.001 5.60 1174.0
2454334.52979 13.200 0.001 4.85 1254.0
2454338.52719 13.212 0.001 4.81 1497.0
2454338.70508 13.213 0.002 5.50 1866.0
2454339.52332 13.211 0.001 4.52 1436.0
2454340.64350 13.218 0.001 4.63 1419.0
2454341.52757 13.210 0.002 5.57 1280.0
2454342.55961 13.214 0.001 4.63 1126.0
2454343.54347 13.205 0.001 4.25 1076.0
2454344.57304 13.200 0.001 4.74 1126.0
2454345.53514 13.193 0.001 3.89 1104.0
2454346.54474 13.194 0.001 5.43 1150.0
2454347.55908 13.196 0.001 5.20 1048.0
2454349.52478 13.202 0.001 4.25 968.0
2454350.57824 13.201 0.001 3.99 984.0
2454351.52995 13.200 0.001 4.37 1000.0
2454352.58627 13.210 0.002 6.98 1088.0
2454353.54961 13.201 0.001 5.07 1215.0
2454354.56899 13.186 0.001 5.00 1045.0
2454355.57683 13.201 0.001 5.62 1147.0
2454356.53402 13.198 0.001 5.35 1065.0
2454357.50542 13.198 0.001 5.90 1102.0
2454358.54884 13.201 0.001 5.24 1100.0
2454359.51780 13.204 0.002 5.99 1129.0
2454361.53114 13.211 0.002 6.58 1287.0
2454362.54852 13.208 0.002 5.59 1830.0
2454365.58677 13.208 0.001 5.08 1500.0
2454367.54018 13.201 0.001 5.10 1373.0
2454368.51313 13.201 0.002 6.21 1330.0
2454369.59229 13.193 0.002 6.55 1591.0
2454370.51949 13.196 0.001 3.91 1286.0
2454371.49457 13.180 0.001 4.66 1144.0
2454372.54370 13.201 0.001 4.42 1049.0
2454373.53475 13.205 0.002 5.95 1210.0
2454377.50799 13.204 0.001 4.39 1132.0
2454378.54234 13.199 0.001 4.59 1046.0
2454379.56433 13.202 0.002 7.02 1186.0
2454380.49981 13.197 0.001 4.46 1147.0
2454381.54745 13.196 0.002 6.25 1391.0
2454382.53397 13.202 0.002 6.46 1278.0
2454383.53817 13.203 0.001 5.65 1305.0
2454384.51258 13.212 0.002 7.08 1128.0
2454388.58362 13.200 0.002 6.60 1433.0
2454393.55465 13.199 0.001 4.37 1440.0
2454394.52785 13.200 0.001 4.26 1351.0
2454395.56402 13.203 0.001 5.33 1470.0
2454396.53381 13.203 0.002 5.84 1713.0
2454397.55750 13.203 0.001 5.40 1701.0
2454398.56284 13.179 0.001 4.92 1743.0
2454399.51278 13.199 0.001 5.59 1499.0
2454400.55725 13.201 0.002 6.40 1976.0
2454403.51114 13.198 0.002 6.29 1367.0
2454409.52856 13.199 0.002 6.11 1671.0
2454507.88682 13.210 0.001 5.65 1848.0
2454511.85403 13.215 0.001 4.32 967.0
2454511.87384 13.213 0.001 3.95 942.0
2454513.88522 13.218 0.001 4.54 1079.0
2454517.88434 13.202 0.001 5.92 1344.0
2454521.82367 13.198 0.001 5.50 1374.0
2454523.89609 13.198 0.001 5.22 1165.0
2454525.84000 13.208 0.001 3.81 2961.0
2454530.90558 13.199 0.001 4.25 1449.0
2454531.84788 13.199 0.001 4.74 1054.0
2454534.86950 13.216 0.001 6.50 879.0
2454536.80154 13.211 0.001 6.05 1064.0
2454537.86168 13.206 0.001 4.34 839.0
2454538.89408 13.205 0.001 4.31 975.0
2454539.88018 13.208 0.001 4.87 893.0
2454540.82410 13.199 0.001 4.28 972.0
2454541.81663 13.202 0.001 4.47 890.0
2454542.81139 13.209 0.001 5.46 953.0
2454543.80690 13.217 0.001 4.77 950.0
2454544.80386 13.214 0.001 4.87 1094.0
2454545.76800 13.215 0.001 5.52 1243.0
2454546.77465 13.210 0.001 5.34 1227.0
2454547.74937 13.210 0.001 5.24 1394.0
2454548.84166 13.204 0.001 6.28 1129.0
2454548.89259 13.206 0.001 6.33 1123.0
2454550.77172 13.208 0.001 6.92 1152.0
2454551.79281 13.206 0.001 4.44 2206.0
2454552.74205 13.204 0.001 6.23 2128.0
2454556.78144 13.205 0.001 5.19 868.0
2454557.80259 13.201 0.001 5.24 907.0
2454558.73225 13.199 0.001 5.07 891.0
2454559.77311 13.202 0.001 5.03 806.0
2454560.77350 13.188 0.001 5.20 799.0
2454561.76280 13.201 0.001 4.24 873.0
2454564.75306 13.202 0.001 4.61 823.0
2454565.75109 13.203 0.001 3.92 830.0
2454566.75054 13.205 0.001 3.88 890.0
2454567.75048 13.202 0.001 4.29 866.0
2454568.75999 13.213 0.001 4.26 937.0
2454569.76762 13.211 0.001 5.48 863.0
2454570.75568 13.208 0.001 5.33 858.0
2454571.74735 13.208 0.001 6.19 989.0
2454572.77419 13.193 0.001 4.63 996.0
2454573.76234 13.196 0.001 4.77 991.0
2454574.76492 13.193 0.001 5.09 1074.0
2454574.91294 13.193 0.001 4.74 1025.0
2454575.77372 13.197 0.001 4.16 1114.0
2454576.79285 13.204 0.001 3.66 1184.0
2454576.88362 13.198 0.001 4.31 1172.0
2454576.91524 13.194 0.001 4.19 1364.0
2454577.86192 13.206 0.001 4.10 1156.0
2454577.91795 13.206 0.001 3.69 1181.0
2454578.81626 13.207 0.001 5.49 1155.0
2454579.89009 13.207 0.001 4.28 1886.0
2454583.76032 13.204 0.001 5.07 1382.0
2454585.78727 13.194 0.001 5.97 1070.0
2454586.76338 13.199 0.001 5.79 962.0
2454587.79695 13.195 0.001 5.59 951.0
2454588.67211 13.196 0.001 5.84 1023.0
2454588.90459 13.201 0.001 3.70 962.0
2454589.71854 13.203 0.001 5.13 951.0
2454589.87384 13.209 0.001 5.18 969.0
2454589.93573 13.208 0.001 4.71 1879.0
2454590.72732 13.207 0.001 5.19 964.0
2454590.92927 13.208 0.001 4.07 1210.0
2454591.66843 13.210 0.001 4.67 1171.0
2454591.87977 13.209 0.001 3.99 1074.0
2454592.68864 13.208 0.001 4.37 1178.0
2454592.87794 13.216 0.001 3.70 1265.0
2454593.67783 13.211 0.001 4.82 988.0
2454593.88766 13.209 0.001 3.82 1099.0
2454593.92752 13.203 0.001 4.31 1178.0
2454594.69908 13.212 0.001 5.23 916.0
2454594.89391 13.210 0.001 4.76 1056.0
2454595.69162 13.203 0.001 5.35 927.0
2454595.88290 13.206 0.001 4.74 931.0
2454596.68346 13.202 0.001 4.89 916.0
2454597.70811 13.206 0.001 5.37 919.0
2454597.89972 13.208 0.001 4.24 1015.0
2454598.68431 13.207 0.001 4.11 788.0
2454599.65681 13.207 0.001 4.67 958.0
2454600.66918 13.202 0.001 4.43 850.0
2454600.87786 13.204 0.001 3.51 1085.0
2454601.67171 13.205 0.001 4.02 958.0
2454601.88796 13.205 0.001 3.79 859.0
2454602.66427 13.200 0.001 4.09 911.0
2454602.88859 13.196 0.001 3.71 902.0
2454603.87568 13.195 0.001 4.54 968.0
2454606.67211 13.200 0.001 3.91 1306.0
2454606.92731 13.201 0.001 4.42 1575.0
2454611.65095 13.215 0.001 5.19 1132.0
2454611.79982 13.212 0.001 3.72 1153.0
2454612.67247 13.213 0.001 4.17 1116.0
2454615.81477 13.208 0.001 4.85 1042.0
2454616.62644 13.208 0.001 4.94 1042.0
2454616.84274 13.211 0.001 5.11 993.0
2454617.72735 13.211 0.001 4.25 967.0
2454618.63502 13.207 0.001 4.62 862.0
2454622.64858 13.199 0.001 4.88 1004.0
2454622.83351 13.198 0.001 5.06 1045.0
2454623.69521 13.197 0.001 5.44 952.0
2454623.89282 13.199 0.001 5.98 1301.0
2454624.61669 13.204 0.001 5.95 1136.0
2454624.83669 13.179 0.001 4.80 997.0
2454624.90574 13.193 0.001 5.91 1099.0
2454625.62709 13.200 0.001 6.55 974.0
2454625.84646 13.201 0.001 5.89 1078.0
2454625.93501 13.202 0.001 6.48 1227.0
2454626.64770 13.206 0.001 6.59 939.0
2454627.58568 13.204 0.001 4.47 1003.0
2454627.87511 13.183 0.001 4.23 859.0
2454628.59265 13.207 0.001 5.25 1022.0
2454628.78239 13.205 0.001 5.29 959.0
2454628.84472 13.204 0.001 5.28 934.0
2454628.91894 13.204 0.001 5.67 1102.0
2454629.65547 13.201 0.001 4.17 862.0
2454629.86312 13.201 0.001 5.15 1088.0
2454630.59053 13.203 0.001 4.60 1042.0
2454630.80630 13.206 0.001 3.86 990.0
2454630.87585 13.181 0.001 4.40 1096.0
2454631.61606 13.202 0.001 4.17 945.0
2454631.81475 13.205 0.001 3.91 1003.0
2454631.89012 13.199 0.001 5.65 1276.0
2454632.59518 13.203 0.001 4.59 1094.0
2454632.88482 13.197 0.001 5.29 1421.0
2454633.59221 13.200 0.001 4.17 1218.0
2454633.70316 13.192 0.001 3.59 1060.0
2454633.83658 13.174 0.001 4.17 1239.0
2454638.77665 13.178 0.001 4.29 1239.0
2454639.60031 13.189 0.001 4.19 1291.0
2454639.69781 13.194 0.001 3.79 1251.0
2454640.61843 13.192 0.001 4.93 990.0
2454640.75034 13.195 0.001 4.04 941.0
2454640.76506 13.193 0.001 3.99 932.0
2454641.69400 13.192 0.001 3.85 987.0
2454641.80609 13.190 0.001 4.50 1103.0
2454642.61644 13.196 0.001 4.47 943.0
2454642.77863 13.193 0.001 5.04 996.0
2454642.85775 13.199 0.001 5.84 1334.0
2454643.57571 13.202 0.001 5.02 939.0
2454644.62419 13.203 0.001 5.04 985.0
2454645.55455 13.195 0.001 5.80 1228.0
2454645.80226 13.202 0.001 5.42 1064.0
2454645.86781 13.203 0.001 5.77 1322.0
2454646.54960 13.202 0.001 4.17 1117.0
2454646.87534 13.178 0.001 5.64 1315.0
2454647.54591 13.204 0.001 4.35 1387.0
2454647.76210 13.204 0.001 5.03 1096.0
2454647.78631 13.196 0.001 5.50 1102.0
2454648.54300 13.195 0.001 5.09 1194.0
2454648.79687 13.200 0.001 5.54 1022.0
2454648.87148 13.196 0.001 6.20 1359.0
2454649.55321 13.197 0.001 5.59 1084.0
2454649.77959 13.195 0.001 4.78 1004.0
2454650.55435 13.196 0.001 4.81 1228.0
2454650.81746 13.192 0.001 5.40 1048.0
2454651.53778 13.196 0.001 5.32 1189.0
2454652.52925 13.195 0.001 5.04 1311.0
2454652.74346 13.174 0.001 4.36 986.0
2454653.52490 13.203 0.001 6.35 1286.0
2454653.74413 13.192 0.001 4.71 1051.0
2454654.56398 13.199 0.001 6.02 1030.0
2454654.77857 13.182 0.001 4.64 1058.0
2454655.52474 13.203 0.001 4.28 1349.0
2454655.74934 13.205 0.001 3.94 929.0
2454656.52668 13.207 0.001 3.85 1050.0
2454656.71654 13.205 0.001 3.70 1120.0
2454656.83588 13.198 0.001 4.64 1523.0
2454657.75510 13.199 0.001 5.81 1061.0
2454658.68532 13.201 0.001 5.76 1135.0
2454660.63758 13.197 0.001 4.73 1120.0
2454661.51478 13.200 0.001 3.93 1418.0
2454661.71547 13.205 0.001 4.13 1206.0
2454661.78249 13.202 0.001 4.63 1325.0
2454665.68241 13.206 0.001 3.70 1848.0
2454666.58772 13.203 0.001 4.18 1380.0
2454666.68866 13.204 0.001 4.69 1297.0
2454666.73091 13.200 0.001 4.63 1279.0
2454666.80325 13.199 0.002 6.80 1497.0
2454670.58430 13.188 0.001 6.43 966.0
2454671.60790 13.181 0.001 4.21 821.0
2454671.78000 13.177 0.001 6.09 1054.0
2454672.53375 13.200 0.001 3.97 936.0
2454672.68393 13.199 0.001 4.43 956.0
2454672.76910 13.207 0.001 6.05 1161.0
2454674.53955 13.198 0.001 4.90 977.0
2454674.72976 13.206 0.001 6.17 974.0
2454677.51312 13.208 0.001 4.82 1079.0
2454677.59708 13.206 0.001 5.32 870.0
2454677.75264 13.208 0.001 5.79 956.0
2454679.65189 13.210 0.001 6.74 848.0
2454681.56153 13.185 0.001 4.84 926.0
2454681.65453 13.201 0.001 4.62 850.0
2454681.74478 13.195 0.001 5.14 1011.0
2454682.57907 13.202 0.001 5.31 967.0
2454682.68282 13.202 0.001 5.13 882.0
2454683.54415 13.201 0.001 6.27 1114.0
2454683.73277 13.199 0.001 5.49 936.0
2454684.53674 13.200 0.001 4.13 1237.0
2454684.70812 13.203 0.001 4.98 976.0
2454685.47934 13.202 0.001 5.50 1264.0
2454685.75684 13.202 0.001 5.25 1143.0
2454686.52545 13.201 0.001 4.55 1076.0
2454687.52881 13.201 0.001 5.53 977.0
2454687.76471 13.197 0.001 6.01 1196.0
2454688.52213 13.200 0.001 4.54 1029.0
2454688.71182 13.199 0.001 5.23 1041.0
2454693.56977 13.209 0.001 3.95 1217.0
2454694.63094 13.210 0.001 5.53 1299.0
2454697.52556 13.199 0.001 5.25 1066.0
2454698.53099 13.200 0.001 3.75 926.0
2454699.52915 13.197 0.001 4.75 1001.0
2454700.53358 13.207 0.001 4.03 989.0
2454701.52884 13.194 0.001 4.54 1066.0
2454702.54509 13.195 0.001 4.62 935.0
2454703.61255 13.177 0.001 5.56 955.0
2454704.66792 13.196 0.001 5.31 930.0
2454705.59618 13.199 0.001 5.01 976.0
2454707.62439 13.198 0.001 3.96 881.0
2454708.57629 13.192 0.001 4.26 920.0
2454709.54037 13.206 0.001 6.24 1071.0
2454710.58112 13.205 0.001 4.66 973.0
2454715.61538 13.179 0.001 5.56 1068.0
2454716.48861 13.193 0.001 4.08 1165.0
2454716.61303 13.176 0.001 4.84 1551.0
2454720.53078 13.200 0.001 4.57 1305.0
2454720.54486 13.200 0.001 5.47 1315.0
2454721.53106 13.204 0.001 6.09 1314.0
2454722.49685 13.201 0.001 5.53 1213.0
2454724.53356 13.200 0.001 5.39 1298.0
2454725.51226 13.197 0.001 4.79 1237.0
2454726.50837 13.203 0.001 6.49 1084.0
2454728.62610 13.200 0.001 7.46 1189.0
2454729.49380 13.185 0.001 5.75 1001.0
2454729.52906 13.198 0.001 6.58 1011.0
2454729.61307 13.195 0.001 6.29 1119.0
2454730.49523 13.192 0.001 5.07 1018.0
2454731.60219 13.187 0.001 6.56 946.0
2454733.55064 13.189 0.001 5.14 973.0
2454734.57997 13.174 0.001 5.26 1043.0
2454737.56860 13.199 0.001 6.55 952.0
2454740.58147 13.198 0.001 6.52 1072.0
2454753.57249 13.173 0.001 5.90 1343.0
2454758.53825 13.204 0.001 5.07 1278.0
2454776.52464 13.194 0.001 6.71 1552.0
2454778.52991 13.194 0.001 7.04 1372.0
2454869.87405 13.168 0.001 5.75 1237.0
2454872.86644 13.159 0.001 6.29 1566.0
2454873.88825 13.175 0.001 4.57 2014.0
2454875.88807 13.153 0.001 5.58 1461.0
2454878.86216 13.157 0.001 4.82 1398.0
2454884.87881 13.154 0.001 3.99 1105.0
2454887.85122 13.149 0.001 4.19 1058.0
2454891.80751 13.139 0.001 5.98 1051.0
2454896.89844 13.123 0.001 5.41 1023.0
2454899.86618 13.112 0.001 4.54 1075.0
2454901.79581 13.122 0.001 5.06 1364.0
2454903.79150 13.117 0.001 4.40 1248.0
2454905.83975 13.116 0.001 4.83 1151.0
2454910.83778 13.098 0.001 3.86 1895.0
2454911.87474 13.097 0.001 3.70 855.0
2454913.88824 13.087 0.001 4.16 877.0
2454917.73483 13.078 0.001 3.80 960.0
2454917.91604 13.076 0.001 4.59 1340.0
2454921.73663 13.061 0.001 4.89 1025.0
2454921.75318 13.063 0.001 4.29 1007.0
2454921.78846 13.067 0.001 4.38 976.0
2454925.72342 13.054 0.001 5.27 1166.0
2454925.83975 13.054 0.001 4.13 946.0
2454926.71657 13.043 0.001 6.04 1257.0
2454927.73958 13.052 0.001 5.41 1157.0
2454927.89425 13.049 0.001 5.15 1036.0
2454928.78804 13.043 0.001 4.85 1053.0
2454929.73467 13.040 0.001 5.41 1216.0
2454930.72666 13.036 0.001 4.68 1382.0
2454930.87452 13.033 0.001 4.89 1226.0
2454931.77082 13.038 0.001 4.46 1245.0
2454932.70492 13.026 0.001 4.63 1391.0
2454932.90407 13.030 0.001 3.90 1253.0
2454933.72080 13.023 0.001 6.00 1410.0
2454933.73961 13.027 0.001 6.10 1336.0
2454933.89851 13.025 0.001 4.57 1261.0
2454934.81945 13.024 0.001 4.24 1340.0
2454938.72038 13.025 0.001 4.53 1098.0
2454939.68121 13.011 0.001 5.41 1052.0
2454940.68120 13.013 0.001 4.30 1058.0
2454941.87629 13.010 0.001 4.74 941.0
2454942.69767 13.013 0.001 4.37 999.0
2454942.76962 13.008 0.001 3.99 857.0
2454942.80942 13.012 0.001 3.67 851.0
2454943.71005 13.003 0.001 4.66 869.0
2454943.86688 13.010 0.001 4.25 899.0
2454944.72147 13.028 0.001 3.53 921.0
2454944.87629 13.016 0.001 4.10 874.0
2454945.66662 12.999 0.001 5.14 1135.0
2454946.68925 13.000 0.001 4.05 967.0
2454947.68006 12.992 0.001 4.51 889.0
2454948.65971 12.986 0.001 4.89 1090.0
2454950.65045 12.983 0.001 4.99 986.0
2454952.78332 12.989 0.001 4.72 854.0
2454953.68354 12.997 0.001 4.06 994.0
2454954.66225 12.993 0.001 4.93 976.0
2454954.72836 12.999 0.001 4.98 888.0
2454955.66299 12.988 0.001 6.11 1112.0
2454955.83135 12.989 0.001 4.77 976.0
