2452106.77737 18.302 0.047 5.65 811.0
2452112.76568 18.235 0.037 4.90 708.0
2452128.58275 18.296 0.037 3.99 945.0
2452131.57614 18.309 0.037 3.85 994.0
2452134.67978 18.186 0.045 6.49 940.0
2452138.55990 18.189 0.045 5.90 853.0
2452143.52890 18.445 0.088 7.89 1031.0
2452158.52784 18.179 0.033 4.41 835.0
2452162.51316 18.235 0.048 5.62 975.0
2452168.54798 18.392 0.065 6.50 959.0
2452173.50600 18.194 0.062 7.10 1068.0
2452180.50461 18.213 0.037 4.44 1176.0
2452184.50932 18.254 0.066 7.38 1135.0
2452194.56439 18.289 0.047 4.83 1040.0
2452321.88195 18.340 0.064 5.48 1393.0
2452326.81506 18.375 0.069 6.22 1358.0
2452345.82461 18.260 0.036 3.59 1071.0
2452350.82868 18.193 0.034 3.61 1105.0
2452358.89339 18.264 0.048 4.83 1048.0
2452370.82158 18.226 0.045 5.22 989.0
2452381.82885 18.203 0.036 4.00 935.0
2452384.80172 18.212 0.041 4.48 1020.0
2452388.85949 18.167 0.038 4.36 990.0
2452391.74551 18.204 0.054 4.99 1582.0
2452396.77699 18.200 0.067 3.74 4436.0
2452400.70495 18.220 0.047 5.37 1061.0
2452402.81921 18.270 0.039 4.03 1041.0
2452404.85184 18.235 0.036 3.87 971.0
2452406.93579 18.269 0.057 5.32 1457.0
2452415.73265 18.174 0.045 5.19 1063.0
2452417.70947 18.392 0.054 5.06 1088.0
2452426.68762 18.216 0.041 4.75 934.0
2452431.81831 18.264 0.042 4.84 971.0
2452433.74547 18.233 0.043 4.73 989.0
2452434.81856 18.193 0.034 3.79 978.0
2452436.59308 18.288 0.045 4.44 1187.0
2452438.62346 18.221 0.045 4.97 984.0
2452440.60492 18.297 0.047 5.02 1007.0
2452442.62219 18.343 0.043 4.24 963.0
2452444.71852 18.229 0.046 4.31 1189.0
2452446.68701 18.316 0.048 4.61 1120.0
2452453.74996 18.266 0.047 4.91 1091.0
2452458.74301 18.288 0.047 5.27 845.0
2452462.73174 18.254 0.032 3.90 820.0
2452463.83239 18.345 0.042 4.35 1067.0
2452466.76229 18.290 0.046 5.12 958.0
2452468.47465 18.346 0.057 6.24 1113.0
2452470.47758 18.265 0.057 6.31 1312.0
2452472.48145 18.025 0.048 5.36 1961.0
2452474.47980 18.349 0.077 5.53 2617.0
2452482.63139 18.180 0.045 5.07 1088.0
2452485.64138 18.297 0.056 6.39 910.0
2452489.71204 18.246 0.038 4.44 948.0
2452492.65740 18.240 0.036 4.00 1037.0
2452494.71107 18.125 0.035 4.89 866.0
2452497.51364 18.296 0.045 4.66 983.0
2452499.54962 18.222 0.037 3.91 999.0
2452501.57721 18.248 0.038 4.08 1061.0
2452511.55755 18.243 0.057 5.77 1185.0
2452517.49443 18.273 0.058 6.15 1143.0
2452520.68356 18.252 0.040 4.33 1045.0
2452526.53779 18.244 0.039 4.52 932.0
2452537.48785 18.172 0.050 5.62 1263.0
2452540.50385 18.413 0.062 5.10 1344.0
2452546.51435 18.250 0.049 4.88 1171.0
2452550.49572 18.157 0.060 6.94 1109.0
2452554.56758 18.242 0.048 5.03 1113.0
2452558.50410 18.374 0.066 5.57 1440.0
2452565.50480 18.227 0.058 5.34 1459.0
2452698.89907 18.163 0.049 5.95 1009.0
2452711.88210 18.127 0.038 5.05 917.0
2452721.90379 18.283 0.076 3.97 4674.0
2452730.90269 18.243 0.037 4.08 1038.0
2452743.77918 18.215 0.039 4.09 1118.0
2452748.79785 18.187 0.044 4.42 1392.0
2452755.78789 18.232 0.037 4.18 964.0
2452759.78293 18.203 0.042 4.59 1092.0
2452765.79604 18.258 0.038 4.25 1125.0
2452769.78069 18.173 0.031 4.04 928.0
2452782.71894 18.246 0.050 5.74 1053.0
2452784.71177 18.234 0.035 3.68 945.0
2452786.59830 18.301 0.067 5.92 1533.0
2452788.69597 18.247 0.037 3.85 1042.0
2452788.73165 18.226 0.033 3.75 1024.0
2452788.81973 18.239 0.037 3.86 1063.0
2452788.93236 18.392 0.045 4.05 1222.0
2452789.61901 18.247 0.039 3.88 1107.0
2452789.73310 18.289 0.036 3.53 981.0
2452790.82455 18.303 0.038 3.86 943.0
2452791.71572 18.275 0.038 3.95 877.0
2452791.93904 18.324 0.043 5.46 648.0
2452792.58554 18.133 0.057 6.98 1074.0
2452792.62317 18.165 0.044 5.49 918.0
2452794.61897 18.282 0.053 5.75 1110.0
2452796.57352 18.258 0.041 4.26 1032.0
2452802.58994 18.261 0.063 6.16 1387.0
2452808.63984 18.214 0.042 4.55 1148.0
2452810.57817 18.192 0.042 4.58 1160.0
2452812.57976 18.260 0.044 4.10 1288.0
2452813.82358 18.277 0.040 3.80 1072.0
2452815.60210 18.256 0.044 4.74 971.0
2452816.66782 18.161 0.036 4.49 902.0
2452817.78225 18.172 0.043 4.81 1113.0
2452818.67744 18.294 0.037 4.07 1033.0
2452819.77137 18.134 0.046 5.47 1097.0
2452821.66942 18.195 0.049 4.83 1155.0
2452826.66026 18.911 0.066 5.17 694.0
2452826.68916 18.217 0.032 4.34 784.0
2452830.79053 18.411 0.085 4.66 3407.0
2452835.48752 18.227 0.057 4.09 2325.0
2452837.50646 18.367 0.073 6.28 1351.0
2452838.73686 18.248 0.040 4.36 1014.0
2452840.50761 18.211 0.048 5.17 1124.0
2452842.56549 18.260 0.046 4.62 1085.0
2452844.62030 18.307 0.037 3.85 997.0
2452848.55979 18.427 0.069 6.42 1158.0
2452851.54619 18.229 0.039 4.17 1126.0
2452853.54994 18.249 0.043 4.74 1100.0
2452854.74554 18.281 0.055 6.02 1081.0
2452857.73259 18.262 0.047 4.70 1195.0
2452862.51378 18.138 0.054 5.50 1418.0
2452864.51149 18.319 0.054 4.94 1320.0
2452867.66502 18.167 0.042 4.86 996.0
2452868.52698 18.229 0.040 4.41 1027.0
2452871.49287 18.272 0.044 4.75 1032.0
2452875.64264 18.199 0.044 5.46 1005.0
2452877.66295 18.194 0.042 4.18 1088.0
2452882.55284 18.256 0.040 5.05 893.0
2452889.53966 18.168 0.059 6.49 1294.0
2452894.58707 18.330 0.047 4.36 1162.0
2452898.64282 18.332 0.059 5.17 1303.0
2452903.54552 18.168 0.037 4.46 919.0
2452908.60365 18.288 0.062 6.44 1093.0
2452912.54945 18.287 0.049 4.60 1211.0
2452926.57301 18.187 0.049 4.93 1293.0
2453043.87242 18.403 0.051 4.29 1448.0
2453044.86716 18.386 0.056 4.88 1260.0
2453055.88322 18.241 0.040 4.21 1065.0
2453064.82722 18.222 0.050 5.36 1250.0
2453067.90064 18.354 0.041 3.62 1155.0
2453070.86220 18.179 0.047 5.12 1204.0
2453073.81760 18.208 0.043 4.67 1176.0
2453075.85629 18.215 0.043 4.40 1176.0
2453079.90081 18.303 0.052 3.99 1940.0
2453082.87177 18.157 0.038 4.53 915.0
2453084.91420 18.212 0.038 3.74 1496.0
2453086.84576 18.258 0.034 4.05 836.0
2453088.80322 18.304 0.036 3.95 835.0
2453089.91249 18.318 0.042 4.66 1117.0
2453091.84071 18.130 0.037 4.96 835.0
2453096.87367 18.296 0.049 5.94 946.0
2453098.86270 18.193 0.031 3.81 843.0
2453100.81180 18.194 0.036 4.16 1025.0
2453102.87776 18.233 0.041 4.11 1126.0
2453103.78306 18.223 0.043 4.24 1259.0
2453106.85378 18.242 0.044 3.72 1703.0
2453108.77565 18.188 0.034 3.95 967.0
2453109.80783 18.219 0.034 4.08 851.0
2453110.84222 18.164 0.036 4.73 939.0
2453112.80054 18.141 0.034 4.89 766.0
2453113.88156 18.292 0.039 4.67 834.0
2453114.79239 18.283 0.037 4.37 845.0
2453115.87585 18.265 0.039 4.71 888.0
2453122.91837 18.185 0.044 5.11 982.0
2453125.87874 18.264 0.051 5.47 982.0
2453126.90430 18.224 0.037 3.77 1012.0
2453127.81854 18.264 0.042 4.24 1108.0
2453128.82822 18.245 0.038 4.41 1099.0
2453130.70614 18.249 0.050 4.22 1471.0
2453131.89528 18.159 0.056 4.65 2280.0
2453135.90747 18.278 0.041 4.49 997.0
2453138.70919 18.206 0.045 5.17 968.0
2453139.88648 18.311 0.036 3.92 897.0
2453140.88627 18.270 0.035 4.06 827.0
2453142.77455 18.206 0.033 4.09 913.0
2453144.79551 18.306 0.041 4.85 830.0
2453146.81814 18.215 0.043 5.60 813.0
2453151.75814 18.307 0.049 5.90 859.0
2453151.91079 18.162 0.043 5.16 983.0
2453152.76222 18.241 0.040 4.50 918.0
2453153.76614 18.149 0.041 5.56 917.0
2453154.82767 18.234 0.050 6.18 905.0
2453156.84743 18.222 0.046 4.99 1112.0
2453158.92154 18.180 0.066 5.95 1678.0
2453162.82241 18.280 0.046 4.28 1171.0
2453163.63530 18.230 0.034 3.73 879.0
2453163.65706 18.140 0.031 4.11 868.0
2453164.74466 18.225 0.036 4.27 914.0
2453165.76477 18.252 0.029 3.51 777.0
2453166.90996 18.105 0.064 7.43 1164.0
2453167.77020 18.248 0.047 5.98 837.0
2453168.75800 18.159 0.035 4.72 872.0
2453169.73435 18.228 0.038 4.19 886.0
2453170.81140 18.162 0.030 3.57 804.0
2453171.83417 18.281 0.030 3.37 880.0
2453172.76115 18.265 0.035 4.13 808.0
2453174.71806 18.217 0.029 3.63 847.0
2453175.72741 18.201 0.031 3.62 917.0
2453177.76458 18.121 0.044 6.76 940.0
2453178.79110 18.421 0.033 4.04 637.0
2453179.80083 18.240 0.042 4.81 889.0
2453180.72975 18.191 0.026 3.37 745.0
2453182.78073 18.229 0.036 4.53 805.0
2453183.74930 18.225 0.043 5.59 831.0
2453184.70710 18.220 0.031 3.67 797.0
2453185.75974 18.339 0.043 4.32 974.0
2453193.54537 18.279 0.038 4.23 930.0
2453194.60394 18.139 0.036 4.22 1090.0
2453195.65594 18.230 0.030 3.44 775.0
2453195.80897 18.248 0.036 3.98 875.0
2453196.55442 18.094 0.040 5.25 1011.0
2453197.52191 18.211 0.034 3.84 922.0
2453199.63174 18.284 0.044 5.55 738.0
2453201.52356 18.260 0.039 4.97 926.0
2453202.57797 18.166 0.036 5.04 832.0
2453203.66754 18.242 0.035 4.08 801.0
2453204.66185 18.179 0.030 4.06 694.0
2453205.77549 18.182 0.034 5.16 609.0
2453206.72632 18.230 0.043 5.81 734.0
2453210.55169 18.457 0.066 6.62 1032.0
2453211.59214 18.258 0.047 6.15 796.0
2453217.48224 18.294 0.048 3.94 1672.0
2453218.65921 18.169 0.045 4.79 1288.0
2453219.61505 18.267 0.057 6.28 990.0
2453223.66038 18.201 0.046 5.70 865.0
2453224.70587 18.143 0.036 4.24 1011.0
2453226.62991 18.142 0.042 6.26 754.0
2453228.60968 18.286 0.041 5.16 720.0
2453229.64216 18.234 0.041 5.21 805.0
2453230.67574 18.261 0.038 4.74 755.0
2453231.57942 18.223 0.036 4.39 836.0
2453232.60691 18.176 0.059 7.77 801.0
2453238.62808 18.106 0.049 6.71 853.0
2453239.70680 18.235 0.055 7.41 854.0
2453240.68794 18.152 0.049 6.32 957.0
2453241.66284 18.195 0.045 5.17 1034.0
2453245.56271 18.237 0.049 5.12 1214.0
2453246.66642 18.143 0.048 5.70 1086.0
2453247.63262 18.277 0.042 4.28 1066.0
2453249.53463 18.151 0.037 4.77 865.0
2453250.66728 18.216 0.056 6.02 1223.0
2453253.53507 18.232 0.040 5.25 715.0
2453256.64434 18.110 0.049 6.54 853.0
2453267.54041 18.290 0.041 4.69 1010.0
2453272.59581 18.195 0.049 5.71 1024.0
2453275.57879 18.225 0.057 6.24 1035.0
2453278.60768 18.462 0.060 5.06 1083.0
2453282.58171 18.210 0.028 4.22 488.0
2453288.55423 18.214 0.040 5.36 735.0
2453293.52485 18.161 0.028 4.86 475.0
2453295.53504 18.422 0.030 4.54 395.0
2453299.55932 18.023 0.020 4.63 367.0
2453314.51954 18.379 0.084 6.94 1346.0
2453409.88570 18.207 0.046 5.74 992.0
2453414.87418 18.245 0.040 4.86 847.0
2453422.88009 17.981 0.035 6.33 718.0
2453426.87121 18.236 0.039 4.33 964.0
2453429.85323 18.325 0.046 4.54 1064.0
2453432.89666 18.259 0.040 3.45 1544.0
2453442.89913 18.302 0.040 5.07 801.0
2453445.81188 18.126 0.028 4.03 715.0
2453447.86253 18.148 0.039 5.10 830.0
2453449.87517 18.203 0.030 4.02 743.0
2453452.89572 18.219 0.030 3.83 770.0
2453455.83000 18.153 0.045 5.43 1065.0
2453457.86351 18.209 0.035 4.20 891.0
2453459.85872 18.150 0.033 3.87 1063.0
2453467.88854 18.180 0.033 4.38 736.0
2453469.79450 18.301 0.035 4.12 733.0
2453470.80739 18.224 0.028 3.60 674.0
2453472.76986 18.188 0.034 4.48 757.0
2453473.78965 18.284 0.042 5.42 744.0
2453474.78631 18.244 0.047 6.05 716.0
2453475.81190 18.236 0.033 4.38 737.0
2453477.77369 18.261 0.035 3.92 771.0
2453479.77251 18.270 0.029 3.59 671.0
2453480.73268 18.195 0.030 4.13 695.0
2453481.75064 18.244 0.034 4.09 809.0
2453482.72739 18.268 0.035 3.76 884.0
2453496.73019 18.182 0.036 4.56 868.0
2453497.80172 18.247 0.040 4.95 838.0
2453498.92602 18.184 0.041 5.32 820.0
2453499.87290 18.292 0.033 3.83 734.0
2453500.73912 18.285 0.037 4.18 776.0
2453501.82986 18.194 0.028 3.49 809.0
2453502.72861 18.198 0.028 3.38 802.0
2453503.69778 18.169 0.029 4.01 674.0
2453504.71250 18.332 0.038 4.48 652.0
2453506.75637 18.211 0.034 4.51 737.0
2453508.76591 18.261 0.048 5.93 771.0
2453509.73902 18.315 0.036 4.43 709.0
2453510.80875 18.252 0.034 3.94 751.0
2453511.84790 18.178 0.031 3.40 971.0
2453512.71763 18.296 0.043 4.58 1008.0
2453517.69854 18.312 0.086 6.80 1824.0
2453520.77202 18.303 0.041 4.39 819.0
2453521.72879 18.264 0.030 3.38 863.0
2453522.75671 18.262 0.030 3.41 697.0
2453523.76193 18.219 0.028 3.28 731.0
2453524.90364 18.439 0.057 5.55 926.0
2453525.76009 18.323 0.032 3.67 671.0
2453526.76307 18.238 0.032 3.96 740.0
2453528.68400 18.237 0.031 3.96 679.0
2453529.70626 18.112 0.022 4.21 409.0
2453530.62139 18.200 0.028 3.44 705.0
2453537.74661 18.225 0.030 4.40 627.0
2453538.61792 18.176 0.032 4.66 718.0
2453539.82821 18.267 0.028 3.47 751.0
2453540.66125 18.185 0.035 4.14 869.0
2453544.73345 18.193 0.044 4.23 1519.0
2453546.72680 18.301 0.062 5.34 1409.0
2453547.81961 18.287 0.053 6.13 881.0
2453550.64608 18.284 0.032 3.65 865.0
2453551.64742 18.329 0.025 3.45 721.0
2453552.68203 18.367 0.035 4.17 679.0
2453553.73141 18.160 0.039 4.98 856.0
2453554.66995 18.267 0.044 5.60 803.0
2453555.68834 18.411 0.045 5.15 731.0
2453556.68441 18.290 0.035 4.36 715.0
2453558.54146 18.159 0.041 5.36 896.0
2453558.84015 18.297 0.047 5.56 770.0
2453559.71005 18.245 0.032 3.98 748.0
2453560.61143 18.298 0.033 3.95 731.0
2453561.55639 18.217 0.034 3.93 894.0
2453562.59981 18.256 0.046 5.84 804.0
2453563.65060 18.236 0.032 4.14 713.0
2453564.58557 18.189 0.042 5.73 767.0
2453569.57372 18.298 0.055 4.44 1753.0
2453573.66865 18.181 0.044 5.10 974.0
2453574.70005 18.093 0.035 4.40 921.0
2453575.54756 18.192 0.028 3.56 787.0
2453575.78417 18.306 0.044 4.91 931.0
2453576.70140 18.203 0.036 4.68 798.0
2453577.60151 18.226 0.032 4.35 691.0
2453578.68616 18.208 0.031 4.15 677.0
2453579.63167 18.260 0.032 4.12 677.0
2453580.66487 18.228 0.036 4.71 751.0
2453581.68469 18.135 0.028 4.00 672.0
2453582.65657 18.323 0.037 4.52 697.0
2453583.64702 18.163 0.030 4.39 665.0
2453583.76689 18.116 0.043 5.93 938.0
2453584.65566 18.174 0.028 3.88 676.0
2453584.77033 18.178 0.039 5.77 735.0
2453585.64600 18.140 0.033 5.31 618.0
2453586.73110 18.153 0.031 4.29 766.0
2453589.68466 18.197 0.028 3.90 695.0
2453590.69375 18.057 0.031 4.93 767.0
2453591.69218 18.415 0.034 3.68 709.0
2453594.72130 18.058 0.031 4.69 813.0
2453601.66984 18.178 0.037 4.35 1094.0
2453602.63046 18.140 0.036 4.22 995.0
2453603.65049 18.198 0.038 4.69 851.0
2453607.64882 18.137 0.030 4.23 698.0
2453608.66420 18.219 0.037 4.96 748.0
2453615.59194 18.280 0.034 4.47 680.0
2453618.59357 18.237 0.036 4.33 831.0
2453620.55675 18.266 0.033 4.02 676.0
2453622.53464 18.042 0.048 7.05 792.0
2453628.61548 18.115 0.053 5.99 1293.0
2453630.55017 18.253 0.047 5.06 1075.0
2453632.60182 18.165 0.054 6.00 1196.0
2453634.50089 18.151 0.036 4.83 753.0
2453639.55979 18.294 0.031 3.63 745.0
2453641.55818 18.290 0.062 6.76 965.0
2453644.51857 18.114 0.031 3.95 862.0
2453648.55170 18.128 0.043 5.94 836.0
2453650.59883 18.205 0.058 7.01 972.0
2453654.55437 18.497 0.084 4.86 2294.0
2453656.53563 18.257 0.049 4.97 1208.0
2453658.56746 18.452 0.083 6.66 1328.0
2453660.54014 18.374 0.058 4.89 1465.0
2453664.54130 18.156 0.038 4.30 1107.0
2453669.54081 18.096 0.043 5.82 970.0
2453675.52218 18.174 0.051 5.51 1224.0
2453776.88070 18.333 0.051 5.21 1128.0
2453782.86534 18.128 0.036 4.57 1023.0
2453784.89062 18.212 0.043 3.56 1866.0
2453787.85260 18.135 0.035 4.00 1077.0
2453790.88334 18.137 0.041 4.15 1381.0
2453792.87994 18.105 0.028 3.69 828.0
2453794.83693 18.188 0.044 5.77 873.0
2453796.82648 18.229 0.040 5.00 890.0
2453798.79763 18.211 0.045 5.44 924.0
2453799.87129 18.213 0.049 5.59 1076.0
2453800.89764 18.226 0.040 4.91 921.0
2453801.87983 18.317 0.045 4.71 962.0
2453802.84534 18.227 0.036 3.98 968.0
2453803.88067 18.224 0.033 3.59 988.0
2453805.79667 18.198 0.043 5.10 1001.0
2453806.81680 18.223 0.039 4.69 966.0
2453807.83050 18.178 0.044 5.06 1148.0
2453808.79019 18.245 0.042 4.55 1190.0
2453809.79303 18.275 0.039 4.04 1219.0
2453810.83758 18.264 0.038 4.04 1131.0
2453811.83356 18.118 0.037 4.57 962.0
2453812.82534 18.297 0.049 5.14 1099.0
2453813.80399 18.174 0.034 4.11 1018.0
2453814.81821 18.218 0.034 3.72 1077.0
2453817.84961 18.256 0.049 4.55 1478.0
2453818.88043 18.221 0.032 3.86 937.0
2453819.79600 18.243 0.030 3.41 793.0
2453820.76631 18.250 0.034 3.98 843.0
2453821.76940 18.292 0.038 4.16 827.0
2453822.80884 18.214 0.039 4.87 893.0
2453823.76497 18.246 0.035 4.18 816.0
2453824.78242 18.098 0.040 5.39 930.0
2453825.79985 18.212 0.041 4.94 831.0
2453826.78250 18.116 0.035 4.88 818.0
2453827.79570 18.133 0.032 4.59 737.0
2453828.76927 18.123 0.051 6.64 913.0
2453829.80460 18.203 0.031 3.95 801.0
2453830.72628 18.184 0.036 4.43 961.0
2453831.88952 18.259 0.034 3.95 919.0
2453832.74785 18.235 0.034 4.05 804.0
2453833.75557 18.247 0.034 4.28 776.0
2453834.73454 18.237 0.042 4.93 965.0
2453835.73032 18.262 0.045 5.10 987.0
2453835.78453 18.331 0.038 4.08 868.0
2453835.91635 18.188 0.032 4.11 860.0
2453836.75867 18.183 0.051 5.97 1077.0
2453837.72523 18.230 0.042 4.82 1080.0
2453837.89805 18.283 0.032 3.38 981.0
2453838.73269 18.155 0.048 5.53 1146.0
2453839.73401 18.145 0.049 5.80 1200.0
2453840.76021 18.229 0.037 3.89 1107.0
2453840.90480 18.208 0.037 4.01 1071.0
2453841.71545 18.188 0.042 4.84 1171.0
2453842.84027 18.289 0.038 3.63 1156.0
2453845.71374 18.214 0.068 4.54 3282.0
2453845.90163 18.008 0.054 4.93 2405.0
2453846.72466 18.170 0.031 3.92 859.0
2453847.79097 18.217 0.052 6.33 933.0
2453848.74587 18.190 0.043 5.45 796.0
2453849.74505 18.219 0.035 3.88 889.0
2453850.68884 18.175 0.036 4.44 907.0
2453850.86080 18.083 0.032 4.40 922.0
2453850.93227 18.169 0.052 5.20 1609.0
2453851.70404 18.306 0.051 5.94 857.0
2453851.86729 18.166 0.037 4.75 886.0
2453852.69276 18.087 0.036 4.87 878.0
2453852.92129 18.181 0.038 4.83 895.0
2453853.68102 18.396 0.042 4.74 824.0
2453853.84866 18.313 0.030 3.56 757.0
2453853.92020 18.266 0.030 3.44 824.0
2453854.69765 18.207 0.036 4.64 825.0
2453856.67106 18.209 0.037 4.35 1015.0
2453856.83736 18.299 0.040 4.13 948.0
2453857.90895 18.167 0.033 4.12 920.0
2453858.72755 18.093 0.035 5.21 751.0
2453859.79013 18.157 0.031 4.31 783.0
2453860.80632 18.149 0.046 6.25 894.0
2453861.65992 18.153 0.039 4.80 1004.0
2453861.76692 18.234 0.033 3.95 822.0
2453862.66495 18.210 0.042 4.93 1014.0
2453862.85531 18.195 0.031 3.68 932.0
2453862.92899 18.255 0.043 4.39 1110.0
2453863.68113 18.308 0.042 4.79 947.0
2453863.90090 18.309 0.032 3.36 842.0
2453864.67097 18.278 0.042 4.57 974.0
2453864.86109 18.258 0.029 3.50 792.0
2453865.72861 18.328 0.039 3.93 971.0
2453865.87215 18.252 0.034 4.06 834.0
2453866.68026 18.126 0.033 4.05 959.0
2453866.81978 18.228 0.036 4.12 888.0
2453866.89795 18.239 0.036 3.86 956.0
2453867.69504 18.262 0.037 3.57 1165.0
2453867.88173 18.249 0.037 3.67 1153.0
2453868.70297 18.144 0.038 3.79 1385.0
2453868.84707 18.163 0.041 4.39 1253.0
2453868.93516 18.365 0.059 4.32 1710.0
2453869.68169 18.333 0.040 3.51 1389.0
2453869.86300 18.244 0.044 4.03 1470.0
2453872.88291 18.218 0.036 3.74 1073.0
2453873.68694 18.214 0.034 3.90 911.0
2453873.82908 18.185 0.035 4.32 935.0
2453873.90021 18.239 0.034 3.67 948.0
2453874.73787 18.237 0.045 5.58 842.0
2453874.91272 18.256 0.037 4.17 936.0
2453875.70660 18.209 0.028 3.54 819.0
2453875.85344 18.263 0.031 3.68 827.0
2453876.62562 18.185 0.030 3.90 773.0
2453877.70251 18.236 0.028 3.41 731.0
2453877.85223 18.240 0.031 3.83 835.0
2453877.92531 18.238 0.045 4.84 1044.0
2453879.65853 18.182 0.029 4.12 682.0
2453880.82776 18.261 0.041 4.94 875.0
2453880.90683 18.113 0.035 4.66 930.0
2453881.65330 18.237 0.038 4.43 914.0
2453881.86875 18.305 0.034 3.64 901.0
2453881.91539 18.170 0.030 3.39 998.0
2453882.63821 18.197 0.031 3.67 825.0
2453882.79174 18.155 0.036 4.70 856.0
2453882.86562 18.251 0.032 3.43 866.0
2453882.93425 18.240 0.036 4.17 886.0
2453883.62577 18.264 0.042 4.95 945.0
2453883.82287 18.166 0.036 4.81 806.0
2453886.58789 18.086 0.039 5.69 954.0
2453886.78639 18.237 0.032 4.16 791.0
2453886.86159 18.170 0.035 4.81 805.0
2453887.63889 18.221 0.032 4.30 754.0
2453887.76587 18.250 0.032 4.22 752.0
2453887.86944 18.129 0.033 4.44 851.0
2453887.94145 18.194 0.045 5.14 1136.0
2453889.65290 18.284 0.036 4.42 747.0
2453889.92772 18.138 0.038 4.52 1024.0
2453890.71918 18.269 0.028 3.29 822.0
2453891.66226 18.195 0.032 4.18 833.0
2453891.78395 18.151 0.046 6.10 878.0
2453891.86627 18.326 0.044 4.90 874.0
2453892.72893 18.315 0.037 4.38 808.0
2453892.92064 18.167 0.039 4.88 909.0
2453893.60259 18.152 0.039 5.30 983.0
2453894.65709 18.110 0.045 6.18 825.0
2453894.66667 18.222 0.043 5.44 798.0
2453894.87243 18.204 0.044 5.78 757.0
2453896.59313 18.186 0.060 6.59 1278.0
2453900.52096 18.133 0.048 5.93 1342.0
2453900.71130 18.236 0.043 3.88 1866.0
2453900.79063 18.250 0.038 3.73 1145.0
2453900.85920 18.234 0.039 3.83 1276.0
2453901.53572 18.244 0.042 5.26 939.0
2453901.71200 18.133 0.030 3.96 913.0
2453901.78977 18.229 0.036 4.19 1006.0
2453901.86285 18.233 0.041 4.57 1067.0
2453902.55128 18.167 0.037 4.92 895.0
2453902.73433 18.308 0.038 4.30 916.0
2453902.85186 18.273 0.045 4.88 1085.0
2453903.64316 18.194 0.038 4.75 853.0
2453903.89168 18.182 0.045 5.27 1053.0
2453904.54671 18.202 0.036 4.32 924.0
2453904.70913 18.221 0.029 3.59 901.0
2453904.77855 18.297 0.032 3.83 815.0
2453904.85133 18.272 0.038 4.00 964.0
2453905.54351 18.251 0.037 4.36 940.0
2453905.71985 18.260 0.028 3.40 852.0
2453905.79014 18.216 0.028 3.42 852.0
2453905.85873 18.198 0.030 3.67 949.0
2453906.55485 18.145 0.038 4.44 1011.0
2453906.74420 18.171 0.032 4.19 832.0
2453906.81743 18.220 0.036 4.22 883.0
2453907.58567 18.196 0.038 4.88 836.0
2453907.77098 18.295 0.047 5.34 869.0
2453907.85548 18.359 0.062 6.28 1043.0
2453908.52364 18.288 0.042 4.33 1129.0
2453908.71045 18.202 0.034 4.00 878.0
2453908.78736 18.312 0.038 4.08 837.0
2453908.87016 18.145 0.039 4.92 962.0
2453909.52336 18.209 0.045 5.16 1132.0
2453909.70617 18.276 0.028 3.49 708.0
2453909.79652 18.255 0.030 3.74 744.0
2453909.87608 18.280 0.043 4.76 981.0
2453910.54376 18.113 0.042 5.29 1031.0
2453912.51820 18.266 0.035 3.91 941.0
2453912.70989 18.093 0.024 3.57 706.0
2453912.80093 18.224 0.028 3.64 720.0
2453912.88876 18.236 0.039 4.97 874.0
2453913.51109 18.273 0.033 3.55 844.0
2453913.71296 18.183 0.038 4.95 834.0
2453913.80849 18.231 0.029 3.41 844.0
2453914.53714 18.252 0.047 5.49 921.0
2453914.76868 18.194 0.032 4.39 798.0
2453914.78226 18.245 0.032 4.16 776.0
2453915.51284 18.270 0.043 4.86 997.0
2453915.71785 18.252 0.034 4.50 759.0
2453915.80904 18.156 0.030 4.11 758.0
2453916.55762 18.336 0.048 5.69 883.0
2453917.53569 18.106 0.043 6.15 874.0
2453917.80856 18.116 0.043 5.67 891.0
2453918.56609 18.222 0.040 4.90 916.0
2453918.80326 18.224 0.041 4.82 896.0
2453919.53030 18.350 0.052 5.16 1155.0
2453919.74315 18.233 0.032 4.09 769.0
2453920.50049 18.138 0.047 5.90 976.0
2453920.69709 18.155 0.041 5.44 827.0
2453920.77901 18.173 0.028 3.47 791.0
2453921.50039 18.224 0.044 4.58 1085.0
2453921.69957 18.134 0.048 6.17 912.0
2453921.80231 18.234 0.055 6.16 906.0
2453922.69767 18.309 0.057 6.36 835.0
2453930.51810 18.448 0.048 4.74 883.0
2453930.77470 18.069 0.050 6.62 1021.0
2453931.48545 18.214 0.045 4.96 1072.0
2453932.51697 18.180 0.039 4.81 997.0
2453932.79230 18.160 0.045 5.43 959.0
2453933.49804 18.262 0.038 4.05 987.0
2453933.68780 18.227 0.029 3.70 708.0
2453933.76341 18.134 0.030 3.81 851.0
2453934.48080 18.272 0.038 4.29 968.0
2453934.69756 18.255 0.034 4.27 753.0
2453934.76668 18.164 0.031 4.12 812.0
2453935.53071 18.278 0.039 4.48 876.0
2453935.70197 18.132 0.039 5.42 767.0
2453935.77061 18.128 0.038 5.25 784.0
2453936.48406 18.184 0.047 5.35 988.0
2453936.64941 18.223 0.032 3.66 812.0
2453936.72594 18.121 0.034 3.93 903.0
2453937.49037 18.112 0.050 5.48 1213.0
2453937.77043 18.345 0.063 7.26 856.0
2453938.48878 18.224 0.047 4.96 1047.0
2453938.68267 17.956 0.030 5.54 617.0
2453938.76553 18.341 0.048 5.21 765.0
2453939.55615 18.187 0.035 4.78 753.0
2453940.67445 18.275 0.028 3.62 696.0
2453944.52914 18.362 0.039 4.82 820.0
2453945.50201 18.196 0.039 4.92 904.0
2453945.70449 18.213 0.037 4.66 789.0
2453945.76035 18.310 0.046 5.37 823.0
2453946.50334 18.225 0.043 5.33 889.0
2453946.69265 18.307 0.045 5.37 746.0
2453946.77407 18.112 0.041 6.14 709.0
2453950.50913 18.194 0.034 4.53 783.0
2453950.72278 18.095 0.031 4.55 745.0
2453951.50382 18.318 0.046 4.99 906.0
2453951.73629 18.200 0.044 5.21 1003.0
2453955.67793 18.098 0.072 6.53 2154.0
2453956.55756 18.232 0.059 6.46 1140.0
2453957.49698 18.138 0.041 5.12 1146.0
2453958.56768 18.190 0.036 4.40 887.0
2453959.49351 18.080 0.040 5.58 894.0
2453959.67489 18.250 0.040 4.70 901.0
2453960.48980 18.227 0.035 4.18 849.0
2453960.66886 18.296 0.032 3.56 831.0
2453960.74089 18.327 0.047 5.00 1064.0
2453961.56116 18.277 0.050 5.64 931.0
2453963.52246 18.177 0.036 4.71 809.0
2453963.69979 18.167 0.036 4.87 758.0
2453964.51450 18.215 0.032 3.88 830.0
2453964.71939 18.206 0.040 5.22 755.0
2453965.49583 18.247 0.032 3.85 791.0
2453965.69017 18.247 0.034 4.34 738.0
2453966.52577 18.105 0.030 3.80 851.0
2453966.67885 18.266 0.040 4.77 775.0
2453967.50729 18.151 0.045 6.00 853.0
2453967.70420 18.179 0.039 5.54 715.0
2453968.48758 18.196 0.039 4.34 996.0
2453968.65954 18.146 0.034 4.44 774.0
2453968.72864 18.342 0.053 5.95 858.0
2453969.51616 18.167 0.040 5.20 796.0
2453969.67007 18.208 0.042 5.26 761.0
2453970.49681 18.266 0.050 5.84 828.0
2453970.67765 18.169 0.036 4.76 752.0
2453971.53652 18.250 0.048 5.94 788.0
2453971.71091 18.206 0.045 6.28 747.0
2453973.56206 18.250 0.049 6.26 736.0
2453974.49660 18.241 0.043 4.99 846.0
2453974.67555 18.006 0.040 6.14 770.0
2453975.49924 18.207 0.042 5.46 799.0
2453975.67453 18.147 0.042 5.63 817.0
2453976.49592 18.230 0.031 3.82 795.0
2453976.67320 18.158 0.046 5.98 912.0
2453979.49903 18.256 0.050 5.95 858.0
2453982.55799 18.207 0.040 4.61 1054.0
2453982.61980 18.192 0.042 4.86 1069.0
2453982.67523 18.214 0.056 5.89 1326.0
2453983.47648 18.323 0.062 6.03 1115.0
2453983.51375 18.194 0.064 5.31 2053.0
2453986.56878 18.461 0.068 6.27 992.0
2453987.49670 18.294 0.045 5.25 835.0
2453988.49953 18.283 0.035 4.47 756.0
2453990.63070 18.387 0.057 6.21 845.0
2453995.55738 18.169 0.031 4.12 768.0
2453999.57817 18.117 0.038 4.99 820.0
2454001.50837 18.210 0.045 5.35 963.0
2454003.52872 18.232 0.034 4.07 850.0
2454004.51487 18.207 0.034 4.09 869.0
2454006.51074 18.256 0.041 4.78 884.0
2454011.60749 18.269 0.063 6.76 1137.0
2454012.55881 18.235 0.049 5.46 1033.0
2454016.50630 18.186 0.044 5.10 991.0
2454018.53150 18.197 0.048 5.44 939.0
2454020.52938 18.207 0.047 5.66 941.0
2454023.52973 18.113 0.041 4.80 1184.0
2454025.54914 18.109 0.039 4.95 1032.0
2454027.55407 18.148 0.046 5.70 1036.0
2454030.54583 18.244 0.049 5.83 855.0
2454036.52709 18.272 0.062 5.65 1452.0
2454040.50826 18.227 0.058 5.86 1251.0
2454043.49773 18.094 0.069 5.51 2657.0
2454141.86827 18.261 0.046 4.50 1245.0
2454149.88512 18.209 0.048 5.24 1139.0
2454153.87143 18.199 0.042 4.98 1042.0
2454156.84993 18.142 0.045 5.43 1083.0
2454158.86939 18.181 0.040 4.52 1114.0
2454161.83733 18.163 0.043 4.88 1189.0
2454163.82019 18.086 0.047 4.88 1679.0
2454164.82587 18.202 0.042 4.25 1360.0
2454165.90624 18.265 0.063 5.28 1938.0
2454167.91365 18.234 0.063 4.65 2679.0
2454170.78719 18.086 0.075 4.88 4404.0
2454175.78114 18.231 0.046 5.14 1092.0
2454176.88970 18.193 0.040 4.35 1056.0
2454178.78197 18.175 0.038 4.79 977.0
2454179.84081 18.299 0.039 3.90 1053.0
2454181.77714 18.160 0.042 5.18 988.0
2454182.82203 18.158 0.034 4.33 916.0
2454183.85817 18.206 0.042 4.99 1013.0
2454184.89863 18.182 0.032 4.10 887.0
2454185.87455 18.178 0.038 4.59 949.0
2454189.90910 18.135 0.051 6.43 1063.0
2454191.86425 18.126 0.048 5.88 1153.0
2454192.77948 18.156 0.052 5.76 1252.0
2454194.77892 18.216 0.043 4.71 1161.0
2454196.76917 18.250 0.052 5.43 1272.0
2454202.75060 18.147 0.036 4.28 1132.0
2454203.73879 18.212 0.033 3.92 914.0
2454203.92316 18.212 0.037 3.67 1396.0
2454204.72709 18.218 0.044 5.10 1080.0
2454205.72752 18.167 0.045 5.78 914.0
2454207.71697 18.223 0.044 5.08 1065.0
2454207.89219 18.205 0.032 3.59 984.0
2454208.73913 18.218 0.044 4.96 1007.0
2454211.78327 18.159 0.047 5.69 995.0
2454212.91922 18.129 0.042 4.92 967.0
2454213.74580 18.239 0.040 4.84 916.0
2454215.73570 18.254 0.046 5.25 976.0
2454216.69310 18.258 0.047 5.22 1069.0
2454216.88594 18.227 0.023 4.63 322.0
2454217.69869 18.190 0.037 4.20 1071.0
2454218.72288 18.322 0.055 5.75 1045.0
2454219.74434 18.122 0.043 5.45 1007.0
2454220.68680 18.271 0.051 5.59 1165.0
2454221.72992 18.243 0.051 5.19 1307.0
2454222.90440 18.166 0.035 3.68 1323.0
2454223.73285 18.185 0.051 4.25 2265.0
2454224.77640 18.176 0.045 4.44 1480.0
2454228.67058 18.079 0.043 5.10 1274.0
2454228.90239 18.189 0.051 5.20 1482.0
2454229.66545 18.262 0.055 6.16 1133.0
2454229.86245 18.223 0.037 4.07 1160.0
2454229.92412 18.187 0.038 4.29 1167.0
2454230.67527 18.133 0.035 4.25 969.0
2454230.86323 18.161 0.040 4.72 1076.0
2454230.92496 18.157 0.052 5.78 1276.0
2454231.65960 17.982 0.038 5.57 1081.0
2454231.83519 18.132 0.034 4.04 1108.0
2454231.92798 18.166 0.042 4.70 1251.0
2454232.74240 18.159 0.043 4.88 1196.0
2454232.90946 18.181 0.046 5.14 1151.0
2454233.79148 18.217 0.048 5.44 1134.0
2454234.70247 18.204 0.048 5.62 1099.0
2454235.88469 18.157 0.036 4.15 1064.0
2454237.68573 18.098 0.039 5.30 954.0
2454238.72337 18.290 0.038 4.03 982.0
2454238.86932 18.141 0.040 4.56 1247.0
2454238.93106 18.181 0.056 6.04 1284.0
2454239.61384 18.274 0.047 5.03 1093.0
2454240.67085 18.228 0.036 4.27 954.0
2454240.80522 18.283 0.044 4.62 1047.0
2454240.93640 18.138 0.041 4.68 1342.0
2454243.63340 18.097 0.043 5.47 1130.0
2454243.72965 18.177 0.040 4.80 990.0
2454243.82324 18.213 0.042 4.81 1032.0
2454243.94089 18.188 0.054 5.32 1592.0
2454244.60921 18.208 0.053 5.81 1219.0
2454244.70527 18.168 0.038 4.44 1050.0
2454244.79835 18.250 0.038 4.09 1094.0
2454245.60188 18.158 0.039 5.93 689.0
2454245.69560 18.184 0.034 4.18 888.0
2454245.79204 18.212 0.033 3.88 898.0
2454246.66066 18.211 0.041 4.93 995.0
2454246.75363 18.182 0.045 5.33 1025.0
2454246.84687 18.143 0.039 4.39 1125.0
2454247.67585 18.279 0.044 4.63 1105.0
2454247.81378 18.170 0.033 3.79 1042.0
2454250.72396 18.340 0.046 4.15 1282.0
2454251.79550 18.233 0.061 5.18 1919.0
2454256.61077 18.234 0.055 5.73 1298.0
2454256.75759 18.093 0.055 6.67 1284.0
2454256.85543 18.273 0.067 6.31 1387.0
2454257.64267 18.194 0.055 6.23 1176.0
2454258.62592 18.210 0.052 6.18 1048.0
2454258.74919 18.244 0.041 4.38 1030.0
2454258.84388 18.129 0.042 4.89 1153.0
2454267.58596 18.079 0.052 6.59 1117.0
2454268.77338 18.155 0.038 4.71 953.0
2454268.89373 18.249 0.046 4.84 1233.0
2454269.56830 18.114 0.041 5.11 1127.0
2454269.68933 18.263 0.039 4.38 867.0
2454269.78010 18.158 0.035 4.30 894.0
2454270.56385 18.104 0.042 5.18 1147.0
2454272.63224 18.193 0.038 4.73 991.0
2454272.78136 18.183 0.036 4.03 1033.0
2454272.85284 18.206 0.048 5.12 1286.0
2454273.60925 18.142 0.055 6.40 1091.0
2454273.79007 18.221 0.048 4.80 1268.0
2454273.84988 18.154 0.046 4.71 1358.0
2454274.60172 18.154 0.052 5.63 1306.0
2454274.75623 18.269 0.041 4.12 1078.0
2454274.81538 18.215 0.046 4.87 1211.0
2454275.59444 18.254 0.040 4.26 1091.0
2454275.76985 18.181 0.042 4.72 1206.0
2454275.82831 18.224 0.052 5.42 1354.0
2454275.88951 18.183 0.067 7.17 1495.0
2454276.57922 18.162 0.045 5.18 1131.0
2454277.52306 18.238 0.057 5.39 1571.0
2454277.69870 18.171 0.038 4.27 1110.0
2454277.75871 18.226 0.046 5.06 1080.0
2454277.81731 18.200 0.058 6.14 1314.0
2454278.56007 18.211 0.064 6.38 1451.0
2454278.74405 18.108 0.046 5.62 1211.0
2454278.81707 18.341 0.072 6.43 1483.0
2454283.50253 18.182 0.051 4.45 1685.0
2454283.72270 18.298 0.069 4.62 2347.0
2454284.49756 18.220 0.051 5.06 1331.0
2454284.72804 18.231 0.037 3.62 1234.0
2454284.79024 18.254 0.047 4.47 1439.0
2454284.85531 18.403 0.067 4.82 1878.0
2454285.49600 18.257 0.050 4.29 1497.0
2454285.68811 18.176 0.048 5.25 1206.0
2454285.75491 18.210 0.042 4.70 1037.0
2454285.82038 18.185 0.045 4.58 1237.0
2454286.50029 18.133 0.048 5.05 1410.0
2454286.79721 18.189 0.050 4.66 1876.0
2454289.50502 18.184 0.054 5.97 1184.0
2454289.72340 18.183 0.044 4.97 1082.0
2454289.78846 18.268 0.043 4.55 1078.0
2454290.55447 18.133 0.043 5.34 965.0
2454291.65686 18.189 0.043 5.24 933.0
2454291.77926 18.130 0.050 6.20 967.0
2454292.48257 18.269 0.042 4.31 1187.0
2454292.66068 18.246 0.040 4.58 959.0
2454292.72031 18.168 0.033 3.84 950.0
2454292.77903 18.155 0.036 4.25 1037.0
2454292.84304 18.100 0.043 5.48 1249.0
2454293.48295 18.257 0.044 4.53 1116.0
2454293.68883 18.196 0.037 4.33 949.0
2454293.74764 18.183 0.034 3.92 919.0
2454293.82523 18.215 0.043 5.26 978.0
2454294.48221 18.225 0.042 4.59 1208.0
2454295.48373 18.187 0.052 6.21 1077.0
2454295.68723 18.266 0.034 4.09 784.0
2454295.74595 18.191 0.033 4.20 780.0
2454295.82819 18.133 0.044 5.84 965.0
2454296.48501 18.190 0.045 5.09 1073.0
2454296.67347 18.241 0.038 4.63 831.0
2454296.78964 18.149 0.038 5.27 876.0
2454297.50582 18.114 0.045 5.69 1032.0
2454297.70671 18.194 0.033 3.98 776.0
2454297.81920 18.045 0.042 6.19 889.0
2454298.54052 18.222 0.052 6.47 921.0
2454298.64635 18.141 0.042 5.50 851.0
2454298.73984 18.157 0.040 4.98 894.0
2454299.52338 18.281 0.043 4.67 945.0
2454299.61672 18.151 0.031 4.02 838.0
2454299.70889 18.234 0.032 3.81 791.0
2454299.79909 18.238 0.056 6.94 940.0
2454300.51928 18.416 0.048 4.47 968.0
2454300.63868 18.250 0.038 4.52 806.0
2454300.73510 18.264 0.041 4.67 842.0
2454301.50929 18.119 0.039 4.66 1127.0
2454301.60158 18.179 0.032 3.96 962.0
2454301.70429 18.182 0.034 4.04 890.0
2454301.79678 18.178 0.034 4.41 899.0
2454302.58307 18.370 0.043 4.65 868.0
2454302.67695 18.230 0.044 5.41 892.0
2454303.66469 18.287 0.059 6.60 892.0
2454304.54307 18.228 0.055 5.47 1409.0
2454304.65246 18.142 0.053 5.89 1217.0
2454306.53280 18.150 0.056 6.16 1239.0
2454306.66787 18.187 0.045 5.40 1031.0
2454307.76842 18.225 0.044 4.60 1170.0
2454311.74390 18.116 0.060 5.97 1755.0
2454312.51368 18.217 0.057 5.51 1518.0
2454312.70886 18.179 0.037 4.16 1158.0
2454312.80646 18.112 0.050 5.77 1396.0
2454315.54785 18.143 0.039 4.60 1036.0
2454316.57670 18.241 0.036 4.34 867.0
2454317.49908 18.162 0.043 5.16 1015.0
2454319.50817 18.166 0.045 5.38 1053.0
2454319.76260 18.233 0.048 5.34 1054.0
2454320.53113 18.206 0.041 4.58 950.0
2454326.48669 18.283 0.048 5.32 981.0
2454327.58038 18.194 0.055 6.53 1002.0
2454328.50741 18.275 0.050 4.77 1216.0
2454328.68441 18.298 0.048 4.80 1021.0
2454329.51756 18.253 0.045 4.50 1010.0
2454329.66543 18.154 0.044 5.08 967.0
2454329.72418 18.248 0.056 6.19 1065.0
2454330.53016 18.149 0.037 4.50 936.0
2454330.68109 18.174 0.036 4.26 927.0
2454331.51034 18.170 0.039 4.59 976.0
2454331.67690 18.206 0.050 6.09 922.0
2454332.48810 18.245 0.038 4.17 1004.0
2454333.51917 18.209 0.045 4.69 1122.0
2454333.68025 18.188 0.045 4.98 1020.0
2454334.49238 18.152 0.096 6.88 2807.0
2454334.59007 18.223 0.067 4.18 3390.0
2454338.49253 18.307 0.055 4.46 1571.0
2454339.51198 18.230 0.042 3.85 1403.0
2454339.68321 18.046 0.056 6.90 1431.0
2454340.58065 18.379 0.058 5.14 1334.0
2454341.49294 18.195 0.052 5.26 1276.0
2454342.52222 18.205 0.046 5.01 1079.0
2454343.49824 18.191 0.032 3.58 1070.0
2454343.69807 18.188 0.047 5.33 1222.0
2454344.52896 18.213 0.058 6.20 1175.0
2454345.49436 18.197 0.033 3.70 1027.0
2454346.50297 18.257 0.048 4.97 1121.0
2454347.52193 18.310 0.054 5.61 1001.0
2454348.63329 18.189 0.041 5.09 1007.0
2454350.51753 18.234 0.039 4.02 1068.0
2454351.49278 18.153 0.037 4.32 1005.0
2454352.54028 18.333 0.060 5.83 1059.0
2454353.50019 18.203 0.039 4.12 1103.0
2454354.52878 18.142 0.037 4.37 1069.0
2454355.53037 18.078 0.038 4.71 1097.0
2454356.49679 18.222 0.037 4.22 991.0
2454357.58009 18.227 0.053 5.96 1049.0
2454358.53734 18.091 0.041 5.06 1050.0
2454359.50612 18.243 0.045 4.87 1055.0
2454361.55913 18.148 0.053 5.84 1196.0
2454362.49452 18.266 0.059 4.21 2622.0
2454365.55150 18.283 0.059 5.57 1365.0
2454367.52788 18.246 0.041 3.99 1318.0
2454368.56339 18.269 0.060 5.80 1299.0
2454369.57652 18.211 0.070 6.85 1507.0
2454370.55035 18.251 0.038 3.59 1304.0
2454371.52378 18.218 0.037 3.81 1169.0
2454372.50829 18.232 0.033 3.58 988.0
2454373.57377 18.264 0.041 3.79 1156.0
2454375.56472 18.144 0.056 6.27 1284.0
2454377.59794 18.175 0.048 5.94 1163.0
2454378.50799 18.223 0.040 4.47 976.0
2454379.52339 18.166 0.052 5.76 1127.0
2454380.53487 18.251 0.041 4.38 1053.0
2454381.51283 18.327 0.068 6.26 1284.0
2454382.60136 18.225 0.048 5.20 1225.0
2454383.52632 18.161 0.048 5.37 1196.0
2454384.58336 18.180 0.056 6.11 1089.0
2454387.56174 18.250 0.044 4.36 1142.0
2454393.52066 18.204 0.040 4.12 1294.0
2454394.57804 18.211 0.052 4.77 1556.0
2454395.54943 18.246 0.051 4.58 1381.0
2454396.56197 18.321 0.060 4.71 1761.0
2454397.52084 18.217 0.045 4.27 1559.0
2454398.52850 18.138 0.049 4.86 1536.0
2454399.56402 18.261 0.053 4.75 1777.0
2454400.52342 18.217 0.059 5.66 1711.0
2454402.53803 18.324 0.075 6.63 1357.0
2454403.53903 18.337 0.066 5.79 1373.0
2454506.88978 18.155 0.070 6.02 2359.0
2454511.84125 18.285 0.040 4.62 990.0
2454513.85083 18.254 0.042 4.74 1097.0
2454517.84488 18.266 0.056 5.26 1508.0
2454519.83080 18.201 0.054 5.87 1279.0
2454522.86392 18.125 0.053 6.30 1210.0
2454524.84332 18.153 0.046 5.29 1218.0
2454530.80551 18.107 0.031 3.79 1046.0
2454533.83923 18.283 0.048 5.76 975.0
2454535.88925 17.975 0.035 5.28 954.0
2454537.78886 18.202 0.050 6.21 943.0
2454538.88280 18.167 0.042 4.99 969.0
2454539.84402 18.219 0.038 4.66 902.0
2454540.85391 18.223 0.037 4.26 979.0
2454541.78296 18.231 0.040 4.92 912.0
2454542.77748 18.141 0.045 5.84 1040.0
2454543.77312 18.099 0.041 5.44 1051.0
2454544.76997 18.110 0.040 4.78 1186.0
2454545.75670 18.267 0.053 5.35 1276.0
2454546.76328 18.241 0.046 4.60 1270.0
2454547.77745 18.153 0.042 4.65 1295.0
2454548.83037 18.165 0.044 5.14 1172.0
2454550.80261 18.042 0.042 5.57 1101.0
2454551.74895 18.192 0.041 4.49 1242.0
2454552.79257 18.134 0.057 4.57 2581.0
2454556.74524 18.163 0.040 5.28 887.0
2454557.76284 18.104 0.036 5.01 868.0
2454558.78304 18.173 0.032 4.18 844.0
2454559.73590 18.246 0.039 5.20 787.0
2454559.92479 18.143 0.057 4.43 2740.0
2454560.73825 18.147 0.038 5.71 790.0
2454561.72869 18.196 0.034 4.20 908.0
2454561.91476 18.220 0.033 3.88 962.0
2454564.71892 18.122 0.036 5.34 832.0
2454564.91916 18.234 0.043 5.35 945.0
2454565.71707 18.231 0.033 4.09 838.0
2454565.90763 18.222 0.028 3.55 870.0
2454566.71637 18.250 0.036 4.33 840.0
2454566.91290 18.226 0.033 4.08 898.0
2454567.70857 18.199 0.039 4.90 966.0
2454567.91526 18.249 0.037 4.37 988.0
2454568.71409 18.267 0.043 4.94 900.0
2454569.72378 18.154 0.037 4.96 879.0
2454570.71508 18.177 0.048 6.07 983.0
2454571.90106 18.197 0.035 4.39 897.0
2454572.74000 18.173 0.044 5.62 987.0
2454573.72844 18.299 0.049 5.42 1080.0
2454574.73088 18.345 0.054 5.29 1134.0
2454575.73630 18.138 0.038 4.30 1170.0
2454576.74400 18.185 0.039 4.20 1266.0
2454577.82817 18.228 0.040 4.33 1105.0
2454578.77931 18.146 0.050 5.81 1176.0
2454579.85599 18.193 0.040 4.35 1221.0
2454583.72294 18.146 0.049 5.43 1303.0
2454583.90807 18.269 0.041 4.61 951.0
2454585.74346 18.252 0.048 5.57 988.0
2454586.75133 18.213 0.042 5.28 927.0
2454587.75958 18.196 0.046 5.70 948.0
2454587.91801 18.183 0.051 6.10 1033.0
2454588.72476 18.249 0.043 5.42 925.0
2454589.70709 18.152 0.038 4.69 964.0
2454589.86237 18.167 0.046 5.51 946.0
2454589.92440 18.344 0.049 4.68 1019.0
2454590.68448 18.306 0.046 5.08 1013.0
2454590.69337 18.218 0.047 5.48 1056.0
2454590.70483 18.248 0.038 4.24 982.0
2454590.71599 18.222 0.038 4.31 980.0
2454590.73878 18.217 0.042 5.12 940.0
2454590.77236 18.176 0.038 4.54 968.0
2454590.80681 18.164 0.037 4.59 935.0
2454590.85572 18.173 0.037 4.47 959.0
2454590.89010 18.139 0.037 4.43 1031.0
2454590.93237 18.188 0.042 4.34 1339.0
2454591.64008 18.201 0.047 5.53 1169.0
2454591.69627 18.181 0.043 5.03 1085.0
2454591.78551 18.137 0.034 4.20 976.0
2454591.86829 18.201 0.045 5.31 1048.0
2454591.93043 18.127 0.041 4.33 1366.0
2454592.65476 18.253 0.043 4.31 1238.0
2454592.84396 18.074 0.046 5.45 1303.0
2454592.90727 18.153 0.037 3.89 1309.0
2454593.64405 18.233 0.043 4.67 1065.0
2454593.85363 18.115 0.037 4.81 1072.0
2454593.91562 18.163 0.037 4.18 1135.0
2454594.66505 18.141 0.047 5.92 999.0
2454594.85983 18.195 0.040 5.03 1019.0
2454594.92561 18.223 0.042 4.95 984.0
2454595.65053 18.204 0.044 5.36 980.0
2454595.84872 18.112 0.036 5.01 900.0
2454595.91085 18.289 0.045 5.33 933.0
2454596.64385 18.133 0.042 5.52 988.0
2454596.92356 18.194 0.038 4.84 979.0
2454597.67434 18.193 0.039 5.17 880.0
2454597.86566 18.182 0.039 4.80 993.0
2454597.93677 18.165 0.054 5.71 1429.0
2454598.64410 18.172 0.031 4.27 814.0
2454598.88894 18.151 0.034 4.23 940.0
2454599.62295 18.137 0.046 5.70 1105.0
2454599.82696 18.158 0.030 3.97 871.0
2454600.63215 18.187 0.037 4.73 888.0
2454600.93873 18.087 0.039 3.80 1925.0
2454601.63775 18.196 0.038 4.31 1063.0
2454601.85401 18.239 0.034 4.12 829.0
2454601.91595 18.190 0.040 5.75 875.0
2454602.62515 18.171 0.038 4.53 1027.0
2454602.83974 18.259 0.035 4.19 994.0
2454603.75777 18.254 0.037 4.19 944.0
2454606.62552 18.253 0.054 5.52 1521.0
2454610.72725 18.283 0.038 3.77 1173.0
2454610.93470 18.140 0.041 4.35 1502.0
2454611.61729 18.239 0.053 5.76 1172.0
2454611.85017 18.144 0.035 3.82 1215.0
2454612.63868 18.046 0.044 5.32 1314.0
2454615.78037 18.228 0.043 4.98 982.0
2454616.58942 18.111 0.051 6.59 1074.0
2454616.80588 18.108 0.035 4.93 880.0
2454616.87569 18.176 0.040 4.87 1039.0
2454617.65292 18.251 0.039 4.57 916.0
2454618.60092 18.147 0.043 5.73 993.0
2454621.70157 18.262 0.035 4.72 781.0
2454621.82349 18.365 0.034 3.92 836.0
2454621.84228 18.103 0.031 4.44 918.0
2454621.89837 18.178 0.038 5.05 1067.0
2454622.56277 18.092 0.049 6.05 1128.0
2454622.63673 18.214 0.043 4.91 991.0
2454622.69326 18.153 0.038 4.59 931.0
2454622.79955 18.192 0.042 5.31 1000.0
2454622.90089 18.302 0.053 5.27 1249.0
2454622.94298 18.232 0.052 5.39 1431.0
2454623.61432 18.339 0.061 6.75 933.0
2454623.85837 18.302 0.059 6.03 1194.0
2454623.92559 18.311 0.060 6.33 1278.0
2454624.57473 18.132 0.051 6.16 1151.0
2454624.79831 18.223 0.044 5.39 933.0
2454624.86491 18.306 0.044 4.72 963.0
2454624.93390 18.208 0.044 4.90 1248.0
2454625.59261 18.128 0.042 5.30 968.0
2454625.78074 18.294 0.055 6.03 1090.0
2454625.87466 18.147 0.045 5.55 1017.0
2454626.59104 18.239 0.047 5.68 905.0
2454626.84304 18.245 0.040 4.83 887.0
2454627.54796 18.329 0.048 4.84 1106.0
2454627.81852 18.274 0.033 3.96 799.0
2454627.90321 18.281 0.034 4.11 887.0
2454628.58127 18.249 0.044 5.09 982.0
2454628.74505 18.176 0.038 4.81 919.0
2454628.81066 18.270 0.043 4.98 910.0
2454628.87260 18.236 0.039 4.75 979.0
2454629.61626 18.326 0.039 4.01 880.0
2454629.81871 18.242 0.039 4.43 996.0
2454629.89647 18.232 0.040 4.59 1023.0
2454630.54796 18.105 0.043 5.26 1132.0
2454630.75800 18.092 0.035 4.79 1015.0
2454630.84118 18.244 0.039 4.36 981.0
2454630.90416 18.236 0.046 5.02 1098.0
2454631.55347 18.168 0.036 4.17 1144.0
2454631.76935 18.113 0.034 4.79 934.0
2454631.84707 18.149 0.032 3.98 1011.0
2454631.92206 18.124 0.045 4.99 1439.0
2454632.55665 18.321 0.048 4.77 1276.0
2454632.82748 18.216 0.036 4.11 1060.0
2454633.55687 18.225 0.042 4.41 1247.0
2454633.65871 18.218 0.049 5.27 1211.0
2454633.78032 18.205 0.041 3.80 1565.0
2454638.74238 18.172 0.042 4.86 1066.0
2454638.84003 18.197 0.045 4.86 1273.0
2454639.56371 18.172 0.045 4.98 1337.0
2454639.66119 18.164 0.035 3.90 1195.0
2454639.84059 18.272 0.065 5.75 1885.0
2454640.58113 18.203 0.034 3.87 976.0
2454640.71222 18.132 0.034 4.52 942.0
2454640.81933 18.110 0.044 5.73 1022.0
2454641.60399 18.253 0.039 4.57 894.0
2454641.75959 18.224 0.042 5.07 973.0
2454642.57972 18.266 0.041 4.69 954.0
2454642.74025 18.203 0.038 4.92 896.0
2454642.81818 18.154 0.039 4.96 1008.0
2454643.53987 18.233 0.046 5.31 1039.0
2454644.65235 18.292 0.048 5.44 897.0
2454644.83163 18.219 0.034 4.17 944.0
2454645.50654 18.493 0.061 4.88 1318.0
2454645.75718 18.204 0.049 5.77 1016.0
2454645.83308 18.168 0.043 5.09 1160.0
2454646.50838 18.306 0.048 4.81 1188.0
2454646.84046 18.228 0.040 4.27 1202.0
2454647.50288 18.154 0.045 4.36 1556.0
2454647.72771 18.004 0.038 5.25 1089.0
2454647.83447 18.189 0.045 5.28 1200.0
2454648.53130 18.175 0.042 4.39 1143.0
2454648.62075 18.185 0.038 4.33 1033.0
2454648.69709 18.217 0.042 5.06 974.0
2454648.84868 18.106 0.043 5.40 1197.0
2454649.51142 18.200 0.045 4.69 1178.0
2454649.72193 18.188 0.037 4.40 917.0
2454649.83650 18.188 0.042 5.21 1054.0
2454650.54293 18.251 0.047 4.90 1278.0
2454650.76037 18.268 0.039 4.33 876.0
2454650.84539 18.346 0.048 4.75 1122.0
2454651.50319 18.195 0.047 4.71 1355.0
2454651.79875 18.270 0.043 4.65 1063.0
2454652.49475 18.101 0.049 5.64 1356.0
2454652.69732 18.162 0.041 5.34 976.0
2454652.77888 18.136 0.037 4.85 935.0
2454652.83251 18.237 0.045 5.35 1077.0
2454653.49119 18.237 0.057 5.88 1295.0
2454653.71024 18.239 0.041 4.58 1006.0
2454653.77548 18.333 0.053 5.32 1068.0
2454654.52653 18.113 0.043 5.79 992.0
2454654.73818 18.146 0.039 5.09 927.0
2454654.80646 18.239 0.056 5.93 1238.0
2454655.49097 18.329 0.053 5.06 1348.0
2454655.71538 18.213 0.036 4.49 835.0
2454655.77731 18.211 0.039 4.71 972.0
2454656.49299 18.217 0.034 3.64 1026.0
2454656.68273 18.332 0.049 5.09 1130.0
2454656.79835 18.207 0.041 4.31 1346.0
2454657.56755 18.349 0.060 5.91 1079.0
2454658.65133 18.135 0.042 5.33 999.0
2454659.58541 18.281 0.057 6.22 1001.0
2454660.60348 18.213 0.042 4.81 1040.0
2454661.48109 18.159 0.046 4.97 1522.0
2454661.67864 18.201 0.042 4.71 1129.0
2454661.74321 18.138 0.040 4.18 1224.0
2454661.81034 18.168 0.047 4.80 1545.0
2454665.64834 18.158 0.052 4.60 1846.0
2454666.49258 18.193 0.055 5.41 1547.0
2454666.67726 18.166 0.043 4.94 1231.0
2454669.60266 18.027 0.051 6.17 1377.0
2454670.63868 18.061 0.042 5.94 938.0
2454671.56607 18.097 0.042 6.03 831.0
2454671.76664 18.109 0.045 5.89 985.0
2454672.49437 18.160 0.033 3.88 1038.0
2454672.75785 18.173 0.038 4.35 1098.0
2454672.79684 18.309 0.043 4.73 1041.0
2454674.52831 18.195 0.042 5.09 940.0
2454675.66917 18.203 0.038 4.89 1000.0
2454677.47945 18.281 0.044 4.58 1124.0
2454677.62584 18.256 0.049 6.14 900.0
2454677.70955 18.152 0.041 5.42 906.0
2454678.67984 18.307 0.041 4.96 854.0
2454679.57218 18.153 0.049 6.28 934.0
2454681.52083 18.204 0.039 4.99 881.0
2454681.62091 18.107 0.041 5.96 836.0
2454682.49186 18.227 0.038 4.15 1000.0
2454682.56778 18.180 0.040 4.54 975.0
2454682.74447 18.149 0.034 4.21 929.0
2454683.51015 18.205 0.057 6.30 1206.0
2454683.69728 18.246 0.048 5.61 885.0
2454684.50284 18.234 0.042 4.41 1153.0
2454684.75884 18.234 0.040 4.82 1010.0
2454685.53621 18.310 0.044 4.65 1040.0
2454686.49149 18.314 0.044 4.28 1077.0
2454687.51747 18.289 0.044 4.56 895.0
2454687.73083 18.187 0.043 5.04 1089.0
2454688.48810 18.390 0.060 5.49 1154.0
2454688.67809 18.174 0.035 4.35 885.0
2454688.73980 18.282 0.057 6.19 1066.0
2454693.53253 18.368 0.044 4.06 1210.0
2454694.53101 18.237 0.063 6.59 1181.0
2454697.49170 18.206 0.040 4.88 952.0
2454698.49705 18.200 0.045 5.70 890.0
2454699.49117 18.186 0.040 4.73 964.0
2454700.49949 18.170 0.034 4.08 962.0
2454701.49483 18.124 0.041 5.15 1044.0
2454702.49320 18.223 0.041 4.77 997.0
2454703.60113 18.216 0.046 5.87 911.0
2454704.60835 18.279 0.040 4.42 943.0
2454705.49708 18.227 0.039 4.47 968.0
2454707.59799 18.150 0.035 4.67 840.0
2454708.52985 18.192 0.043 5.53 953.0
2454709.50581 18.181 0.050 5.92 1050.0
2454710.53332 18.050 0.037 5.29 968.0
2454711.51537 18.211 0.050 6.01 956.0
2454715.57540 18.289 0.053 5.82 1020.0
2454716.56621 18.135 0.038 3.92 1389.0
2454720.51886 18.270 0.055 5.36 1272.0
2454721.51971 18.156 0.056 5.95 1290.0
2454722.63206 18.233 0.051 5.35 1298.0
2454724.49887 18.178 0.052 5.67 1209.0
2454725.57264 18.341 0.053 4.75 1332.0
2454726.53722 18.247 0.061 6.46 1099.0
2454728.58172 18.220 0.050 5.70 995.0
2454729.52227 18.283 0.058 6.54 944.0
2454730.60815 18.237 0.043 4.98 1001.0
2454731.54520 18.067 0.043 5.95 947.0
2454733.49677 18.162 0.040 4.81 959.0
2454734.54322 18.270 0.051 5.40 1008.0
2454737.53139 18.264 0.050 5.85 924.0
2454740.54350 18.243 0.048 5.55 967.0
2454741.59419 18.218 0.044 5.39 1003.0
2454743.52476 18.296 0.050 5.03 1016.0
2454750.59134 17.995 0.052 6.41 1504.0
2454756.54303 18.309 0.059 5.86 1218.0
2454765.50890 18.119 0.046 5.80 1127.0
2454867.88432 18.177 0.046 3.91 1990.0
2454872.85513 18.008 0.056 6.44 1591.0
2454873.86852 18.135 0.039 4.20 1290.0
2454876.85703 18.301 0.050 5.48 1090.0
2454884.84008 18.137 0.037 4.72 1154.0
2454886.89075 18.187 0.039 4.35 1132.0
2454890.87298 18.088 0.037 5.40 834.0
2454896.86060 18.151 0.033 3.98 883.0
2454899.83207 18.023 0.035 4.60 1135.0
2454900.81184 17.965 0.031 3.63 1255.0
2454901.87192 17.969 0.032 4.85 1102.0
2454902.87031 17.892 0.027 4.18 1044.0
2454904.79474 17.965 0.032 4.48 1113.0
2454905.89855 17.873 0.043 6.44 1177.0
2454910.80060 17.527 0.026 4.16 1834.0
2454911.77125 17.347 0.015 3.79 794.0
2454912.76806 17.171 0.013 3.54 810.0
2454914.77101 16.524 0.010 5.63 791.0
2454916.75067 15.180 0.004 5.65 886.0
2454916.77671 15.206 0.004 4.22 835.0
2454916.81706 15.284 0.004 4.43 810.0
2454916.86586 15.345 0.004 4.36 775.0
2454916.89741 15.395 0.004 4.18 750.0
2454917.77487 16.300 0.007 4.14 862.0
2454917.90512 16.409 0.010 5.87 1010.0
2454918.76790 16.790 0.011 4.17 831.0
2454918.77395 16.779 0.011 4.34 845.0
2454920.72102 17.304 0.015 4.16 838.0
2454920.92108 17.364 0.023 5.14 1686.0
2454921.72577 17.451 0.023 5.53 985.0
2454924.72974 17.745 0.023 4.08 894.0
2454925.77904 17.770 0.022 4.09 913.0
2454925.89506 17.784 0.022 4.41 904.0
2454926.74281 17.820 0.029 4.40 1137.0
2454927.83035 17.918 0.033 5.07 979.0
2454928.72408 17.956 0.034 5.01 1099.0
2454929.72398 17.975 0.037 4.96 1215.0
2454930.78195 17.991 0.035 4.35 1294.0
2454931.70965 18.024 0.040 4.61 1442.0
2454931.82626 17.900 0.032 4.62 1168.0
2454932.78153 18.098 0.034 4.36 1134.0
2454933.70163 18.003 0.044 5.23 1430.0
2454933.82980 17.992 0.034 4.66 1177.0
2454934.80521 18.089 0.052 5.62 1516.0
2454938.70974 18.095 0.034 4.20 1085.0
2454938.80965 18.177 0.039 5.33 1051.0
2454939.75117 18.129 0.044 5.67 1044.0
2454939.89588 17.951 0.037 6.24 1009.0
2454940.73282 18.060 0.035 4.81 932.0
2454941.70754 18.070 0.036 5.22 969.0
2454941.83457 18.106 0.040 6.11 935.0
2454942.68705 18.201 0.043 4.96 962.0
2454942.85992 18.137 0.033 4.97 881.0
2454943.69937 18.167 0.036 4.73 838.0
2454943.76545 18.200 0.033 4.18 856.0
2454944.70478 18.151 0.032 3.93 911.0
2454944.77994 18.083 0.032 4.75 898.0
2454945.70474 18.216 0.041 5.00 968.0
2454945.85716 18.101 0.027 4.40 867.0
2454946.76160 18.087 0.032 4.67 884.0
2454947.84611 18.160 0.031 4.19 974.0
2454949.66421 18.121 0.034 3.99 1021.0
2454950.70575 18.102 0.041 5.63 939.0
2454951.79157 18.269 0.040 5.50 961.0
2454952.80974 18.151 0.035 5.58 860.0
2454953.66855 18.218 0.036 3.81 958.0
2454953.77428 18.031 0.035 4.93 946.0
2454954.68867 18.251 0.036 4.08 889.0
2454954.79414 18.134 0.032 4.09 868.0
2454955.69263 18.194 0.037 4.46 929.0
