2452126.69124 18.412 0.081 8.13 1194.0
2452130.48399 18.171 0.032 4.47 831.0
2452133.50987 18.313 0.037 4.23 873.0
2452179.50168 18.302 0.057 6.07 1168.0
2452189.49678 18.509 0.066 6.11 1029.0
2452333.90252 18.365 0.046 4.63 1365.0
2452337.80920 18.256 0.041 4.01 1392.0
2452349.82758 18.256 0.040 5.15 914.0
2452357.82071 18.268 0.039 4.51 886.0
2452365.89526 18.283 0.040 4.35 1129.0
2452373.77572 18.309 0.042 4.99 893.0
2452464.76687 18.283 0.032 3.54 785.0
2452708.90155 18.355 0.040 4.12 879.0
2452850.63392 18.304 0.033 3.68 926.0
2452858.76123 18.298 0.050 4.47 1410.0
2453059.84734 18.309 0.045 4.96 941.0
2453064.86252 18.341 0.045 4.65 1035.0
2453068.81587 18.404 0.052 4.75 1157.0
2453070.90110 18.305 0.038 3.67 1137.0
2453073.85355 18.292 0.037 3.73 1062.0
2453075.88815 18.434 0.044 4.05 1061.0
2453080.80070 18.401 0.050 4.51 1203.0
2453083.75495 18.330 0.040 4.41 828.0
2453085.85157 18.216 0.030 4.00 747.0
2453087.77924 18.492 0.048 5.04 834.0
2453089.82623 18.334 0.028 3.43 799.0
2453091.88045 18.301 0.031 3.78 812.0
2453097.80536 18.363 0.046 4.80 955.0
2453099.89192 18.448 0.052 5.25 914.0
2453101.79705 18.183 0.038 4.41 1086.0
2453102.89177 18.317 0.038 3.58 1034.0
2453104.74746 18.330 0.101 3.72 7020.0
2453106.88914 18.293 0.043 3.94 1673.0
2453107.87958 18.210 0.039 3.82 1448.0
2453109.81657 18.314 0.031 3.38 802.0
2453110.88321 18.326 0.033 3.84 896.0
2453112.88248 18.268 0.031 4.36 717.0
2453113.89379 18.363 0.038 4.38 776.0
2453114.82414 18.257 0.031 3.93 833.0
2453115.88457 18.286 0.032 4.06 838.0
2453116.86497 18.364 0.038 4.11 851.0
2453124.75670 18.323 0.048 5.73 928.0
2453126.69626 18.330 0.035 3.66 861.0
2453127.86261 18.451 0.045 4.03 1010.0
2453128.86244 18.255 0.045 4.84 1205.0
2453130.74140 18.305 0.042 3.58 1387.0
2453131.70778 18.350 0.057 5.04 1417.0
2453134.87683 18.399 0.087 5.34 2979.0
2453137.75883 18.369 0.046 5.72 906.0
2453138.64417 18.331 0.045 4.66 948.0
2453139.93148 18.347 0.038 4.06 1054.0
2453142.81219 18.342 0.034 4.02 916.0
2453144.82921 18.403 0.036 4.10 801.0
2453146.87494 18.329 0.036 4.59 779.0
2453151.79988 18.338 0.043 5.64 777.0
2453152.80143 18.307 0.042 4.62 897.0
2453153.80006 18.396 0.047 5.24 931.0
2453154.88770 18.300 0.050 5.70 1006.0
2453156.85638 18.222 0.042 5.01 1051.0
2453157.86833 18.238 0.040 4.25 1244.0
2453158.87916 18.349 0.057 5.04 1393.0
2453162.83784 18.306 0.039 3.83 1217.0
2453163.79701 18.311 0.037 3.99 1008.0
2453164.78560 18.244 0.031 3.73 851.0
2453165.70271 18.318 0.031 3.89 745.0
2453167.64803 18.340 0.068 7.87 881.0
2453168.85011 18.400 0.039 3.97 942.0
2453169.81683 18.387 0.044 4.98 888.0
2453170.63438 18.329 0.030 3.92 691.0
2453171.77243 18.475 0.034 3.85 814.0
2453171.89800 18.321 0.041 4.33 997.0
2453172.79678 18.320 0.041 5.46 830.0
2453173.83422 18.366 0.047 4.93 922.0
2453174.75326 18.216 0.030 3.93 827.0
2453175.76371 18.285 0.031 3.69 888.0
2453175.84003 18.367 0.036 3.82 1000.0
2453177.80874 18.319 0.050 6.11 959.0
2453179.54444 18.345 0.038 4.18 863.0
2453180.76839 18.361 0.030 3.72 637.0
2453182.82853 18.352 0.039 4.21 887.0
2453183.78748 18.349 0.045 4.90 825.0
2453184.74205 18.385 0.039 4.38 843.0
2453185.67319 18.284 0.036 3.82 935.0
2453193.59234 18.337 0.035 4.37 761.0
2453193.63654 18.252 0.031 3.65 819.0
2453194.54275 18.289 0.048 4.68 1205.0
2453194.78526 18.267 0.036 4.03 882.0
2453195.54246 18.165 0.032 3.76 895.0
2453196.73592 18.315 0.037 4.15 938.0
2453197.56656 18.303 0.036 4.10 818.0
2453199.67452 18.254 0.030 4.43 624.0
2453201.53546 18.290 0.032 4.23 894.0
2453202.66316 18.332 0.043 5.39 839.0
2453203.57970 18.223 0.026 3.66 704.0
2453204.61346 18.238 0.027 3.78 678.0
2453205.70463 18.295 0.030 4.00 658.0
2453206.57612 18.390 0.030 3.84 665.0
2453206.76210 18.298 0.047 5.85 855.0
2453210.49666 18.295 0.041 4.96 1012.0
2453211.65190 18.347 0.042 5.50 677.0
2453217.69271 18.306 0.042 4.11 1258.0
2453218.69176 18.219 0.046 5.00 1247.0
2453223.69572 18.426 0.050 5.26 847.0
2453224.74026 18.287 0.044 4.70 1042.0
2453226.67115 18.370 0.051 6.15 701.0
2453228.64158 18.349 0.041 5.18 704.0
2453230.71148 18.319 0.036 4.46 721.0
2453231.61481 18.389 0.046 5.15 851.0
2453232.64834 18.422 0.051 6.39 730.0
2453238.66313 18.304 0.042 5.18 767.0
2453240.51224 18.236 0.038 4.30 904.0
2453241.69583 18.465 0.065 4.39 1792.0
2453245.59912 18.291 0.050 5.40 1110.0
2453247.48618 18.327 0.043 4.04 1127.0
2453249.59252 18.268 0.047 5.36 899.0
2453251.50174 18.446 0.053 5.61 819.0
2453254.55324 18.369 0.057 6.50 783.0
2453257.49767 18.398 0.039 4.81 747.0
2453265.59008 18.316 0.042 4.90 844.0
2453267.57007 18.344 0.041 4.56 990.0
2453272.63070 18.289 0.053 5.60 1161.0
2453277.54207 18.271 0.038 3.82 1054.0
2453282.51983 18.315 0.036 4.20 802.0
2453289.50180 18.343 0.046 4.84 885.0
2453294.49283 18.375 0.070 7.36 885.0
2453295.51222 18.447 0.039 5.03 597.0
2453300.55327 18.251 0.058 5.73 1341.0
2453418.88345 18.295 0.032 3.61 842.0
2453423.85768 18.379 0.046 5.38 785.0
2453427.86223 18.196 0.035 4.31 912.0
2453429.89036 18.351 0.051 5.60 917.0
2453436.84750 18.326 0.046 5.72 762.0
2453443.80272 18.215 0.034 4.38 758.0
2453445.84572 18.323 0.031 3.46 696.0
2453447.89422 18.423 0.045 4.71 782.0
2453449.91139 18.451 0.041 4.03 887.0
2453453.81357 18.268 0.047 4.93 1089.0
2453455.87345 18.218 0.035 3.91 1038.0
2453456.88195 18.227 0.031 3.68 885.0
2453457.87647 18.292 0.032 3.79 811.0
2453459.86741 18.271 0.033 3.44 1006.0
2453468.91782 18.378 0.035 3.87 827.0
2453470.90886 18.277 0.034 4.15 759.0
2453472.81870 18.265 0.031 3.75 727.0
2453473.90030 18.379 0.046 5.29 757.0
2453474.90230 18.282 0.034 4.40 735.0
2453475.89784 18.337 0.028 3.32 729.0
2453477.91359 18.318 0.035 4.30 733.0
2453479.78418 18.249 0.027 3.49 616.0
2453482.91601 18.291 0.036 4.21 787.0
2453496.77188 18.289 0.044 5.19 930.0
2453497.87312 18.260 0.040 5.01 881.0
2453499.76636 18.382 0.031 3.73 661.0
2453500.85330 18.222 0.030 3.85 796.0
2453502.66910 18.334 0.035 3.81 875.0
2453503.82181 18.301 0.035 4.09 736.0
2453506.76908 18.278 0.029 3.94 680.0
2453509.68282 18.267 0.037 4.70 794.0
2453510.92871 18.322 0.036 3.75 956.0
2453511.85785 18.281 0.035 4.00 998.0
2453517.73057 18.194 0.057 4.65 2298.0
2453520.87162 18.361 0.050 5.21 963.0
2453521.68449 18.323 0.030 4.06 630.0
2453522.79301 18.377 0.041 4.69 760.0
2453523.82714 18.289 0.032 4.29 759.0
2453525.90262 18.190 0.035 4.10 930.0
2453526.93343 18.294 0.048 5.45 956.0
2453528.60594 18.282 0.034 4.07 731.0
2453530.82558 18.305 0.027 3.53 660.0
2453538.71921 18.363 0.031 3.70 817.0
2453540.77555 18.309 0.032 3.69 967.0
2453544.78467 18.156 0.034 3.61 1333.0
2453547.78552 18.331 0.045 5.12 793.0
2453550.79887 18.391 0.033 3.65 759.0
2453551.79359 18.352 0.040 4.88 690.0
2453552.81274 18.267 0.044 5.38 834.0
2453553.79574 18.506 0.072 6.23 1080.0
2453554.81459 18.354 0.044 4.75 830.0
2453555.80414 18.418 0.057 6.08 890.0
2453556.71643 18.344 0.040 4.89 654.0
2453558.60048 18.303 0.035 4.47 661.0
2453559.60890 18.356 0.037 4.53 674.0
2453560.65019 18.330 0.029 3.52 630.0
2453561.58667 18.345 0.035 3.58 785.0
2453562.63937 18.309 0.035 4.17 703.0
2453563.69138 18.299 0.033 4.26 644.0
2453564.52574 18.372 0.065 6.83 960.0
2453564.79712 18.410 0.049 5.94 662.0
2453568.80160 18.278 0.040 4.41 938.0
2453569.62996 18.384 0.062 6.33 933.0
2453573.73831 18.253 0.041 4.49 1054.0
2453574.73537 18.228 0.039 4.49 948.0
2453575.67716 18.310 0.029 3.39 754.0
2453576.73326 18.336 0.039 4.33 790.0
2453577.78158 18.359 0.042 4.84 722.0
2453578.71829 18.291 0.032 4.27 610.0
2453579.66363 18.274 0.031 4.30 618.0
2453580.70322 18.281 0.036 4.47 727.0
2453581.71644 18.349 0.037 4.58 658.0
2453582.66538 18.236 0.028 3.59 628.0
2453583.68358 18.311 0.034 4.40 633.0
2453584.68752 18.313 0.029 3.61 613.0
2453585.68572 18.301 0.034 4.56 551.0
2453586.74019 18.195 0.032 4.19 724.0
2453588.76649 18.380 0.050 5.69 734.0
2453589.72943 18.316 0.038 4.62 709.0
2453590.72572 18.275 0.036 4.16 785.0
2453591.70073 18.377 0.032 3.34 691.0
2453592.73407 18.386 0.037 4.11 718.0
2453601.70190 18.315 0.043 4.14 1134.0
2453602.70223 18.320 0.048 4.63 1197.0
2453603.68343 18.270 0.036 4.43 797.0
2453607.68115 18.269 0.045 5.86 688.0
2453609.50897 18.267 0.040 5.31 662.0
2453615.62642 18.401 0.044 5.27 646.0
2453617.65687 18.379 0.044 5.59 640.0
2453619.58982 18.281 0.032 3.76 777.0
2453621.59221 18.383 0.043 5.01 677.0
2453628.65681 18.302 0.058 5.42 1414.0
2453629.51492 18.232 0.030 3.80 925.0
2453631.61570 18.388 0.047 4.36 1314.0
2453633.54234 18.353 0.049 5.93 862.0
2453634.62137 18.237 0.039 4.86 791.0
2453639.49196 18.239 0.028 3.51 753.0
2453641.59594 18.259 0.051 5.70 892.0
2453644.57874 18.448 0.041 4.09 836.0
2453649.55214 18.414 0.038 4.25 751.0
2453651.59638 18.237 0.047 5.60 1002.0
2453655.56504 18.267 0.042 4.38 1110.0
2453659.56288 18.267 0.061 5.88 1331.0
2453662.56120 18.348 0.068 6.09 1370.0
2453668.52771 18.398 0.049 5.09 961.0
2453676.50674 18.169 0.042 4.33 1299.0
2453777.86706 18.293 0.035 3.84 916.0
2453783.85342 18.283 0.035 3.61 1026.0
2453785.86892 18.266 0.033 3.46 923.0
2453787.87855 18.312 0.038 4.01 977.0
2453791.85291 18.266 0.042 5.19 906.0
2453793.89715 18.204 0.034 3.67 1087.0
2453795.88582 18.170 0.033 4.11 900.0
2453797.79852 18.137 0.037 4.31 1095.0
2453798.84472 18.293 0.034 3.84 804.0
2453799.89908 18.278 0.042 4.23 1121.0
2453801.85385 18.340 0.036 3.52 861.0
2453802.88833 18.366 0.035 3.74 787.0
2453805.84007 18.247 0.038 4.56 812.0
2453806.83678 18.265 0.037 4.68 886.0
2453807.86091 18.361 0.041 4.21 955.0
2453808.86456 18.331 0.036 3.97 956.0
2453810.77961 18.304 0.039 3.80 1132.0
2453811.80810 18.502 0.050 4.41 915.0
2453812.88906 18.319 0.037 3.94 906.0
2453813.87155 18.272 0.036 4.10 946.0
2453814.86421 18.293 0.033 3.77 908.0
2453818.78186 18.272 0.036 3.82 986.0
2453819.84545 18.239 0.026 3.20 704.0
2453820.80948 18.376 0.030 3.47 673.0
2453821.81272 18.204 0.029 3.75 711.0
2453822.85643 18.265 0.032 3.81 787.0
2453823.81735 18.259 0.030 3.94 701.0
2453824.81131 18.268 0.043 5.20 812.0
2453825.84337 18.169 0.034 4.60 767.0
2453826.81255 18.336 0.043 5.23 730.0
2453827.84349 18.320 0.030 4.01 618.0
2453828.82363 18.322 0.040 4.69 707.0
2453829.75142 18.356 0.048 5.51 781.0
2453830.78274 18.240 0.032 3.53 834.0
2453832.78569 18.302 0.033 4.00 707.0
2453833.81055 18.327 0.031 3.72 688.0
2453834.78355 18.237 0.032 3.91 758.0
2453835.77123 18.254 0.035 4.22 803.0
2453836.73268 18.371 0.050 5.00 1013.0
2453837.77329 18.356 0.046 4.69 913.0
2453838.78128 18.324 0.050 5.37 952.0
2453838.89934 18.257 0.044 5.07 1003.0
2453839.77718 18.208 0.037 4.01 1039.0
2453840.78035 18.304 0.038 3.82 1020.0
2453841.73553 18.157 0.040 4.72 1070.0
2453841.88547 18.305 0.035 3.42 1219.0
2453842.73391 18.318 0.053 4.05 1917.0
2453845.75926 18.268 0.049 5.62 832.0
2453846.76788 18.319 0.042 4.80 748.0
2453846.90013 18.342 0.036 4.03 871.0
2453847.84099 18.283 0.038 4.19 853.0
2453848.79100 18.243 0.035 4.40 731.0
2453848.92185 18.465 0.052 4.90 951.0
2453849.78857 18.306 0.035 3.86 743.0
2453850.73735 18.439 0.040 3.72 776.0
2453850.90662 18.097 0.043 5.48 964.0
2453851.74737 18.282 0.048 6.08 733.0
2453851.91220 18.235 0.035 4.30 781.0
2453852.73589 18.273 0.037 4.47 766.0
2453852.86000 18.306 0.034 3.91 758.0
2453853.72856 18.244 0.026 3.29 634.0
2453853.89400 18.352 0.030 3.53 720.0
2453856.71742 18.438 0.042 4.01 865.0
2453856.90493 18.185 0.032 3.94 875.0
2453858.75373 18.317 0.034 4.38 656.0
2453859.87387 18.339 0.038 4.42 830.0
2453860.77318 18.543 0.061 6.28 781.0
2453861.70659 18.256 0.036 4.23 809.0
2453861.81067 18.317 0.031 3.67 727.0
2453861.90959 18.399 0.037 3.96 879.0
2453862.68842 18.213 0.036 4.35 863.0
2453862.90315 18.302 0.034 3.76 959.0
2453863.70126 18.324 0.035 3.76 860.0
2453863.84520 18.291 0.032 3.70 718.0
2453863.92114 18.352 0.032 3.40 779.0
2453864.71961 18.182 0.031 3.98 800.0
2453864.90422 18.319 0.030 3.76 740.0
2453865.67875 18.131 0.035 4.23 939.0
2453865.81363 18.373 0.035 4.02 809.0
2453865.89226 18.297 0.030 3.76 753.0
2453866.72351 18.387 0.036 3.66 808.0
2453866.86298 18.158 0.031 4.06 816.0
2453867.66942 18.329 0.045 4.33 1123.0
2453867.85483 18.245 0.039 3.68 1460.0
2453867.92511 18.209 0.034 3.28 1114.0
2453868.67725 18.355 0.053 4.33 1334.0
2453868.82103 18.353 0.049 4.48 1173.0
2453868.90100 18.261 0.049 4.73 1229.0
2453869.64694 18.283 0.044 3.97 1483.0
2453869.83610 18.183 0.038 3.73 1422.0
2453869.91154 18.270 0.044 3.87 1483.0
2453873.71082 18.284 0.033 3.75 808.0
2453873.84989 18.338 0.035 3.97 829.0
2453873.92035 18.351 0.038 3.96 919.0
2453874.71211 18.522 0.055 5.58 741.0
2453874.88446 18.309 0.034 3.82 854.0
2453875.64880 18.272 0.032 4.02 662.0
2453875.79602 18.251 0.025 3.10 725.0
2453875.89530 18.247 0.029 3.71 805.0
2453877.67665 18.235 0.028 3.56 668.0
2453877.82546 18.395 0.033 3.79 746.0
2453877.89870 18.287 0.039 4.46 918.0
2453880.88019 18.291 0.035 4.53 833.0
2453881.62751 18.479 0.053 5.09 901.0
2453881.70046 18.206 0.030 3.85 763.0
2453881.84320 18.320 0.029 3.45 861.0
2453882.61252 18.246 0.037 4.52 806.0
2453882.81556 18.193 0.030 3.75 810.0
2453882.88566 18.224 0.032 3.74 815.0
2453883.67789 18.115 0.029 4.02 712.0
2453883.92223 18.288 0.035 4.02 830.0
2453886.64605 18.376 0.035 3.95 731.0
2453886.83274 18.265 0.036 4.71 690.0
2453886.90477 18.230 0.032 4.08 725.0
2453886.93078 18.311 0.039 4.47 798.0
2453887.61323 18.261 0.040 4.94 775.0
2453887.81591 18.339 0.036 4.05 772.0
2453887.84374 18.322 0.034 4.26 746.0
2453887.91581 18.301 0.039 4.46 920.0
2453888.64408 18.442 0.040 4.68 662.0
2453889.78898 18.300 0.031 3.99 685.0
2453890.58406 18.357 0.051 5.35 929.0
2453891.72032 18.232 0.032 4.03 729.0
2453891.83730 18.189 0.032 4.25 786.0
2453891.91899 18.186 0.038 4.85 854.0
2453892.63070 18.380 0.049 5.25 876.0
2453893.66779 18.222 0.030 3.85 714.0
2453893.91916 18.278 0.053 6.04 961.0
2453894.71278 18.271 0.040 5.03 705.0
2453896.65651 18.280 0.049 5.22 1061.0
2453900.57181 18.145 0.050 4.27 2202.0
2453900.75826 18.267 0.035 3.68 1072.0
2453900.83358 18.336 0.042 3.73 1167.0
2453901.59200 18.457 0.052 4.92 904.0
2453901.76048 18.306 0.037 4.21 804.0
2453901.83724 18.342 0.046 4.85 931.0
2453901.90976 18.252 0.048 4.65 1319.0
2453902.60663 18.217 0.030 3.60 890.0
2453902.80181 18.277 0.036 4.01 924.0
2453903.69901 18.391 0.045 4.77 854.0
2453904.58965 18.321 0.030 3.45 711.0
2453904.75294 18.272 0.032 3.60 781.0
2453904.82191 18.317 0.033 3.49 775.0
2453904.87471 18.270 0.035 3.63 907.0
2453905.58653 18.348 0.032 3.34 734.0
2453905.76056 18.281 0.028 3.21 772.0
2453905.83319 18.251 0.026 3.08 762.0
2453905.90180 18.278 0.041 4.31 1103.0
2453906.52518 18.282 0.054 5.63 1106.0
2453906.69508 18.296 0.035 4.01 770.0
2453906.76808 18.360 0.033 3.48 737.0
2453906.84068 18.457 0.042 3.92 823.0
2453907.63173 18.389 0.043 4.88 731.0
2453908.56791 18.321 0.037 3.60 995.0
2453908.75834 18.385 0.036 3.87 756.0
2453908.83360 18.219 0.028 3.65 727.0
2453909.57304 18.341 0.034 3.78 750.0
2453909.77093 18.228 0.027 3.96 611.0
2453909.84932 18.381 0.039 4.04 776.0
2453910.62924 18.263 0.031 3.82 724.0
2453912.57216 18.291 0.027 3.07 732.0
2453912.76896 18.273 0.026 3.50 608.0
2453912.85683 18.272 0.031 3.63 730.0
2453913.56994 18.377 0.031 3.43 744.0
2453913.77213 18.154 0.030 4.05 775.0
2453913.86195 18.297 0.039 4.60 798.0
2453914.58740 18.222 0.034 4.29 796.0
2453915.56792 18.258 0.031 3.74 754.0
2453915.77125 18.316 0.030 3.90 625.0
2453915.86829 18.281 0.038 4.71 758.0
2453916.61576 18.312 0.043 5.16 760.0
2453916.78846 18.285 0.046 5.92 750.0
2453917.65582 18.423 0.048 5.18 789.0
2453917.86204 18.448 0.058 5.49 926.0
2453918.64922 18.301 0.037 4.27 748.0
2453918.85893 18.218 0.040 4.81 863.0
2453919.60206 18.491 0.050 5.17 777.0
2453919.83913 18.400 0.059 6.12 866.0
2453920.55373 18.278 0.032 3.55 697.0
2453920.74999 18.324 0.031 3.82 735.0
2453920.82879 18.286 0.031 3.40 859.0
2453921.54682 18.457 0.046 4.01 936.0
2453922.75369 18.366 0.059 6.52 834.0
2453930.60123 18.331 0.037 3.63 1046.0
2453931.49863 18.173 0.044 5.30 953.0
2453931.55233 18.257 0.036 4.19 857.0
2453931.67900 18.473 0.043 5.03 738.0
2453932.56415 18.382 0.043 4.88 888.0
2453933.55314 18.238 0.029 3.51 800.0
2453933.73448 18.275 0.030 3.64 809.0
2453933.81014 18.453 0.051 4.95 973.0
2453934.52391 18.306 0.039 4.28 851.0
2453934.64801 18.229 0.028 3.64 674.0
2453934.71774 18.330 0.032 3.75 690.0
2453934.78679 18.259 0.031 3.85 736.0
2453935.57382 18.282 0.033 3.83 696.0
2453935.74511 18.305 0.040 5.30 680.0
2453935.79686 18.350 0.041 4.58 825.0
2453936.52737 18.339 0.041 4.51 754.0
2453936.69272 18.341 0.037 4.25 744.0
2453936.77031 18.316 0.042 4.44 902.0
2453937.60259 18.282 0.031 3.48 709.0
2453938.53494 18.377 0.048 5.39 816.0
2453938.73652 18.297 0.040 5.04 663.0
2453938.78569 18.250 0.042 5.44 721.0
2453940.63793 18.404 0.030 3.83 667.0
2453941.68706 18.325 0.049 6.67 640.0
2453944.59141 18.299 0.031 4.36 724.0
2453945.54030 18.324 0.034 4.24 750.0
2453946.55060 18.306 0.038 4.89 798.0
2453946.74001 18.270 0.035 4.73 623.0
2453950.55842 18.330 0.034 4.22 644.0
2453950.78496 18.327 0.045 5.37 761.0
2453951.55461 18.220 0.040 4.80 826.0
2453956.60098 18.325 0.047 4.78 1076.0
2453957.54185 18.355 0.047 5.13 923.0
2453958.61464 18.288 0.042 4.51 933.0
2453959.55457 18.382 0.037 4.19 734.0
2453959.71894 18.381 0.042 4.52 893.0
2453960.53259 18.279 0.032 3.89 696.0
2453960.71250 18.180 0.029 3.52 853.0
2453961.60767 18.420 0.056 5.60 876.0
2453963.49422 18.452 0.044 4.67 787.0
2453963.66879 18.482 0.040 4.16 714.0
2453963.74209 18.433 0.055 5.87 829.0
2453964.48409 18.387 0.042 4.73 820.0
2453964.56742 18.270 0.031 3.81 701.0
2453965.55431 18.333 0.033 3.95 638.0
2453966.54544 18.388 0.039 4.07 762.0
2453966.72797 18.380 0.045 5.24 751.0
2453967.56927 18.341 0.048 5.37 769.0
2453968.53199 18.248 0.040 4.94 849.0
2453968.70354 18.287 0.037 4.28 760.0
2453969.53976 18.307 0.040 4.90 710.0
2453969.71452 18.453 0.059 6.31 724.0
2453970.54773 18.352 0.039 4.46 692.0
2453971.58752 18.366 0.049 5.65 719.0
2453973.61268 18.297 0.037 4.87 636.0
2453974.54249 18.204 0.042 6.07 707.0
2453975.54500 18.237 0.031 4.13 696.0
2453976.54026 18.343 0.035 4.19 717.0
2453979.55336 18.251 0.063 6.40 1224.0
2453982.62619 18.163 0.038 4.37 1094.0
2453986.61675 18.259 0.037 4.08 956.0
2453987.53916 18.309 0.034 3.70 856.0
2453988.55196 18.316 0.029 3.53 713.0
2453989.61368 18.249 0.048 5.66 873.0
2453990.65597 18.218 0.042 5.25 900.0
2453994.50866 18.250 0.043 5.30 842.0
2453995.60628 18.470 0.045 4.71 739.0
2453999.64384 18.232 0.041 5.17 880.0
2454001.54058 18.242 0.035 4.07 910.0
2454002.53728 18.315 0.036 4.22 715.0
2454004.56023 18.419 0.045 4.74 822.0
2454005.56292 18.463 0.068 6.39 850.0
2454006.56119 18.380 0.034 3.36 763.0
2454012.53332 18.270 0.042 5.30 931.0
2454016.57838 18.168 0.042 4.84 1110.0
2454018.58782 18.352 0.051 4.84 1042.0
2454021.57184 18.402 0.057 5.25 1131.0
2454024.51950 18.173 0.041 5.34 893.0
2454026.51499 18.296 0.035 4.48 794.0
2454028.53103 18.278 0.040 4.39 906.0
2454031.53116 18.378 0.046 4.43 979.0
2454039.51561 18.307 0.062 6.38 1050.0
2454042.50380 18.366 0.069 6.24 1249.0
2454142.88650 18.266 0.066 6.06 1849.0
2454151.89162 18.256 0.043 4.52 1110.0
2454154.83904 18.267 0.039 4.17 953.0
2454156.89204 18.323 0.054 6.04 997.0
2454159.82606 18.295 0.040 4.18 1056.0
2454161.87949 18.356 0.047 4.84 1131.0
2454163.89551 18.281 0.034 3.28 1175.0
2454165.85234 18.327 0.055 4.55 1637.0
2454168.84993 18.287 0.044 3.95 1198.0
2454170.86880 18.332 0.041 3.96 1249.0
2454175.88592 18.266 0.034 4.32 850.0
2454177.78565 18.290 0.039 4.45 822.0
2454178.84299 18.254 0.037 4.48 855.0
2454179.88288 18.337 0.038 3.87 881.0
2454181.81928 18.307 0.036 4.07 796.0
2454182.86787 18.250 0.031 3.80 791.0
2454183.90035 18.217 0.035 4.28 925.0
2454185.77681 18.211 0.041 5.42 857.0
2454191.78736 18.367 0.055 5.41 1082.0
2454193.79852 18.283 0.048 5.06 1151.0
2454194.82132 18.234 0.038 4.26 944.0
2454196.81131 18.384 0.042 4.25 998.0
2454202.79286 18.308 0.030 3.58 866.0
2454203.78068 18.281 0.030 3.45 798.0
2454204.77305 18.365 0.038 4.00 841.0
2454205.77124 18.299 0.032 3.71 724.0
2454205.92266 18.220 0.035 3.84 1007.0
2454207.76251 18.223 0.032 3.77 838.0
2454208.71648 18.255 0.035 4.07 861.0
2454211.82780 18.253 0.036 5.39 641.0
2454212.85733 18.347 0.050 5.31 812.0
2454213.76542 18.253 0.034 3.94 794.0
2454215.77846 18.299 0.042 5.25 819.0
2454216.73626 18.248 0.031 3.53 802.0
2454217.74381 18.249 0.029 3.37 809.0
2454217.90508 18.326 0.031 3.33 826.0
2454218.79356 18.390 0.051 5.42 873.0
2454219.80359 18.297 0.037 4.01 838.0
2454220.74533 18.294 0.043 4.76 923.0
2454222.71127 18.255 0.045 4.58 1206.0
2454224.82161 18.273 0.036 3.46 1256.0
2454228.71391 18.192 0.037 3.48 1491.0
2454229.70752 18.326 0.050 5.16 934.0
2454229.90447 18.307 0.040 4.16 1011.0
2454230.65568 18.293 0.038 4.14 877.0
2454230.84368 18.333 0.040 4.24 870.0
2454230.90534 18.289 0.054 5.45 1072.0
2454231.67964 18.232 0.037 4.60 868.0
2454231.73074 18.146 0.030 3.87 920.0
2454231.88573 18.286 0.042 4.42 976.0
2454232.66739 18.330 0.060 6.19 1140.0
2454232.79243 18.287 0.042 4.65 1027.0
2454232.92996 18.299 0.051 5.11 1065.0
2454233.86300 18.335 0.046 4.88 1073.0
2454234.79046 18.342 0.037 3.88 902.0
2454234.91284 18.421 0.054 5.00 1063.0
2454235.70407 18.249 0.031 3.41 943.0
2454235.76153 18.254 0.034 3.71 983.0
2454235.86510 18.353 0.042 4.34 854.0
2454235.92765 18.403 0.051 4.38 1131.0
2454237.63062 18.305 0.051 5.84 940.0
2454238.70195 18.296 0.038 4.74 887.0
2454238.91143 18.294 0.055 5.49 1221.0
2454239.67382 18.191 0.031 3.76 833.0
2454240.71347 18.340 0.046 4.99 884.0
2454240.87334 18.301 0.048 4.95 1001.0
2454243.67914 18.275 0.038 4.44 821.0
2454243.77258 18.229 0.039 4.33 930.0
2454243.86546 18.295 0.050 5.39 946.0
2454244.65131 18.234 0.041 4.80 938.0
2454244.74770 18.303 0.033 3.56 864.0
2454244.84031 18.316 0.039 3.91 967.0
2454245.64439 18.240 0.032 4.09 778.0
2454245.73873 18.265 0.030 3.61 711.0
2454245.83419 18.295 0.033 3.81 769.0
2454245.90679 18.293 0.042 4.57 906.0
2454246.70306 18.362 0.038 4.41 839.0
2454246.79620 18.338 0.036 3.77 882.0
2454246.88890 18.219 0.039 4.36 1039.0
2454247.71813 18.276 0.041 4.72 928.0
2454250.76624 18.166 0.038 4.22 1151.0
2454256.65864 18.272 0.048 5.36 1013.0
2454256.80419 18.310 0.057 5.79 1104.0
2454257.68556 18.295 0.045 5.21 864.0
2454258.66841 18.264 0.045 5.39 908.0
2454258.79122 18.310 0.045 4.79 965.0
2454258.88384 18.239 0.049 5.15 1158.0
2454267.62806 18.208 0.032 3.97 865.0
2454268.75462 18.340 0.035 3.74 875.0
2454268.87505 18.357 0.052 5.44 1030.0
2454269.61030 18.239 0.034 4.10 786.0
2454269.76057 18.315 0.037 4.50 778.0
2454270.54503 18.320 0.048 4.87 1172.0
2454272.59147 18.343 0.042 4.29 961.0
2454272.74138 18.370 0.037 3.96 768.0
2454272.80000 18.280 0.043 4.89 986.0
2454272.87143 18.247 0.046 4.69 1252.0
2454273.65186 18.349 0.044 4.74 910.0
2454273.83002 18.329 0.052 4.89 1183.0
2454273.89121 18.457 0.072 5.77 1511.0
2454274.58294 18.448 0.056 4.88 1220.0
2454274.73585 18.222 0.036 4.26 910.0
2454274.79674 18.222 0.039 4.45 971.0
2454275.63445 18.266 0.047 5.31 963.0
2454275.80976 18.272 0.052 5.15 1163.0
2454275.87083 18.337 0.067 5.68 1472.0
2454276.72599 18.238 0.044 4.86 980.0
2454277.56295 18.325 0.061 6.01 1116.0
2454277.73998 18.306 0.046 4.91 943.0
2454277.79865 18.431 0.060 5.48 1062.0
2454278.60788 18.432 0.062 5.79 1011.0
2454278.79835 18.341 0.065 5.96 1246.0
2454283.54547 18.264 0.042 3.61 1440.0
2454284.53725 18.325 0.049 4.31 1276.0
2454284.68761 18.250 0.043 4.03 1121.0
2454284.75008 18.290 0.041 4.46 1112.0
2454284.80902 18.222 0.052 4.48 1323.0
2454285.54044 18.412 0.059 4.99 1046.0
2454285.73398 18.513 0.058 5.32 939.0
2454285.79943 18.311 0.045 4.40 966.0
2454285.86047 18.249 0.056 5.45 1252.0
2454286.54022 18.311 0.056 5.21 1264.0
2454286.84839 18.498 0.090 5.49 2403.0
2454289.55107 18.246 0.046 5.23 970.0
2454289.76999 18.373 0.045 4.38 911.0
2454289.83668 18.269 0.047 5.09 982.0
2454290.59739 18.419 0.050 5.26 771.0
2454291.61708 18.309 0.042 4.71 843.0
2454292.52262 18.296 0.037 4.00 928.0
2454292.70164 18.219 0.033 4.08 826.0
2454292.76044 18.261 0.033 3.81 829.0
2454292.82343 18.374 0.051 4.81 1007.0
2454293.52338 18.353 0.038 3.87 806.0
2454293.70754 18.331 0.034 3.72 750.0
2454293.76627 18.324 0.039 4.15 820.0
2454293.80659 18.262 0.038 4.38 839.0
2454294.52202 18.277 0.039 4.21 990.0
2454295.53219 18.232 0.038 4.47 801.0
2454295.72727 18.332 0.033 3.68 651.0
2454295.78588 18.257 0.039 4.89 703.0
2454295.78895 18.281 0.039 4.70 707.0
2454295.81632 18.287 0.044 5.25 773.0
2454295.83758 18.278 0.048 5.24 927.0
2454296.52624 18.208 0.039 4.88 834.0
2454296.73730 18.317 0.038 4.42 722.0
2454297.54607 18.343 0.036 3.74 766.0
2454297.75063 18.456 0.043 4.55 731.0
2454298.59763 18.328 0.042 4.82 730.0
2454298.69213 18.330 0.045 5.35 693.0
2454299.56761 18.287 0.031 4.00 731.0
2454299.65758 18.291 0.032 3.71 669.0
2454299.74881 18.273 0.037 4.50 691.0
2454300.56427 18.346 0.042 4.38 787.0
2454300.67943 18.319 0.037 4.44 696.0
2454301.55041 18.318 0.034 3.72 919.0
2454301.64668 18.282 0.034 3.79 837.0
2454301.74884 18.280 0.035 3.97 789.0
2454302.62339 18.307 0.040 5.14 692.0
2454302.82221 18.455 0.055 5.61 877.0
2454303.71342 18.271 0.042 5.00 735.0
2454304.58827 18.352 0.050 4.90 1078.0
2454306.59402 18.403 0.050 4.82 957.0
2454312.53522 18.342 0.052 4.52 1346.0
2454312.77811 18.298 0.043 4.22 1091.0
2454314.79271 18.305 0.066 6.54 1131.0
2454315.56670 18.324 0.043 4.65 902.0
2454316.59697 18.322 0.038 4.27 763.0
2454317.51889 18.307 0.038 4.20 811.0
2454319.55394 18.249 0.042 4.84 882.0
2454319.69992 18.205 0.045 5.35 870.0
2454320.62127 18.249 0.044 5.75 755.0
2454326.56900 18.355 0.037 3.97 784.0
2454326.74683 18.357 0.055 6.10 819.0
2454327.62280 18.298 0.048 5.36 800.0
2454328.48790 18.336 0.048 4.16 1108.0
2454328.72756 18.290 0.052 5.19 1053.0
2454329.55824 18.339 0.053 5.60 806.0
2454329.70554 18.349 0.054 5.66 859.0
2454330.48827 18.297 0.041 4.59 893.0
2454330.72557 18.294 0.042 4.48 850.0
2454331.53044 18.261 0.038 4.49 791.0
2454332.54042 18.349 0.033 3.42 817.0
2454333.56541 18.289 0.044 4.89 976.0
2454334.53843 18.378 0.068 4.55 2129.0
2454338.53557 18.196 0.043 4.29 1232.0
2454338.71346 18.229 0.072 6.47 1761.0
2454339.53170 18.308 0.042 3.97 1197.0
2454340.65187 18.283 0.039 3.69 1305.0
2454341.53598 18.306 0.051 5.10 1050.0
2454342.56799 18.335 0.048 4.63 968.0
2454343.55180 18.254 0.032 3.45 910.0
2454344.58143 18.253 0.042 4.21 906.0
2454345.54348 18.268 0.034 3.55 936.0
2454346.55314 18.197 0.047 5.38 979.0
2454347.56745 18.182 0.041 5.04 847.0
2454349.53311 18.261 0.034 3.71 755.0
2454350.58661 18.267 0.036 4.06 817.0
2454351.53832 18.359 0.040 4.02 814.0
2454353.55797 18.301 0.045 4.77 1026.0
2454354.57739 18.272 0.046 5.21 883.0
2454355.58520 18.320 0.055 5.79 965.0
2454356.54237 18.261 0.044 5.02 862.0
2454357.52594 18.296 0.053 6.00 923.0
2454358.55722 18.289 0.049 5.50 894.0
2454359.52620 18.255 0.044 5.08 907.0
2454361.53951 18.314 0.060 5.77 1067.0
2454365.59513 18.379 0.057 4.89 1355.0
2454367.54850 18.302 0.046 4.41 1232.0
2454368.52146 18.277 0.053 5.32 1169.0
2454369.60062 18.474 0.067 5.21 1437.0
2454370.52851 18.242 0.035 3.58 1119.0
2454371.50298 18.329 0.045 4.61 1001.0
2454372.55209 18.275 0.038 4.18 927.0
2454373.54311 18.357 0.058 5.53 1067.0
2454377.51633 18.339 0.044 4.44 969.0
2454378.55070 18.243 0.047 5.04 901.0
2454380.50816 18.323 0.043 4.30 972.0
2454381.55582 18.275 0.050 4.73 1183.0
2454382.54690 18.163 0.052 6.00 1104.0
2454383.54655 18.223 0.050 5.22 1158.0
2454384.52100 18.415 0.051 4.91 913.0
2454392.51257 18.394 0.067 4.46 2416.0
2454393.56304 18.282 0.041 3.93 1216.0
2454394.53621 18.323 0.046 4.23 1237.0
2454395.57240 18.282 0.060 5.44 1340.0
2454396.54216 18.511 0.075 5.06 1541.0
2454397.56585 18.376 0.067 5.12 1639.0
2454398.57122 18.145 0.057 5.33 1674.0
2454399.52113 18.327 0.061 5.64 1335.0
2454403.51946 18.451 0.065 5.17 1161.0
2454409.53689 18.361 0.065 4.78 1529.0
2454508.88030 18.292 0.031 3.53 927.0
2454511.86227 18.444 0.041 3.88 862.0
2454511.88212 18.273 0.032 3.31 872.0
2454513.89347 18.176 0.040 3.51 1746.0
2454517.89259 18.207 0.052 5.77 1350.0
2454521.83193 18.218 0.050 5.20 1294.0
2454523.90432 18.283 0.059 4.61 2139.0
2454525.84827 18.440 0.087 4.50 2987.0
2454531.86495 18.292 0.040 4.78 895.0
2454534.89489 18.442 0.055 5.95 786.0
2454536.80974 18.309 0.051 5.53 967.0
2454537.86990 18.252 0.032 4.03 731.0
2454538.90232 18.370 0.041 3.82 937.0
2454539.88841 18.235 0.034 4.24 783.0
2454540.83233 18.323 0.035 3.62 870.0
2454541.82485 18.229 0.038 5.00 818.0
2454542.81964 18.362 0.045 5.43 852.0
2454543.81515 18.323 0.032 3.73 816.0
2454544.81210 18.182 0.037 4.48 1010.0
2454545.77619 18.239 0.045 4.96 1139.0
2454546.78291 18.345 0.043 4.44 1122.0
2454547.75762 18.252 0.044 4.27 1298.0
2454548.87350 18.184 0.047 5.50 1025.0
2454548.90083 18.376 0.056 5.54 1042.0
2454550.78000 18.334 0.051 5.33 1029.0
2454551.81888 18.452 0.044 3.83 982.0
2454552.75031 18.374 0.064 4.92 1731.0
2454556.78971 18.293 0.032 3.67 767.0
2454557.81088 18.307 0.039 5.15 811.0
2454558.74049 18.341 0.035 3.99 777.0
2454559.78136 18.367 0.037 4.27 715.0
2454560.78178 18.430 0.049 5.12 721.0
2454561.77106 18.246 0.027 3.35 748.0
2454564.76129 18.207 0.031 4.11 719.0
2454565.75933 18.320 0.032 3.62 746.0
2454566.75878 18.278 0.032 3.50 775.0
2454567.75872 18.228 0.033 4.10 776.0
2454568.76827 18.191 0.031 3.61 763.0
2454569.77867 18.208 0.030 3.89 751.0
2454570.76394 18.246 0.035 4.45 737.0
2454571.75559 18.385 0.054 5.79 871.0
2454572.78242 18.274 0.037 4.14 939.0
2454573.77060 18.253 0.033 3.91 892.0
2454574.77318 18.279 0.039 4.48 969.0
2454574.92253 18.344 0.041 3.96 1044.0
2454575.78197 18.290 0.041 3.86 1012.0
2454576.89190 18.255 0.041 4.01 1119.0
2454577.87019 18.401 0.047 4.03 1082.0
2454577.92620 18.256 0.039 3.34 1283.0
2454578.82451 18.239 0.045 5.03 1051.0
2454579.89833 18.304 0.054 3.80 2236.0
2454583.76856 18.105 0.039 4.12 1439.0
2454586.77167 18.293 0.046 5.39 854.0
2454587.80524 18.261 0.037 4.34 841.0
2454588.68039 18.419 0.052 5.38 914.0
2454588.91288 18.266 0.036 4.06 877.0
2454589.72682 18.302 0.036 4.21 839.0
2454589.88213 18.350 0.050 5.03 862.0
2454590.73559 18.245 0.039 4.96 847.0
2454591.67673 18.344 0.041 4.06 1075.0
2454591.88803 18.268 0.040 4.08 976.0
2454592.69696 18.329 0.036 3.90 1062.0
2454592.88621 18.340 0.046 3.84 1211.0
2454593.68608 18.316 0.035 3.72 946.0
2454593.89592 18.396 0.045 3.91 1025.0
2454593.93582 18.294 0.048 3.87 1666.0
2454594.70733 18.224 0.038 4.80 860.0
2454594.90216 18.330 0.042 4.39 950.0
2454595.62891 18.348 0.056 6.00 499.0
2454595.65386 18.301 0.046 5.82 444.0
2454595.67992 18.254 0.035 4.38 415.0
2454595.69955 18.320 0.038 4.55 396.0
2454595.73350 18.444 0.041 4.48 397.0
2454595.76691 18.212 0.031 4.16 391.0
2454595.89123 18.283 0.040 4.48 828.0
2454595.93621 18.410 0.062 5.16 643.0
2454596.64688 18.237 0.040 4.96 885.0
2454596.64996 18.440 0.044 4.54 435.0
2454596.69177 18.290 0.037 4.25 804.0
2454596.78720 18.255 0.028 3.29 735.0
2454597.65457 18.282 0.045 5.77 799.0
2454597.71637 18.402 0.039 4.19 813.0
2454597.90801 18.286 0.039 4.12 916.0
2454598.69258 18.280 0.029 3.51 657.0
2454599.66510 18.258 0.036 3.91 841.0
2454600.67747 18.367 0.033 3.66 748.0
2454600.88612 18.327 0.036 3.32 1014.0
2454601.68000 18.264 0.029 3.43 826.0
2454601.89627 18.275 0.036 4.18 775.0
2454602.67256 18.287 0.031 3.44 832.0
2454602.89692 18.392 0.041 4.03 892.0
2454603.88398 18.236 0.043 4.91 837.0
2454606.68042 18.206 0.032 3.32 1225.0
2454606.93867 18.295 0.061 4.96 1805.0
2454610.91101 18.259 0.045 4.10 1339.0
2454611.65925 18.324 0.039 3.83 957.0
2454611.80810 18.330 0.038 3.69 972.0
2454612.68071 18.245 0.037 3.64 1226.0
2454615.82307 18.214 0.045 5.26 890.0
2454616.63472 18.251 0.042 5.08 837.0
2454616.85101 18.398 0.048 4.95 812.0
2454617.73842 18.262 0.049 5.82 831.0
2454618.64328 18.367 0.040 4.69 723.0
2454622.65687 18.148 0.037 4.41 832.0
2454622.84184 18.255 0.045 4.93 904.0
2454623.70354 18.234 0.036 4.51 787.0
2454623.90107 18.464 0.067 5.70 1134.0
2454624.62500 18.310 0.051 5.46 962.0
2454624.84497 18.224 0.037 4.25 823.0
2454624.91408 18.426 0.069 6.69 997.0
2454625.63540 18.371 0.048 5.49 808.0
2454625.85477 18.261 0.041 4.60 883.0
2454626.66030 18.294 0.046 5.87 787.0
2454627.59396 18.226 0.037 4.54 831.0
2454627.88344 18.306 0.035 4.23 718.0
2454628.60095 18.248 0.035 3.95 847.0
2454628.79072 18.410 0.045 4.87 782.0
2454628.85304 18.323 0.040 4.61 738.0
2454628.92725 18.257 0.047 5.36 997.0
2454629.66378 18.293 0.032 3.65 702.0
2454629.87138 18.340 0.036 3.99 889.0
2454630.59883 18.269 0.038 4.10 870.0
2454630.81460 18.334 0.042 4.65 839.0
2454630.88415 18.335 0.041 4.19 937.0
2454631.62440 18.273 0.032 3.85 782.0
2454631.82307 18.355 0.034 3.72 799.0
2454631.89849 18.343 0.046 4.53 1112.0
2454632.60652 18.326 0.040 4.23 929.0
2454632.89315 18.308 0.051 5.01 1195.0
2454633.60053 18.246 0.036 3.91 1027.0
2454633.71146 18.210 0.029 3.35 878.0
2454633.84487 18.297 0.046 4.46 1104.0
2454638.78495 18.235 0.042 4.32 1095.0
2454639.60866 18.186 0.033 3.56 1104.0
2454639.75801 18.251 0.042 4.25 1110.0
2454640.62674 18.273 0.036 4.34 809.0
2454640.75866 18.221 0.032 3.79 745.0
2454641.70231 18.331 0.041 4.16 841.0
2454641.81440 18.339 0.053 5.45 964.0
2454642.62475 18.219 0.032 4.08 774.0
2454642.78700 18.298 0.042 4.80 846.0
2454642.86606 18.469 0.057 4.73 1328.0
2454643.58399 18.174 0.038 5.21 778.0
2454644.63250 18.280 0.042 4.85 801.0
2454645.56289 18.201 0.039 4.42 1034.0
2454645.81059 18.205 0.039 4.50 905.0
2454645.87617 18.286 0.051 5.06 1206.0
2454646.55789 18.256 0.032 3.32 951.0
2454646.88364 18.398 0.059 5.39 1204.0
2454647.55425 18.227 0.038 3.49 1125.0
2454647.77042 18.324 0.045 4.57 921.0
2454647.79463 18.417 0.057 5.06 992.0
2454648.55133 18.285 0.043 4.16 968.0
2454648.80516 18.183 0.045 5.64 873.0
2454649.56156 18.223 0.033 4.05 863.0
2454649.78791 18.318 0.041 4.22 905.0
2454650.56271 18.344 0.047 4.78 1065.0
2454650.82583 18.358 0.050 5.04 891.0
2454651.54614 18.257 0.038 3.98 996.0
2454652.53762 18.212 0.043 4.87 1086.0
2454652.75180 18.261 0.038 4.23 797.0
2454653.53320 18.338 0.052 5.58 1134.0
2454653.75246 18.243 0.044 5.14 908.0
2454654.57235 18.325 0.041 5.02 847.0
2454654.78690 18.275 0.044 4.81 992.0
2454655.53306 18.341 0.046 4.15 1192.0
2454655.75765 18.237 0.036 4.11 784.0
2454656.53501 18.391 0.040 3.54 923.0
2454656.72487 18.277 0.040 3.64 992.0
2454656.84424 18.378 0.059 4.96 1358.0
2454657.76342 18.258 0.044 5.01 893.0
2454658.69364 18.403 0.052 5.15 924.0
2454660.64591 18.307 0.038 4.19 914.0
2454661.52311 18.196 0.039 3.80 1240.0
2454661.72377 18.282 0.047 4.37 1050.0
2454661.79083 18.242 0.044 4.24 1176.0
2454665.69075 18.361 0.056 4.12 1909.0
2454666.59605 18.333 0.042 3.90 1243.0
2454666.69706 18.187 0.042 4.55 1125.0
2454666.73927 18.299 0.048 4.60 1159.0
2454666.81160 18.399 0.076 6.52 1380.0
2454670.61812 18.447 0.050 5.22 811.0
2454671.61624 18.224 0.031 4.04 697.0
2454672.54207 18.214 0.030 3.65 767.0
2454672.69227 18.258 0.032 3.70 829.0
2454672.77744 18.273 0.044 5.11 939.0
2454674.54791 18.318 0.049 5.25 827.0
2454674.73813 18.464 0.056 5.64 798.0
2454675.78603 18.256 0.049 5.66 1038.0
2454677.52147 18.244 0.035 4.16 907.0
2454677.60617 18.356 0.042 4.74 720.0
2454677.76096 18.438 0.065 6.68 827.0
2454679.66028 18.293 0.047 6.10 708.0
2454681.57037 18.311 0.040 4.67 733.0
2454681.66287 18.237 0.038 4.55 724.0
2454681.75317 18.299 0.047 5.21 916.0
2454682.58743 18.255 0.039 4.84 825.0
2454682.69120 18.333 0.038 4.42 716.0
2454683.55255 18.355 0.053 5.87 923.0
2454683.74109 18.278 0.039 4.75 749.0
2454684.54512 18.276 0.035 3.46 1034.0
2454684.71648 18.281 0.037 4.29 788.0
2454685.48771 18.370 0.053 5.04 1032.0
2454685.76520 18.389 0.051 4.78 986.0
2454686.53381 18.396 0.050 4.28 898.0
2454687.53718 18.301 0.046 4.88 832.0
2454688.53048 18.258 0.034 3.70 836.0
2454688.72020 18.230 0.042 4.92 873.0
2454693.58951 18.358 0.054 4.03 1888.0
2454694.63929 18.298 0.059 5.38 1181.0
2454697.53397 18.212 0.039 4.35 966.0
2454698.53937 18.258 0.031 3.53 766.0
2454699.53753 18.219 0.033 3.91 827.0
2454700.54202 18.401 0.046 4.24 865.0
2454701.53805 18.209 0.044 5.03 902.0
2454702.55349 18.184 0.040 5.28 761.0
2454703.62090 18.324 0.049 5.62 800.0
2454704.67629 18.378 0.047 5.09 794.0
2454705.60454 18.388 0.049 5.04 809.0
2454707.63273 18.237 0.036 4.47 726.0
2454708.58462 18.144 0.036 4.72 786.0
2454709.54876 18.314 0.054 5.71 912.0
2454710.58947 18.445 0.048 4.68 879.0
2454715.62834 18.209 0.048 5.87 914.0
2454716.62135 18.297 0.057 5.09 1477.0
2454720.54168 18.333 0.047 4.31 1179.0
2454721.53942 18.249 0.052 5.27 1132.0
2454722.50520 18.203 0.045 5.11 1032.0
2454724.54193 18.294 0.044 4.20 1145.0
2454725.52064 18.312 0.046 4.19 1073.0
2454726.51768 18.416 0.062 5.74 950.0
2454729.50216 18.204 0.043 5.40 820.0
2454730.50360 18.352 0.039 4.14 863.0
2454731.61055 18.297 0.050 5.87 787.0
2454733.55902 18.217 0.041 4.83 815.0
2454734.58838 18.304 0.049 4.99 852.0
2454737.57699 18.396 0.053 5.49 773.0
2454740.58981 18.490 0.067 6.18 912.0
2454758.54662 18.328 0.049 4.43 1147.0
2454869.88235 18.393 0.061 5.22 1453.0
2454875.87675 18.391 0.048 5.49 1004.0
2454878.87043 18.306 0.041 3.82 1155.0
2454884.88706 18.247 0.036 3.82 919.0
2454887.85947 18.233 0.033 3.76 865.0
2454891.81574 18.333 0.049 5.83 870.0
2454896.90670 18.444 0.070 4.43 1902.0
2454899.88051 17.948 0.028 4.00 841.0
2454901.80404 17.846 0.029 4.10 1165.0
2454903.79975 17.896 0.030 4.40 1078.0
2454905.84801 18.061 0.031 3.65 990.0
2454910.84601 18.116 0.036 3.50 1796.0
2454911.88303 18.130 0.024 3.17 708.0
2454913.89650 18.250 0.030 4.05 739.0
2454917.74308 18.106 0.031 3.98 823.0
2454921.74443 18.252 0.035 4.02 836.0
2454925.73119 18.290 0.035 3.96 974.0
2454925.84755 18.281 0.031 3.55 800.0
2454926.72432 18.322 0.042 4.73 1073.0
2454927.74737 18.311 0.046 5.02 965.0
2454927.90204 18.228 0.040 4.56 904.0
2454928.79582 18.475 0.058 5.45 916.0
2454929.74245 18.325 0.047 5.14 1068.0
2454930.73444 18.325 0.044 4.46 1220.0
2454930.88231 18.233 0.037 4.70 1055.0
2454931.77864 18.318 0.043 3.91 1084.0
2454932.71272 18.188 0.036 3.99 1195.0
2454933.72861 18.306 0.046 4.67 1204.0
2454933.90630 18.312 0.049 4.86 1123.0
2454934.82726 18.279 0.039 3.99 1104.0
2454938.72817 18.350 0.043 3.97 950.0
2454939.68898 18.227 0.042 4.93 871.0
2454940.68896 18.304 0.039 4.09 867.0
2454940.86041 18.307 0.046 4.78 886.0
2454941.88409 18.498 0.055 5.41 784.0
2454942.70547 18.319 0.039 4.49 821.0
2454942.77741 18.392 0.034 3.73 712.0
2454942.81216 18.250 0.032 3.92 705.0
2454943.71786 18.373 0.033 3.78 722.0
2454943.87467 18.046 0.031 4.61 771.0
2454944.68339 18.317 0.036 3.81 835.0
2454944.72928 18.220 0.031 3.28 785.0
2454945.67707 18.241 0.040 4.63 940.0
2454946.70479 18.416 0.045 4.74 814.0
2454947.68785 18.332 0.032 3.64 744.0
2454948.66751 18.192 0.034 4.18 919.0
2454950.65828 18.247 0.037 4.28 809.0
2454951.82197 18.259 0.044 5.40 942.0
2454952.79115 18.367 0.032 3.96 709.0
2454953.69131 18.394 0.040 3.75 814.0
2454954.67006 18.314 0.036 4.44 804.0
2454954.73615 18.234 0.033 3.97 741.0
2454955.67078 18.332 0.042 4.66 917.0
2454955.83953 18.338 0.040 4.76 839.0
