2452125.64150 17.047 0.022 4.47 2659.0
2452128.57003 17.086 0.014 4.09 1003.0
2452131.56674 17.054 0.014 3.77 1090.0
2452134.66975 17.082 0.021 6.94 982.0
2452138.54720 17.146 0.019 5.53 906.0
2452143.52040 17.161 0.025 6.79 1036.0
2452155.64720 17.099 0.027 7.27 1319.0
2452156.48627 17.085 0.020 5.70 1171.0
2452158.49461 17.068 0.017 5.29 933.0
2452158.53762 17.071 0.016 4.74 897.0
2452162.50413 17.086 0.018 5.18 990.0
2452168.53885 17.085 0.019 5.86 1012.0
2452173.49686 17.140 0.024 6.70 1098.0
2452180.49552 17.080 0.025 4.62 3861.0
2452184.50009 17.075 0.024 7.25 1177.0
2452194.55447 17.086 0.019 5.13 1108.0
2452321.87307 17.075 0.021 5.46 1433.0
2452324.87519 17.091 0.017 4.39 1202.0
2452341.83166 17.065 0.019 4.37 1808.0
2452350.84477 17.104 0.015 3.76 1131.0
2452358.88424 17.071 0.015 3.79 1067.0
2452370.81249 17.063 0.017 4.87 1008.0
2452381.80789 17.054 0.016 4.50 938.0
2452384.79037 17.051 0.016 4.47 1030.0
2452388.85023 17.074 0.016 4.60 1023.0
2452391.69275 17.067 0.027 6.32 1939.0
2452400.69063 17.025 0.017 5.13 1118.0
2452402.80557 17.066 0.015 4.13 1101.0
2452404.84251 17.062 0.014 3.51 1022.0
2452410.71524 17.128 0.015 4.89 885.0
2452414.86148 17.078 0.015 4.10 1013.0
2452415.72351 17.082 0.019 5.27 1098.0
2452416.74571 17.061 0.017 4.69 1050.0
2452417.72128 17.101 0.018 4.73 1113.0
2452424.76361 17.042 0.027 4.18 4451.0
2452426.67492 17.077 0.017 4.87 969.0
2452431.80926 17.054 0.013 4.32 943.0
2452434.80945 17.074 0.015 3.88 1056.0
2452436.58220 17.059 0.017 4.59 1255.0
2452438.61435 17.055 0.017 4.79 1031.0
2452440.59561 17.050 0.016 4.62 1056.0
2452442.61343 17.055 0.015 4.12 999.0
2452444.70605 17.053 0.019 5.59 1033.0
2452446.64060 17.062 0.017 3.82 1304.0
2452448.52739 17.127 0.032 4.39 5133.0
2452453.73666 17.071 0.018 4.97 1145.0
2452458.73393 17.074 0.018 5.44 878.0
2452462.72273 17.076 0.013 3.80 843.0
2452463.81981 17.069 0.015 4.44 1037.0
2452466.46291 17.064 0.024 5.92 1925.0
2452466.47175 17.078 0.020 5.84 1163.0
2452466.48065 17.058 0.017 5.46 1076.0
2452466.48963 17.055 0.017 4.99 1044.0
2452466.50234 17.082 0.017 4.70 1059.0
2452466.51152 17.063 0.016 4.60 1052.0
2452466.52054 17.063 0.018 5.26 1050.0
2452466.52952 17.072 0.017 4.72 1030.0
2452466.53998 17.049 0.015 4.01 995.0
2452466.54915 17.066 0.016 4.43 1003.0
2452466.55848 17.078 0.015 3.88 971.0
2452466.56215 17.090 0.015 4.21 967.0
2452466.56808 17.047 0.015 4.13 958.0
2452466.57700 17.079 0.015 4.30 957.0
2452466.58895 17.065 0.015 4.20 940.0
2452466.59889 17.072 0.016 4.34 944.0
2452466.60791 17.067 0.015 4.20 920.0
2452466.61675 17.075 0.016 4.67 926.0
2452466.62753 17.067 0.018 5.42 939.0
2452466.63726 17.084 0.019 5.75 940.0
2452466.64749 17.039 0.019 5.65 937.0
2452466.65646 17.065 0.017 5.23 922.0
2452466.66539 17.098 0.018 5.26 944.0
2452466.67805 17.057 0.018 5.63 952.0
2452466.68691 17.086 0.017 4.90 940.0
2452466.69577 17.055 0.018 5.48 953.0
2452466.70568 17.065 0.016 5.00 942.0
2452466.71596 17.087 0.017 5.15 938.0
2452466.72507 17.091 0.019 5.71 955.0
2452466.73407 17.094 0.020 5.76 968.0
2452466.74332 17.064 0.020 6.15 985.0
2452466.74979 17.055 0.020 6.23 1002.0
2452466.75931 17.040 0.019 5.94 1016.0
2452466.76807 17.076 0.018 5.31 1004.0
2452466.77743 17.090 0.018 4.98 1026.0
2452466.79001 17.059 0.018 5.43 1069.0
2452466.79904 17.084 0.021 5.90 1133.0
2452466.80971 17.107 0.018 5.02 1153.0
2452466.81862 17.116 0.022 5.92 1247.0
2452466.82854 17.054 0.020 5.81 1299.0
2452466.83737 17.067 0.020 5.49 1345.0
2452466.84634 17.082 0.024 6.56 1432.0
2452468.46484 17.112 0.024 6.28 1646.0
2452470.46516 17.055 0.024 6.26 1772.0
2452472.45994 17.183 0.030 5.83 2641.0
2452472.47845 17.109 0.023 5.66 1969.0
2452472.48722 17.059 0.019 4.79 1990.0
2452472.49659 17.098 0.021 4.94 2149.0
2452472.51680 17.069 0.018 4.33 1839.0
2452472.52644 17.198 0.020 4.30 1839.0
2452472.53536 17.121 0.020 4.73 1812.0
2452472.54500 16.998 0.017 4.64 1733.0
2452472.55393 17.098 0.019 4.63 1826.0
2452472.56293 17.091 0.018 4.42 1870.0
2452472.57271 17.006 0.017 4.44 1782.0
2452472.59228 17.078 0.017 4.43 1571.0
2452472.63373 17.023 0.015 4.45 1311.0
2452472.64301 17.004 0.015 4.49 1271.0
2452472.66326 17.161 0.016 4.67 1201.0
2452472.67213 17.071 0.014 4.09 1115.0
2452472.68097 17.099 0.015 4.56 1003.0
2452472.69128 17.084 0.015 4.33 904.0
2452472.70023 17.059 0.015 4.55 890.0
2452472.70912 17.060 0.014 4.48 870.0
2452472.71931 17.054 0.014 4.50 837.0
2452472.73262 17.077 0.016 4.79 853.0
2452472.74220 17.051 0.015 4.45 922.0
2452472.75127 17.063 0.017 5.20 949.0
2452472.76016 17.043 0.014 4.82 885.0
2452472.76991 17.023 0.013 4.57 882.0
2452472.79293 17.132 0.016 4.99 929.0
2452472.80260 16.983 0.013 6.02 681.0
2452472.81138 17.107 0.016 5.85 755.0
2452472.82079 17.062 0.018 6.07 975.0
2452474.46546 17.075 0.021 5.43 1660.0
2452482.62214 17.099 0.020 5.41 1147.0
2452485.63215 17.068 0.021 6.57 940.0
2452489.70299 17.068 0.015 4.41 1000.0
2452492.64767 17.067 0.015 4.39 1032.0
2452494.70205 17.046 0.016 5.41 876.0
2452497.50460 17.089 0.018 4.77 1041.0
2452499.54039 17.070 0.016 4.33 1014.0
2452501.56811 17.077 0.015 4.11 1072.0
2452511.54830 17.115 0.020 5.13 1143.0
2452517.48136 17.036 0.027 7.78 1233.0
2452521.51672 17.076 0.016 4.16 1179.0
2452526.54693 17.062 0.015 4.35 975.0
2452537.47811 17.081 0.024 5.68 1848.0
2452540.49470 17.055 0.021 5.63 1376.0
2452546.50525 17.090 0.018 4.82 1216.0
2452550.48652 17.106 0.021 5.41 1278.0
2452554.55841 17.054 0.018 4.86 1129.0
2452558.49496 17.082 0.022 5.25 1504.0
2452565.48782 17.123 0.031 6.32 2095.0
2452693.89219 17.079 0.017 4.77 1223.0
2452698.89013 17.072 0.017 5.16 913.0
2452711.87315 17.036 0.014 4.65 926.0
2452721.88060 17.079 0.034 4.48 6250.0
2452730.89389 17.073 0.015 3.83 1042.0
2452743.77029 17.050 0.015 3.62 1133.0
2452748.78884 17.074 0.017 4.30 1423.0
2452755.77874 17.102 0.014 3.70 973.0
2452758.93016 17.047 0.021 4.97 1651.0
2452765.78688 17.055 0.014 3.68 1145.0
2452769.77149 17.063 0.013 4.35 987.0
2452782.71004 17.047 0.019 5.81 1052.0
2452784.69899 17.059 0.013 3.48 947.0
2452786.58455 17.103 0.026 6.34 1601.0
2452788.68634 17.060 0.014 3.26 1084.0
2452790.79144 17.045 0.015 4.04 999.0
2452792.52842 17.120 0.028 7.49 1311.0
2452794.55466 17.043 0.025 7.01 1430.0
2452796.56337 17.081 0.017 4.97 1112.0
2452802.55824 17.083 0.026 6.67 1594.0
2452808.63079 17.063 0.016 4.39 1165.0
2452810.56903 17.073 0.017 4.57 1185.0
2452812.57090 17.069 0.017 4.28 1358.0
2452813.81465 17.079 0.016 4.17 1069.0
2452815.59325 17.039 0.015 4.07 961.0
2452816.65868 17.068 0.015 4.02 876.0
2452817.77333 17.063 0.017 4.67 1065.0
2452818.66818 17.064 0.016 4.41 1072.0
2452819.76228 17.086 0.019 5.47 1100.0
2452821.66052 17.079 0.017 4.43 1065.0
2452826.65119 16.986 0.017 5.87 843.0
2452830.78143 17.055 0.020 4.50 2136.0
2452835.47782 17.029 0.023 4.77 2430.0
2452837.49663 17.104 0.021 5.78 1361.0
2452838.72714 17.046 0.016 4.52 1022.0
2452840.49871 17.091 0.020 5.43 1187.0
2452842.53514 17.066 0.017 5.09 1053.0
2452844.61128 17.082 0.015 3.78 971.0
2452848.54648 17.054 0.021 6.29 1158.0
2452851.53374 17.066 0.017 4.66 1196.0
2452853.53159 17.070 0.017 4.72 1143.0
2452854.75453 17.075 0.021 6.10 1147.0
2452857.71747 17.033 0.018 4.90 1229.0
2452862.49376 17.082 0.024 6.27 1506.0
2452864.50077 17.067 0.022 5.74 1383.0
2452867.65598 17.086 0.019 5.50 1027.0
2452867.69807 17.084 0.016 4.42 1003.0
2452867.71936 17.060 0.018 5.42 1034.0
2452867.72930 17.120 0.021 5.96 1046.0
2452867.73251 17.047 0.018 5.45 1050.0
2452867.73556 17.064 0.019 5.87 1077.0
2452867.73861 17.075 0.019 5.71 1080.0
2452868.51429 17.053 0.015 3.89 1079.0
2452869.56728 17.079 0.017 4.25 1071.0
2452869.58857 17.048 0.016 3.94 1037.0
2452870.65628 17.028 0.015 4.10 1098.0
2452871.47684 17.047 0.017 4.58 1204.0
2452871.51151 17.096 0.016 4.49 1064.0
2452871.52781 17.045 0.015 3.96 1069.0
2452871.54698 17.061 0.014 3.34 1051.0
2452871.55026 17.071 0.014 3.66 1077.0
2452871.55365 17.069 0.014 3.41 1079.0
2452871.55700 17.066 0.014 3.67 1082.0
2452871.56044 17.055 0.015 3.74 1095.0
2452871.56414 17.095 0.015 3.80 1117.0
2452871.56803 17.084 0.015 3.82 1113.0
2452871.57980 17.068 0.014 3.33 1122.0
2452871.58743 17.091 0.015 3.51 1183.0
2452871.59090 17.083 0.014 3.42 1170.0
2452871.59428 17.074 0.014 3.40 1152.0
2452871.59764 17.058 0.014 3.29 1148.0
2452871.60093 17.048 0.014 3.31 1152.0
2452871.60426 17.058 0.014 3.52 1148.0
2452871.60748 17.055 0.014 3.54 1154.0
2452871.61118 17.024 0.014 3.51 1130.0
2452871.61585 17.082 0.015 3.50 1124.0
2452871.63049 17.067 0.015 3.70 1098.0
2452871.71129 17.084 0.017 4.80 1072.0
2452872.50170 17.080 0.017 4.55 1096.0
2452872.67540 17.085 0.014 4.01 891.0
2452872.70262 17.058 0.015 4.78 985.0
2452874.57627 17.109 0.016 5.20 836.0
2452875.53658 17.078 0.015 4.16 914.0
2452875.61544 17.091 0.020 5.81 963.0
2452875.69346 17.059 0.020 6.25 1043.0
2452876.49411 17.055 0.015 4.29 1005.0
2452876.65169 17.055 0.016 4.48 942.0
2452877.52165 17.056 0.017 4.59 1110.0
2452877.65100 17.105 0.017 4.03 1103.0
2452878.49816 17.051 0.015 3.70 1118.0
2452878.56930 17.077 0.014 3.51 985.0
2452879.55333 17.055 0.015 4.30 992.0
2452880.70010 17.028 0.018 5.81 1064.0
2452881.65634 17.074 0.014 4.82 790.0
2452882.50044 17.069 0.016 5.02 1010.0
2452883.58619 17.052 0.014 3.79 945.0
2452884.47633 17.072 0.020 5.08 1387.0
2452892.51419 17.057 0.021 5.79 1270.0
2452896.58101 17.035 0.015 3.64 1149.0
2452899.60441 17.097 0.014 4.48 973.0
2452905.54431 17.090 0.023 6.49 1208.0
2452909.51514 17.047 0.018 5.02 1113.0
2452912.53773 17.065 0.016 4.00 1234.0
2452921.59831 17.073 0.025 6.28 1689.0
2452926.56551 17.084 0.019 5.26 1266.0
2453040.88363 17.069 0.026 5.30 2425.0
2453044.85820 17.003 0.020 5.80 1335.0
2453046.86814 17.063 0.019 5.03 1361.0
2453047.85686 17.056 0.016 4.79 1160.0
2453055.87452 17.028 0.016 4.92 1035.0
2453058.89269 17.075 0.015 3.91 1200.0
2453064.81324 17.088 0.021 6.01 1238.0
2453067.88666 17.047 0.013 3.53 946.0
2453070.84819 17.064 0.018 4.89 1245.0
2453070.89257 17.039 0.015 3.95 1092.0
2453071.87693 17.045 0.015 3.78 1104.0
2453073.80367 17.070 0.018 5.25 1227.0
2453075.84225 17.091 0.016 4.23 1207.0
2453079.88686 17.066 0.017 3.52 2022.0
2453082.86016 17.087 0.014 3.67 936.0
2453084.89946 17.069 0.012 3.14 857.0
2453086.83181 17.043 0.012 3.50 841.0
2453088.78930 17.054 0.012 3.57 808.0
2453089.89856 17.045 0.014 3.98 931.0
2453091.81875 17.056 0.013 3.83 838.0
2453096.85686 17.047 0.015 4.96 962.0
2453098.83736 17.032 0.012 3.60 916.0
2453100.79783 17.077 0.014 3.79 1035.0
2453101.90434 17.065 0.015 4.11 1060.0
2453103.76910 17.092 0.015 3.82 1205.0
2453104.88363 17.080 0.035 3.81 8466.0
2453108.76167 17.055 0.013 3.85 991.0
2453109.79661 17.068 0.013 3.82 845.0
2453110.82828 17.053 0.014 4.05 931.0
2453112.77709 17.065 0.013 3.98 753.0
2453113.86686 17.095 0.013 3.75 795.0
2453114.77838 17.073 0.013 4.02 840.0
2453115.86120 17.092 0.013 3.81 862.0
2453116.91732 17.070 0.015 4.36 934.0
2453122.90439 17.093 0.017 4.86 1009.0
2453125.86465 17.055 0.017 4.93 999.0
2453126.89027 17.058 0.014 3.69 1039.0
2453127.79578 17.055 0.015 3.68 1094.0
2453128.81415 17.057 0.013 3.78 1087.0
2453130.69216 17.087 0.018 4.68 1492.0
2453137.93253 17.097 0.016 4.10 1335.0
2453138.69522 17.125 0.018 5.21 933.0
2453139.86654 17.074 0.013 3.91 865.0
2453140.87225 17.084 0.015 4.30 863.0
2453140.90258 17.054 0.015 4.44 860.0
2453142.76055 17.041 0.013 3.75 884.0
2453144.78149 17.064 0.015 4.66 822.0
2453146.78130 17.071 0.015 5.11 815.0
2453151.74408 17.069 0.017 5.34 855.0
2453151.89676 17.065 0.016 4.79 953.0
2453152.74737 17.027 0.015 4.67 931.0
2453153.75212 17.004 0.016 5.58 903.0
2453154.81363 17.107 0.018 5.32 901.0
2453156.83333 17.048 0.015 4.14 1113.0
2453158.90401 17.114 0.025 6.03 1510.0
2453162.80832 17.058 0.015 4.08 1150.0
2453163.62123 17.065 0.014 3.81 855.0
2453163.64006 17.071 0.013 3.69 849.0
2453164.72995 17.057 0.014 4.18 905.0
2453165.75076 17.057 0.012 3.72 807.0
2453166.89589 17.048 0.022 6.65 1140.0
2453167.74876 17.066 0.017 5.69 834.0
2453168.74394 17.045 0.013 4.13 852.0
2453169.71984 17.044 0.014 4.13 871.0
2453170.79736 17.074 0.013 3.82 785.0
2453171.82006 17.032 0.012 3.42 852.0
2453172.74707 17.055 0.012 3.89 768.0
2453174.70336 17.058 0.012 3.51 837.0
2453175.71330 17.074 0.013 3.42 922.0
2453177.75044 17.110 0.019 6.37 964.0
2453178.77701 17.026 0.013 4.54 721.0
2453179.78676 17.100 0.014 4.16 850.0
2453180.71510 17.068 0.012 3.55 765.0
2453182.76659 17.046 0.014 4.53 795.0
2453183.73524 17.054 0.015 4.44 841.0
2453184.69303 17.063 0.012 3.62 812.0
2453185.74569 17.105 0.015 3.88 1010.0
2453185.76592 17.040 0.015 4.34 1007.0
2453185.79186 17.061 0.014 4.11 1022.0
2453185.82991 17.101 0.015 3.94 1076.0
2453185.85790 17.121 0.018 4.83 1109.0
2453185.87937 17.048 0.018 5.36 1234.0
2453186.62474 17.126 0.019 4.65 1329.0
2453190.63676 17.028 0.016 4.79 1056.0
2453191.77823 17.062 0.017 5.07 975.0
2453193.53123 17.053 0.015 4.79 916.0
2453194.58989 17.078 0.017 4.86 1130.0
2453195.63717 17.072 0.013 3.81 759.0
2453195.79485 17.090 0.014 3.77 907.0
2453196.55746 17.079 0.017 5.45 946.0
2453197.50783 17.065 0.014 4.01 961.0
2453199.61760 17.069 0.015 5.02 756.0
2453201.50944 17.047 0.013 4.18 948.0
2453202.47390 17.096 0.019 5.89 990.0
2453202.52602 17.072 0.013 4.07 851.0
2453202.56388 17.057 0.013 4.53 794.0
2453202.63017 17.060 0.014 4.60 874.0
2453202.75567 17.047 0.016 5.13 824.0
2453202.79234 17.065 0.016 5.00 905.0
2453202.82853 17.080 0.022 6.99 1044.0
2453203.46962 17.046 0.017 5.58 983.0
2453203.65337 17.091 0.015 4.55 808.0
2453204.64660 17.044 0.013 3.99 729.0
2453205.75522 17.067 0.014 4.86 724.0
2453206.71223 17.098 0.016 5.90 734.0
2453207.66076 17.042 0.017 5.72 770.0
2453210.53961 17.031 0.016 5.37 1013.0
2453211.57807 17.032 0.014 5.24 784.0
2453217.47623 17.040 0.016 3.72 1684.0
2453218.64498 17.069 0.017 4.54 1277.0
2453219.59333 17.029 0.021 6.50 1057.0
2453223.64623 17.006 0.020 6.75 900.0
2453224.69175 17.052 0.014 3.79 964.0
2453226.60906 17.076 0.019 6.74 739.0
2453228.59549 17.063 0.016 5.11 766.0
2453229.62796 17.061 0.014 4.67 784.0
2453230.66154 17.054 0.014 4.70 750.0
2453231.56488 17.067 0.016 5.04 851.0
2453232.59277 17.079 0.022 7.18 838.0
2453238.61386 17.114 0.017 5.43 866.0
2453239.69262 17.124 0.020 7.26 886.0
2453240.67375 17.033 0.020 7.26 920.0
2453245.54852 17.059 0.015 4.27 1171.0
2453246.65224 17.075 0.019 5.46 1054.0
2453247.61839 17.082 0.018 4.95 1059.0
2453249.52031 17.065 0.017 5.35 816.0
2453250.65307 17.035 0.017 5.42 1153.0
2453251.49826 17.065 0.018 5.49 890.0
2453251.59855 17.101 0.015 4.52 795.0
2453251.64976 17.097 0.017 6.11 839.0
2453253.51737 17.034 0.016 5.86 742.0
2453256.63014 17.094 0.019 6.49 828.0
2453259.61960 17.065 0.017 5.86 826.0
2453264.52709 17.086 0.016 4.65 964.0
2453267.52620 17.047 0.016 5.13 1086.0
2453272.58162 17.108 0.018 4.91 1042.0
2453275.56458 17.007 0.019 5.96 1114.0
2453278.59349 17.112 0.019 5.32 996.0
2453281.60025 17.029 0.011 4.82 531.0
2453293.51065 17.079 0.013 5.15 550.0
2453295.52085 17.139 0.012 4.77 477.0
2453299.52446 17.167 0.011 4.80 450.0
2453305.54167 17.042 0.018 5.35 1353.0
2453306.54123 17.010 0.027 6.88 1959.0
2453307.54072 17.128 0.029 7.00 1732.0
2453309.51660 17.044 0.019 5.56 1335.0
2453310.52622 17.034 0.020 5.78 1543.0
2453314.51011 17.083 0.026 7.14 1424.0
2453408.88462 16.974 0.016 5.45 942.0
2453410.88473 17.049 0.018 5.88 1069.0
2453413.88556 17.073 0.018 5.90 999.0
2453421.89178 17.060 0.012 3.79 761.0
2453422.86168 17.020 0.016 5.98 787.0
2453426.85731 17.081 0.016 4.75 1024.0
2453429.83041 17.028 0.020 5.46 1516.0
2453432.88273 17.037 0.017 3.67 2173.0
2453442.88513 17.035 0.013 4.30 809.0
2453445.79797 17.039 0.012 4.30 718.0
2453447.84859 17.047 0.015 5.14 826.0
2453449.86122 17.070 0.015 5.13 750.0
2453452.88183 17.040 0.012 3.62 766.0
2453455.81607 17.030 0.016 4.95 1082.0
2453457.84953 17.052 0.013 4.23 903.0
2453459.84475 17.056 0.013 3.69 1074.0
2453469.78051 17.065 0.012 4.06 759.0
2453470.79348 17.024 0.013 4.66 713.0
2453472.75591 17.063 0.014 4.59 787.0
2453473.77571 17.010 0.014 5.12 760.0
2453474.77237 17.018 0.015 5.69 704.0
2453475.79793 17.049 0.013 4.59 717.0
2453477.75977 17.078 0.014 3.93 762.0
2453479.75860 17.045 0.011 3.92 718.0
2453480.71874 17.062 0.013 4.38 717.0
2453481.73667 16.991 0.013 4.68 805.0
2453482.67900 17.071 0.017 4.96 1151.0
2453496.71626 17.060 0.014 4.38 852.0
2453497.78781 17.078 0.017 5.60 872.0
2453498.91109 17.031 0.015 4.83 900.0
2453499.85893 17.084 0.012 3.78 734.0
2453500.72514 17.030 0.013 4.43 775.0
2453501.82158 17.149 0.012 3.69 805.0
2453502.71742 17.034 0.012 3.82 799.0
2453503.68661 17.067 0.012 4.19 723.0
2453504.70133 17.066 0.014 4.58 686.0
2453506.74514 17.057 0.014 4.68 765.0
2453508.74935 17.038 0.014 4.65 806.0
2453509.72782 17.035 0.012 4.32 707.0
2453510.79760 17.053 0.013 4.10 773.0
2453511.83673 17.073 0.013 3.44 996.0
2453512.70641 17.071 0.016 4.76 1026.0
2453517.68222 17.073 0.019 4.85 1756.0
2453520.75750 17.038 0.015 4.78 855.0
2453521.71471 17.085 0.012 3.58 878.0
2453522.74274 17.032 0.011 3.23 690.0
2453522.93395 17.108 0.016 5.04 947.0
2453523.74723 17.051 0.011 3.07 701.0
2453524.89241 17.093 0.017 5.17 973.0
2453525.74562 17.047 0.012 3.76 681.0
2453526.74905 17.032 0.013 4.43 782.0
2453528.66990 17.046 0.013 4.27 715.0
2453529.69227 17.025 0.008 4.14 421.0
2453530.60734 17.068 0.012 4.11 743.0
2453537.73817 17.095 0.012 4.10 716.0
2453538.52750 17.021 0.022 7.77 956.0
2453538.55386 17.047 0.016 5.72 848.0
2453538.60102 17.101 0.016 5.58 787.0
2453538.63175 17.026 0.013 4.57 773.0
2453538.68725 17.079 0.012 3.70 773.0
2453538.73637 17.076 0.012 3.58 813.0
2453538.78384 17.049 0.012 3.62 810.0
2453538.81495 17.065 0.013 3.92 789.0
2453538.84381 17.039 0.013 4.17 881.0
2453538.87524 17.028 0.016 5.20 952.0
2453538.90769 17.025 0.019 6.21 1047.0
2453539.51083 17.060 0.022 6.60 1230.0
2453539.53042 16.971 0.021 7.51 1039.0
2453539.56304 17.026 0.016 5.52 918.0
2453539.59305 17.088 0.017 5.30 893.0
2453539.61593 17.023 0.018 5.30 1431.0
2453539.68199 17.069 0.014 4.36 990.0
2453539.73745 17.058 0.012 3.46 792.0
2453539.80860 17.077 0.012 3.66 940.0
2453540.61626 17.080 0.016 4.90 906.0
2453540.73621 17.018 0.017 3.58 2277.0
2453540.83437 17.035 0.017 4.84 1297.0
2453541.63152 17.031 0.015 4.40 1119.0
2453541.78057 16.995 0.013 3.84 1035.0
2453542.56565 17.027 0.018 5.30 1399.0
2453542.83831 17.040 0.027 5.19 3147.0
2453544.61196 17.073 0.020 3.75 2692.0
2453544.72499 17.074 0.015 3.76 1283.0
2453546.84410 17.161 0.026 7.35 1038.0
2453547.80836 17.086 0.019 6.02 916.0
2453549.84020 17.097 0.017 5.84 939.0
2453550.63202 17.044 0.014 4.84 883.0
2453551.63161 17.050 0.010 4.09 784.0
2453552.66733 17.021 0.012 4.09 673.0
2453553.71738 17.106 0.017 5.39 883.0
2453554.65271 17.008 0.015 5.31 828.0
2453555.66479 17.060 0.014 5.02 697.0
2453556.67254 17.075 0.013 4.47 736.0
2453558.52735 17.033 0.015 5.25 911.0
2453558.82609 17.067 0.016 5.55 762.0
2453559.69603 17.069 0.013 4.32 752.0
2453560.59735 17.044 0.013 3.96 763.0
2453561.54511 17.065 0.013 3.77 946.0
2453562.58579 17.050 0.017 5.93 817.0
2453563.63648 17.070 0.011 3.35 691.0
2453564.57425 17.078 0.017 5.77 773.0
2453569.55961 17.008 0.018 4.47 1720.0
2453572.81507 17.076 0.026 5.93 2242.0
2453573.64605 17.025 0.016 5.06 990.0
2453574.68595 17.016 0.013 4.02 889.0
2453575.53344 17.046 0.012 4.08 789.0
2453575.77005 17.045 0.014 4.67 909.0
2453576.68735 17.110 0.017 5.48 807.0
2453577.58745 17.008 0.015 5.57 739.0
2453578.67206 17.032 0.013 4.28 682.0
2453579.61750 17.073 0.013 3.97 720.0
2453580.65072 17.011 0.013 4.43 764.0
2453581.67061 17.036 0.012 3.75 699.0
2453582.64244 17.074 0.013 4.34 689.0
2453583.63288 17.013 0.012 4.41 657.0
2453583.75281 16.974 0.016 6.01 878.0
2453584.64156 17.069 0.011 3.60 671.0
2453584.75615 17.074 0.016 5.80 749.0
2453585.63187 17.052 0.012 4.12 618.0
2453585.77460 17.040 0.015 5.57 671.0
2453586.46947 17.068 0.016 4.05 1300.0
2453586.56846 17.053 0.011 3.38 724.0
2453586.67493 17.046 0.011 3.40 730.0
2453586.71697 17.062 0.011 3.63 722.0
2453587.59338 17.106 0.020 6.51 775.0
2453587.64873 17.041 0.016 5.62 755.0
2453587.71438 17.071 0.017 5.91 748.0
2453588.55798 17.097 0.012 4.13 723.0
2453589.49306 17.049 0.012 3.88 798.0
2453589.54506 17.049 0.012 3.63 753.0
2453589.67054 17.081 0.012 3.68 670.0
2453589.69740 17.014 0.012 4.22 710.0
2453590.65448 17.047 0.012 3.75 718.0
2453591.49752 17.066 0.014 4.63 808.0
2453591.54072 17.076 0.011 3.51 737.0
2453591.64564 17.089 0.012 3.42 788.0
2453591.67802 17.082 0.011 3.33 782.0
2453591.75825 17.052 0.014 5.12 813.0
2453592.75423 17.061 0.015 5.24 841.0
2453593.74495 17.063 0.016 5.41 984.0
2453594.70716 17.046 0.017 5.99 809.0
2453601.65572 17.003 0.013 4.08 1101.0
2453601.72213 17.069 0.017 5.07 1336.0
2453602.61631 17.091 0.014 3.81 1057.0
2453603.63634 17.049 0.015 5.05 876.0
2453607.63470 17.069 0.014 4.60 714.0
2453608.65006 17.090 0.016 5.64 726.0
2453609.63060 17.064 0.014 5.00 670.0
2453615.57781 17.046 0.013 4.70 693.0
2453618.57944 17.042 0.014 4.52 865.0
2453620.54264 17.068 0.012 3.74 714.0
2453622.52050 17.054 0.016 5.36 788.0
2453628.59671 17.089 0.018 4.87 1215.0
2453630.53603 17.074 0.019 5.71 1126.0
2453632.58615 17.032 0.017 5.13 1153.0
2453634.48675 17.085 0.017 5.64 802.0
2453639.54561 17.097 0.012 3.68 806.0
2453641.54407 17.032 0.017 5.49 951.0
2453644.50439 17.057 0.017 5.29 942.0
2453648.53623 17.064 0.017 5.54 844.0
2453650.57858 17.059 0.012 5.09 548.0
2453654.54028 17.068 0.020 4.69 1814.0
2453656.52150 17.113 0.016 3.94 1173.0
2453658.55330 16.973 0.021 6.53 1289.0
2453660.52593 16.985 0.017 5.05 1438.0
2453664.50273 17.110 0.015 3.88 1096.0
2453675.50804 17.185 0.024 5.86 1321.0
2453675.52524 17.146 0.020 5.65 1252.0
2453676.49774 17.051 0.024 5.26 2232.0
2453776.86666 17.074 0.017 5.53 975.0
2453782.85138 17.041 0.017 5.27 1094.0
2453784.87670 17.094 0.014 3.94 1082.0
2453786.89627 17.065 0.019 4.79 1458.0
2453788.84686 17.077 0.018 4.32 1543.0
2453790.88929 17.047 0.015 3.58 1426.0
2453793.85656 17.054 0.013 3.57 1041.0
2453795.84399 17.051 0.016 4.84 1116.0
2453798.80720 17.055 0.015 4.85 927.0
2453799.83136 17.067 0.017 4.87 1216.0
2453800.82630 17.054 0.018 5.95 951.0
2453801.88578 17.048 0.015 4.27 931.0
2453802.85137 17.044 0.014 4.13 947.0
2453803.88664 17.064 0.013 3.47 969.0
2453805.80308 17.101 0.015 4.61 991.0
2453806.76939 17.101 0.017 5.26 1054.0
2453807.78847 17.094 0.020 5.75 1198.0
2453808.79614 17.066 0.016 5.03 1196.0
2453809.88126 17.058 0.014 4.10 1112.0
2453810.84788 17.056 0.013 3.76 1112.0
2453811.83947 17.069 0.015 4.57 953.0
2453812.83558 17.129 0.018 5.41 1100.0
2453813.82552 17.076 0.013 3.81 1030.0
2453814.82739 17.081 0.014 4.04 1049.0
2453817.85893 17.059 0.014 3.63 1234.0
2453818.88802 17.041 0.013 3.69 889.0
2453819.80573 17.077 0.012 3.34 782.0
2453820.77237 17.048 0.013 4.39 831.0
2453821.77549 17.080 0.014 4.31 825.0
2453822.81491 17.059 0.015 4.55 885.0
2453822.86280 17.058 0.013 3.85 862.0
2453822.88373 17.036 0.012 3.66 845.0
2453822.91798 17.051 0.014 3.42 1229.0
2453823.74126 17.066 0.016 5.02 862.0
2453823.79522 17.051 0.014 4.39 814.0
2453823.83900 17.068 0.012 3.51 782.0
2453823.88712 17.057 0.013 4.01 808.0
2453823.92038 17.037 0.015 3.35 1718.0
2453824.74127 17.091 0.017 5.69 926.0
2453824.82034 17.145 0.020 5.99 935.0
2453824.86053 17.049 0.015 4.61 867.0
2453824.89538 17.025 0.015 4.81 880.0
2453825.80613 17.085 0.017 5.62 852.0
2453825.84993 17.062 0.014 4.59 848.0
2453825.88261 17.077 0.015 4.79 867.0
2453825.91910 17.094 0.017 4.60 1281.0
2453826.73466 16.986 0.014 6.51 473.0
2453826.77342 17.082 0.015 4.95 819.0
2453826.82792 17.041 0.015 4.96 813.0
2453826.90004 17.087 0.015 4.35 916.0
2453827.76609 17.020 0.015 5.48 748.0
2453827.80246 17.023 0.013 4.24 745.0
2453827.85050 17.069 0.012 3.99 722.0
2453827.92210 17.035 0.013 3.76 963.0
2453828.75189 17.032 0.018 6.02 893.0
2453828.79947 17.059 0.017 5.67 877.0
2453828.86375 17.044 0.014 4.41 817.0
2453828.91913 17.057 0.015 4.57 973.0
2453829.73331 17.063 0.015 4.85 818.0
2453829.77952 17.104 0.016 5.23 842.0
2453829.84867 17.065 0.013 4.20 798.0
2453829.89464 17.077 0.013 3.75 814.0
2453829.92346 17.025 0.014 3.31 1411.0
2453830.69453 17.044 0.017 5.41 1079.0
2453830.70868 17.059 0.015 4.79 986.0
2453830.73142 17.101 0.014 4.05 931.0
2453830.74754 17.069 0.013 4.03 929.0
2453830.76319 17.048 0.013 3.85 913.0
2453830.77736 17.062 0.013 3.60 924.0
2453830.79213 17.073 0.014 3.98 938.0
2453830.80630 17.037 0.013 4.10 907.0
2453830.82027 17.073 0.013 3.60 872.0
2453830.83216 17.051 0.014 4.19 879.0
2453830.84383 17.050 0.012 3.42 856.0
2453830.85761 17.011 0.013 3.92 899.0
2453830.86987 17.052 0.013 3.73 908.0
2453830.88120 17.069 0.013 3.87 884.0
2453830.89251 17.064 0.012 3.31 837.0
2453830.90230 17.052 0.012 3.68 839.0
2453830.91349 17.086 0.012 3.24 839.0
2453830.92325 17.076 0.014 3.47 1115.0
2453830.92650 17.072 0.016 3.47 1633.0
2453831.69282 17.072 0.015 4.68 1030.0
2453831.70232 17.087 0.015 4.55 976.0
2453831.71506 17.051 0.014 4.28 915.0
2453831.72433 17.067 0.013 4.24 921.0
2453831.72722 17.072 0.013 4.37 920.0
2453831.73049 17.095 0.013 3.92 919.0
2453831.73328 17.101 0.013 4.09 930.0
2453831.73606 17.074 0.013 3.87 939.0
2453831.73915 17.074 0.013 3.72 922.0
2453831.74194 17.083 0.013 3.64 937.0
2453831.74473 17.084 0.013 3.94 945.0
2453831.74789 17.070 0.013 3.59 953.0
2453831.75069 17.060 0.013 3.88 950.0
2453831.75349 17.080 0.013 3.95 951.0
2453831.75671 17.048 0.012 3.59 924.0
2453831.75945 17.059 0.012 3.68 915.0
2453831.76226 17.031 0.012 3.68 919.0
2453831.76573 17.048 0.012 3.44 911.0
2453831.76901 17.099 0.012 3.38 887.0
2453831.77236 17.041 0.011 3.43 882.0
2453831.77516 17.068 0.012 3.61 855.0
2453831.77794 17.040 0.011 3.50 845.0
2453831.78134 17.061 0.011 3.32 828.0
2453831.78451 17.068 0.012 3.54 850.0
2453831.78811 17.084 0.012 3.51 861.0
2453831.79136 17.042 0.012 3.65 887.0
2453831.79413 17.056 0.012 3.59 904.0
2453831.79693 17.074 0.012 3.52 905.0
2453831.80037 17.096 0.012 3.67 905.0
2453831.80352 17.053 0.012 3.68 892.0
2453831.80663 17.054 0.012 3.80 917.0
2453831.80942 17.091 0.012 3.50 905.0
2453831.81220 17.054 0.012 3.42 913.0
2453831.81540 17.052 0.013 4.04 922.0
2453831.81820 17.060 0.013 3.97 926.0
2453831.82100 17.057 0.012 3.46 907.0
2453831.82421 17.089 0.013 3.44 908.0
2453831.82701 17.040 0.013 3.73 915.0
2453831.82981 17.073 0.013 3.64 916.0
2453831.83338 17.032 0.013 3.94 917.0
2453831.83682 17.053 0.013 3.71 904.0
2453831.83960 17.050 0.012 3.38 892.0
2453831.84239 17.065 0.013 3.82 907.0
2453831.84590 17.084 0.013 3.53 913.0
2453831.84895 17.074 0.013 3.72 928.0
2453831.85173 17.108 0.014 4.03 952.0
2453831.85453 17.077 0.013 3.77 961.0
2453831.85733 17.083 0.013 3.78 947.0
2453831.86047 17.060 0.014 4.07 968.0
2453831.86326 17.079 0.013 3.83 942.0
2453831.86606 17.064 0.014 4.14 947.0
2453831.87571 17.034 0.013 4.02 907.0
2453831.88127 17.043 0.013 3.86 903.0
2453831.88685 17.084 0.013 3.52 894.0
2453831.89242 17.064 0.013 4.00 896.0
2453831.90378 17.051 0.013 3.81 873.0
2453831.91135 17.109 0.013 3.43 834.0
2453831.91778 17.104 0.013 3.44 857.0
2453831.92417 17.070 0.014 3.67 1110.0
2453831.92728 17.091 0.016 3.43 1564.0
2453831.93025 17.111 0.022 4.30 2511.0
2453832.69746 17.029 0.018 5.71 972.0
2453832.70964 17.078 0.017 5.15 915.0
2453832.73347 17.036 0.014 4.47 823.0
2453832.77960 17.068 0.013 3.89 792.0
2453832.82546 17.063 0.014 4.46 802.0
2453832.86883 17.073 0.014 4.20 826.0
2453832.91484 17.097 0.015 4.38 890.0
2453833.69203 17.053 0.017 5.55 1014.0
2453833.71386 17.061 0.014 4.69 886.0
2453833.73818 17.072 0.013 4.31 769.0
2453833.78086 17.079 0.012 3.85 768.0
2453833.82362 17.063 0.011 3.23 786.0
2453833.84562 17.075 0.012 3.40 824.0
2453833.87403 17.079 0.013 3.60 890.0
2453833.90449 17.054 0.013 3.63 926.0
2453833.92084 17.065 0.014 3.60 1042.0
2453834.69807 17.073 0.018 5.61 1065.0
2453834.71734 17.084 0.017 5.46 997.0
2453834.74118 17.047 0.016 4.96 956.0
2453834.79019 17.098 0.013 3.83 837.0
2453834.87001 17.060 0.013 3.69 904.0
2453834.91248 17.046 0.015 4.42 956.0
2453835.70754 17.043 0.016 4.97 1052.0
2453835.77773 17.070 0.014 4.51 876.0
2453835.85155 17.084 0.012 3.35 783.0
2453835.88133 17.065 0.011 3.26 779.0
2453835.92110 17.075 0.013 3.52 981.0
2453836.70365 16.958 0.020 6.57 1162.0
2453836.76522 17.048 0.016 5.04 1042.0
2453836.80968 17.077 0.015 4.41 965.0
2453836.84025 17.062 0.013 3.98 922.0
2453836.89700 17.034 0.012 3.68 883.0
2453837.70232 17.104 0.022 6.17 1208.0
2453837.73259 17.080 0.017 5.06 1047.0
2453837.90433 17.063 0.012 3.07 987.0
2453838.74437 17.050 0.020 6.06 1119.0
2453838.91167 17.085 0.019 4.89 1180.0
2453839.74014 17.050 0.022 6.42 1184.0
2453839.81869 17.033 0.015 4.31 1085.0
2453839.86286 17.114 0.020 5.41 1135.0
2453839.92328 17.093 0.015 3.97 1253.0
2453840.70612 17.037 0.018 5.37 1340.0
2453840.78725 17.048 0.014 4.04 1107.0
2453840.91107 17.066 0.014 3.91 1114.0
2453841.74464 17.046 0.016 4.94 1157.0
2453841.83337 17.044 0.014 4.07 1179.0
2453841.89524 17.077 0.014 3.55 1334.0
2453842.84722 17.133 0.015 3.61 1229.0
2453845.72015 17.031 0.025 5.76 2447.0
2453845.90886 17.011 0.019 4.56 1773.0
2453846.73085 17.057 0.013 4.21 843.0
2453846.91520 17.061 0.013 3.60 968.0
2453847.79698 17.043 0.018 5.79 936.0
2453848.75195 17.066 0.016 5.38 803.0
2453849.75102 17.052 0.013 3.80 862.0
2453849.92157 17.061 0.014 3.82 940.0
2453850.69508 17.056 0.014 4.44 872.0
2453850.86679 17.042 0.014 4.30 908.0
2453851.71023 17.059 0.017 5.70 866.0
2453851.87509 17.060 0.014 4.41 881.0
2453851.92125 17.067 0.015 4.55 923.0
2453852.69879 16.984 0.018 6.09 891.0
2453852.87008 17.055 0.014 4.23 843.0
2453853.68722 17.071 0.014 4.74 823.0
2453853.85556 17.056 0.012 3.58 755.0
2453853.92630 17.089 0.012 3.23 901.0
2453856.67728 17.035 0.014 4.04 994.0
2453856.84401 17.080 0.013 3.89 902.0
2453857.91495 17.048 0.013 4.03 950.0
2453858.76365 17.024 0.011 3.78 713.0
2453859.80186 17.077 0.013 4.11 747.0
2453860.67032 17.033 0.017 5.87 908.0
2453860.91020 17.059 0.015 4.58 960.0
2453861.66778 17.034 0.016 5.02 971.0
2453861.77301 17.054 0.013 4.04 807.0
2453861.93627 17.068 0.016 3.65 1635.0
2453862.70115 17.059 0.014 4.28 934.0
2453862.86513 17.086 0.013 3.35 979.0
2453863.63658 17.071 0.017 5.11 1052.0
2453863.85422 17.074 0.012 3.36 792.0
2453863.93351 17.073 0.014 3.90 1083.0
2453864.67711 17.082 0.016 5.01 965.0
2453864.86713 17.067 0.012 3.33 783.0
2453865.68793 17.115 0.016 4.59 1012.0
2453865.82339 17.034 0.013 3.74 891.0
2453865.90139 17.059 0.013 3.86 844.0
2453866.68633 17.063 0.014 4.10 953.0
2453866.82582 17.060 0.013 3.76 880.0
2453866.90472 17.079 0.012 3.22 914.0
2453867.62923 17.052 0.020 4.79 2038.0
2453867.81489 17.048 0.015 3.60 1412.0
2453867.88795 17.091 0.013 3.16 1171.0
2453868.71231 17.085 0.018 4.67 1369.0
2453868.86399 17.081 0.017 4.37 1287.0
2453869.69210 17.035 0.014 3.77 1422.0
2453869.87310 17.036 0.016 3.93 1637.0
2453872.88947 17.103 0.015 3.69 1141.0
2453873.64441 17.058 0.014 4.34 924.0
2453873.78712 17.051 0.014 3.82 1090.0
2453873.85985 17.060 0.015 4.51 913.0
2453873.92942 17.041 0.015 4.47 1039.0
2453874.74408 17.075 0.016 5.13 835.0
2453875.65777 17.064 0.012 4.02 731.0
2453875.80525 17.067 0.012 3.35 827.0
2453875.90419 17.046 0.013 3.89 886.0
2453876.63502 17.056 0.013 4.70 744.0
2453877.63314 17.027 0.013 5.06 709.0
2453877.78382 17.063 0.012 3.57 749.0
2453877.85836 17.044 0.012 3.58 873.0
2453879.66460 17.048 0.011 4.27 643.0
2453880.83400 17.020 0.014 4.72 893.0
2453880.91278 17.018 0.014 4.56 971.0
2453881.66319 17.023 0.013 4.13 891.0
2453881.87469 17.031 0.012 3.41 926.0
2453881.92144 17.058 0.013 3.65 1065.0
2453882.75148 17.041 0.014 4.16 805.0
2453882.82572 17.074 0.014 4.00 909.0
2453882.89458 17.076 0.013 3.47 889.0
2453883.64089 17.034 0.016 5.33 910.0
2453883.83854 17.066 0.012 3.61 813.0
2453886.60296 17.073 0.016 5.13 953.0
2453886.79572 17.023 0.012 4.10 757.0
2453886.86759 17.041 0.016 5.37 833.0
2453887.57628 17.060 0.016 5.32 954.0
2453887.77883 17.064 0.012 3.70 766.0
2453887.87851 17.065 0.013 4.16 897.0
2453888.59233 17.163 0.014 5.38 713.0
2453889.65877 17.058 0.013 4.62 754.0
2453889.93701 17.035 0.015 4.76 1080.0
2453890.63801 17.057 0.013 3.87 909.0
2453891.66836 17.086 0.013 4.31 829.0
2453891.79664 17.071 0.016 5.04 879.0
2453891.87862 17.037 0.015 4.58 916.0
2453892.56996 17.095 0.018 5.59 1162.0
2453892.93307 17.081 0.020 6.52 991.0
2453893.61937 17.067 0.016 5.19 926.0
2453893.86123 17.070 0.018 5.70 948.0
2453894.67263 17.039 0.017 5.97 803.0
2453896.61021 17.011 0.019 6.01 1204.0
2453900.53154 17.064 0.022 6.31 1474.0
2453900.71721 17.074 0.020 4.11 1323.0
2453900.79651 17.075 0.015 3.09 4472.0
2453900.86518 17.067 0.015 3.92 1139.0
2453901.54164 17.075 0.015 4.96 936.0
2453901.72296 17.105 0.015 4.46 923.0
2453901.80026 17.094 0.017 5.16 954.0
2453901.86919 17.024 0.015 4.52 1085.0
2453902.56432 17.036 0.014 4.95 844.0
2453902.74384 17.079 0.013 3.78 896.0
2453902.86280 17.027 0.017 5.14 1111.0
2453903.65200 17.060 0.015 4.55 899.0
2453903.89770 17.046 0.018 5.84 1137.0
2453904.55258 17.024 0.013 4.43 882.0
2453904.71569 17.020 0.012 3.72 900.0
2453904.78472 17.048 0.013 3.82 829.0
2453904.88687 17.133 0.017 4.74 1044.0
2453905.54940 17.061 0.014 4.37 892.0
2453905.72600 17.061 0.012 3.32 847.0
2453905.79609 17.065 0.011 3.09 858.0
2453905.86464 17.061 0.013 4.17 1031.0
2453906.56391 17.097 0.016 4.74 939.0
2453906.70373 17.040 0.013 3.89 821.0
2453906.77686 17.093 0.014 4.10 842.0
2453906.85606 17.064 0.014 4.42 943.0
2453907.59466 17.067 0.015 4.95 821.0
2453907.77690 17.083 0.018 5.66 862.0
2453907.86146 17.033 0.020 6.36 1042.0
2453908.53081 17.090 0.016 4.81 1121.0
2453908.71642 17.051 0.014 4.03 883.0
2453908.79650 17.071 0.013 3.85 814.0
2453908.87610 17.078 0.016 4.86 983.0
2453909.53255 17.017 0.017 5.40 1061.0
2453909.71536 17.084 0.011 3.10 678.0
2453909.80585 17.054 0.012 3.67 760.0
2453909.88209 17.077 0.016 5.13 1012.0
2453910.56201 17.060 0.016 5.20 975.0
2453912.53181 17.084 0.012 3.28 912.0
2453912.71911 17.071 0.010 3.09 681.0
2453912.81298 17.041 0.012 3.77 714.0
2453913.52327 17.070 0.012 3.65 875.0
2453913.72868 17.055 0.013 3.63 809.0
2453913.81763 17.061 0.012 3.36 825.0
2453914.54703 17.048 0.016 5.38 890.0
2453915.52479 17.090 0.015 4.80 966.0
2453915.72677 17.077 0.012 3.99 740.0
2453915.82500 17.070 0.013 4.08 778.0
2453916.56350 17.024 0.017 6.00 873.0
2453916.80737 17.037 0.015 5.05 819.0
2453917.81791 17.092 0.017 5.45 929.0
2453918.59191 17.083 0.013 4.60 874.0
2453918.81566 17.064 0.017 5.17 914.0
2453919.54241 17.123 0.017 5.19 1057.0
2453919.75241 17.079 0.011 4.13 706.0
2453920.51012 17.098 0.015 4.73 901.0
2453920.70621 17.029 0.014 4.59 835.0
2453920.79156 17.068 0.013 3.80 823.0
2453921.50629 17.052 0.015 4.19 1084.0
2453921.70554 17.111 0.021 6.25 911.0
2453921.72000 17.058 0.019 6.10 922.0
2453922.70997 17.045 0.018 5.90 845.0
2453930.53762 17.047 0.013 4.12 906.0
2453930.78501 17.095 0.021 6.60 1065.0
2453931.49555 17.068 0.018 5.47 1037.0
2453931.82270 17.099 0.019 6.16 1170.0
2453932.52644 17.079 0.014 4.15 973.0
2453932.79819 17.074 0.017 5.39 980.0
2453933.51288 17.062 0.014 4.13 962.0
2453933.69729 17.099 0.011 3.59 761.0
2453933.76931 17.065 0.013 4.11 870.0
2453934.48675 17.091 0.015 4.59 971.0
2453934.65679 17.031 0.011 3.59 724.0
2453934.72662 17.039 0.011 3.54 780.0
2453935.53665 17.037 0.014 4.64 852.0
2453935.70795 17.062 0.017 5.90 760.0
2453935.80551 17.087 0.016 4.95 959.0
2453936.49004 17.069 0.017 5.35 941.0
2453936.65553 17.037 0.012 3.65 801.0
2453936.73190 17.056 0.015 3.97 970.0
2453937.55431 17.091 0.020 6.26 826.0
2453938.49782 17.053 0.017 5.35 984.0
2453938.68874 17.071 0.013 4.89 653.0
2453938.79796 17.036 0.018 6.26 805.0
2453940.57805 17.072 0.011 3.44 813.0
2453941.69904 17.062 0.019 6.77 720.0
2453944.55038 17.091 0.014 4.58 861.0
2453944.75072 17.066 0.013 5.38 680.0
2453945.51209 17.069 0.015 5.00 886.0
2453945.77859 17.115 0.017 5.65 841.0
2453946.50948 17.041 0.015 5.16 886.0
2453946.70167 17.067 0.015 4.98 741.0
2453950.51836 17.065 0.013 4.13 831.0
2453950.73340 17.078 0.015 5.10 792.0
2453951.51106 17.072 0.015 4.51 897.0
2453951.74233 17.066 0.022 5.90 1473.0
2453956.56358 17.081 0.019 5.68 1112.0
2453957.50269 17.053 0.018 5.09 1393.0
2453958.57350 17.035 0.014 4.17 902.0
2453959.50625 17.030 0.014 4.88 863.0
2453959.68067 17.051 0.014 4.47 928.0
2453960.49552 17.050 0.013 3.97 844.0
2453960.67458 17.070 0.012 3.41 851.0
2453961.56682 17.081 0.016 4.81 959.0
2453963.52813 17.048 0.014 4.50 800.0
2453963.70552 17.127 0.018 6.15 781.0
2453964.52323 17.041 0.012 3.66 841.0
2453964.72811 17.046 0.015 5.72 791.0
2453965.50767 17.047 0.012 3.64 796.0
2453965.69897 17.076 0.013 4.28 764.0
2453966.48285 17.039 0.015 4.54 956.0
2453966.68461 17.060 0.015 5.28 786.0
2453967.51722 17.037 0.018 5.59 860.0
2453967.71002 17.096 0.016 5.75 770.0
2453968.49534 17.076 0.016 4.89 965.0
2453968.57205 17.070 0.014 4.37 820.0
2453968.66525 17.079 0.015 4.67 805.0
2453969.47696 17.033 0.016 5.27 868.0
2453969.67764 17.097 0.019 6.11 770.0
2453970.50608 17.023 0.017 5.63 836.0
2453970.68464 17.040 0.014 5.04 759.0
2453971.54996 17.056 0.017 5.49 792.0
2453973.56806 17.074 0.017 6.06 734.0
2453974.50540 17.067 0.016 5.34 840.0
2453974.68840 17.083 0.018 6.25 803.0
2453975.50832 17.037 0.014 4.57 811.0
2453975.68018 17.041 0.017 6.16 843.0
2453976.50287 17.064 0.012 3.71 801.0
2453976.67889 17.070 0.019 6.45 946.0
2453979.50514 17.057 0.026 5.84 2216.0
2453982.56575 17.060 0.014 4.17 986.0
2453983.51944 17.042 0.022 4.80 2023.0
2453986.58020 17.028 0.017 5.74 1008.0
2453987.50256 17.083 0.016 5.06 860.0
2453988.50840 17.070 0.012 3.90 756.0
2453989.52606 17.039 0.015 4.68 858.0
2453989.59339 17.128 0.018 5.69 899.0
2453989.65912 16.965 0.019 6.80 1002.0
2453990.54287 17.032 0.017 5.98 821.0
2453990.60769 16.994 0.016 6.01 823.0
2453990.63502 17.120 0.018 6.12 893.0
2453990.66921 17.074 0.019 6.78 1045.0
2453991.49865 17.070 0.019 6.23 858.0
2453991.64194 17.109 0.019 6.83 821.0
2453993.55037 17.022 0.015 5.23 777.0
2453994.56103 17.102 0.018 5.77 884.0
2453995.56860 17.033 0.013 4.17 797.0
2453999.58387 17.107 0.015 4.81 838.0
2454002.49208 17.056 0.014 4.19 866.0
2454003.48958 17.088 0.013 3.88 868.0
2454004.52370 17.040 0.012 3.78 881.0
2454006.51665 17.081 0.014 3.96 888.0
2454012.49654 17.027 0.019 6.20 986.0
2454016.51218 17.060 0.017 5.38 1029.0
2454018.54847 16.997 0.016 5.34 979.0
2454020.53521 17.093 0.017 5.56 912.0
2454023.53555 17.027 0.017 4.94 1233.0
2454025.55494 17.028 0.016 5.11 1062.0
2454028.49433 17.022 0.018 5.49 1085.0
2454031.49442 17.051 0.019 5.38 1348.0
2454038.49978 17.081 0.022 6.07 1309.0
2454040.51413 17.043 0.021 5.77 1232.0
2454041.49634 17.087 0.026 6.15 1853.0
2454043.50658 17.066 0.021 5.35 1620.0
2454141.87425 17.031 0.017 4.51 1274.0
2454143.89158 17.083 0.026 4.43 3372.0
2454150.88943 17.046 0.017 4.86 1202.0
2454153.87732 17.075 0.016 4.77 1058.0
2454156.85575 17.038 0.018 5.34 1096.0
2454158.87533 17.053 0.016 4.27 1143.0
2454161.84330 17.052 0.019 5.24 1354.0
2454163.80945 17.071 0.017 4.22 1727.0
2454163.82618 17.043 0.017 4.22 1666.0
2454165.80755 17.117 0.026 6.10 1761.0
2454168.80086 17.064 0.017 4.13 1407.0
2454170.79671 17.039 0.026 3.80 5057.0
2454175.78733 17.069 0.018 5.09 1097.0
2454176.89869 17.060 0.014 3.45 1036.0
2454178.80243 17.057 0.016 5.18 1001.0
2454179.84679 17.060 0.015 3.85 1049.0
2454181.78315 17.027 0.017 5.18 1002.0
2454182.82815 17.052 0.014 4.06 926.0
2454183.86427 17.071 0.016 4.56 996.0
2454184.90489 17.073 0.013 3.73 870.0
2454189.83630 17.032 0.020 6.27 1036.0
2454191.80518 17.071 0.020 5.77 1217.0
2454193.73955 17.063 0.023 6.18 1561.0
2454194.78508 17.044 0.017 4.99 1166.0
2454196.77521 17.062 0.019 5.41 1283.0
2454202.75669 17.039 0.014 3.64 1121.0
2454203.74471 17.058 0.013 3.75 917.0
2454204.73698 17.049 0.016 4.94 1084.0
2454204.91930 17.061 0.015 4.26 1051.0
2454205.73353 17.056 0.016 5.19 901.0
2454207.72299 17.041 0.016 4.95 1063.0
2454208.74507 17.063 0.015 4.06 977.0
2454211.78923 17.073 0.018 5.10 964.0
2454212.86641 17.043 0.021 6.68 968.0
2454213.70960 17.002 0.019 6.28 1001.0
2454213.91318 17.050 0.014 3.69 1041.0
2454215.74231 17.040 0.016 4.99 978.0
2454216.70011 17.060 0.018 5.36 1082.0
2454216.92447 17.044 0.018 5.74 1056.0
2454217.70755 17.067 0.014 3.93 1062.0
2454217.91117 17.049 0.013 3.41 1000.0
2454218.75716 17.057 0.018 5.42 1034.0
2454219.75533 17.060 0.017 5.30 999.0
2454220.70006 17.033 0.019 5.96 1127.0
2454222.66603 17.026 0.022 6.24 1553.0
2454222.91352 17.023 0.016 4.38 1376.0
2454224.78224 17.059 0.016 3.77 1468.0
2454228.67769 17.057 0.016 4.41 1201.0
2454228.91127 17.049 0.018 4.95 1335.0
2454229.67133 17.058 0.018 5.50 1119.0
2454229.86831 17.047 0.016 4.56 1164.0
2454229.93550 17.049 0.018 4.71 1484.0
2454230.68107 17.087 0.016 4.46 979.0
2454230.86912 17.051 0.017 4.54 1117.0
2454230.93399 17.072 0.023 6.04 1436.0
2454231.62340 17.039 0.018 5.68 1166.0
2454231.76761 17.019 0.014 4.33 1150.0
2454231.89179 17.025 0.018 5.18 1195.0
2454231.93490 17.038 0.020 5.48 1555.0
2454232.67545 17.038 0.020 5.95 1269.0
2454232.83648 17.100 0.023 6.14 1302.0
2454233.80725 17.061 0.019 5.92 1150.0
2454234.70891 17.055 0.016 4.74 1059.0
2454235.63696 17.033 0.017 4.86 1218.0
2454235.79816 17.013 0.014 4.00 997.0
2454235.89058 17.039 0.016 4.62 1085.0
2454238.62283 17.037 0.024 6.95 1256.0
2454238.87527 17.036 0.017 4.36 1280.0
2454239.62372 17.039 0.018 5.44 1073.0
2454240.67695 17.034 0.014 4.19 976.0
2454240.81133 17.065 0.016 4.68 1014.0
2454243.64276 17.033 0.017 5.37 1092.0
2454243.73547 17.043 0.019 5.97 1018.0
2454243.82923 17.083 0.019 5.45 1074.0
2454244.61516 17.028 0.021 6.37 1210.0
2454244.71136 17.092 0.015 4.20 1031.0
2454244.80419 17.084 0.018 4.80 1109.0
2454244.91602 17.028 0.018 5.30 1247.0
2454245.60820 17.051 0.016 5.51 820.0
2454245.70212 17.037 0.013 3.77 869.0
2454245.79797 17.075 0.014 3.92 891.0
2454246.66654 17.076 0.017 4.77 1031.0
2454246.75941 17.060 0.018 5.23 1057.0
2454246.85272 17.078 0.017 4.59 1186.0
2454247.68174 17.065 0.015 3.98 1105.0
2454247.82259 17.050 0.015 4.22 1014.0
2454250.72988 17.078 0.017 4.54 1304.0
2454251.80147 17.057 0.028 6.08 2300.0
2454256.61760 17.029 0.018 5.30 1231.0
2454256.76362 16.990 0.018 5.45 1232.0
2454256.86143 17.049 0.026 6.76 1492.0
2454257.64927 17.037 0.019 5.47 1156.0
2454258.63292 17.031 0.020 6.30 1037.0
2454258.75541 17.066 0.016 4.55 1072.0
2454258.84951 17.070 0.019 5.38 1187.0
2454267.59350 17.034 0.018 5.64 1071.0
2454268.55670 17.142 0.019 5.97 948.0
2454268.83957 17.022 0.016 4.74 1118.0
2454269.57593 17.069 0.017 4.88 1073.0
2454269.69646 17.041 0.015 4.30 875.0
2454269.78570 17.100 0.014 4.19 869.0
2454270.56946 17.107 0.016 4.45 1207.0
2454272.59781 17.060 0.015 4.09 1135.0
2454272.74695 17.060 0.015 4.33 928.0
2454272.80620 17.098 0.014 4.23 1016.0
2454272.87774 17.077 0.021 5.50 1494.0
2454273.61494 17.051 0.020 6.05 1113.0
2454273.79560 17.080 0.019 4.96 1356.0
2454273.85674 17.080 0.020 5.11 1505.0
2454274.54757 17.063 0.019 5.21 1328.0
2454274.69991 17.060 0.017 4.50 1140.0
2454274.76248 17.024 0.017 4.98 1161.0
2454274.82088 17.077 0.018 5.14 1220.0
2454275.60002 17.072 0.016 4.32 1102.0
2454275.77537 17.064 0.019 5.73 1325.0
2454275.83384 17.069 0.022 6.02 1475.0
2454276.58481 17.048 0.017 4.85 1133.0
2454277.52860 17.053 0.022 5.58 1496.0
2454277.70549 17.050 0.016 4.68 1130.0
2454277.76419 17.040 0.019 5.70 1157.0
2454277.82283 17.069 0.024 6.73 1360.0
2454278.57236 17.038 0.023 6.42 1409.0
2454278.74964 17.053 0.021 6.14 1229.0
2454278.82870 17.018 0.023 6.49 1509.0
2454283.50801 17.014 0.019 4.94 1669.0
2454283.72834 17.054 0.020 4.87 1532.0
2454284.50297 17.053 0.020 5.33 1331.0
2454284.69312 17.040 0.017 4.32 1270.0
2454284.75590 17.069 0.017 4.50 1294.0
2454284.81484 17.074 0.020 5.78 1540.0
2454285.50605 17.029 0.022 5.74 1441.0
2454285.69418 17.026 0.018 5.10 1155.0
2454285.76062 17.041 0.016 4.52 1072.0
2454285.82594 17.073 0.019 4.82 1269.0
2454286.50575 17.053 0.019 5.21 1385.0
2454286.80293 17.028 0.019 4.95 1965.0
2454289.51356 17.062 0.021 5.97 1191.0
2454289.73212 17.052 0.018 5.30 1093.0
2454289.79724 17.077 0.018 5.42 1134.0
2454290.55988 17.031 0.020 6.15 989.0
2454291.62250 17.071 0.016 4.60 996.0
2454291.78520 17.081 0.022 7.04 1024.0
2454292.48816 17.060 0.016 4.34 1185.0
2454292.66732 17.039 0.016 5.12 1025.0
2454292.72592 17.041 0.014 3.96 982.0
2454292.78445 17.096 0.015 4.27 1056.0
2454293.48847 17.033 0.016 4.65 1111.0
2454293.71307 17.029 0.015 4.73 919.0
2454294.48765 17.071 0.017 4.87 1182.0
2454295.49476 17.066 0.018 5.50 1018.0
2454295.69278 17.083 0.014 4.07 809.0
2454295.75137 17.040 0.014 4.83 805.0
2454296.49173 17.055 0.018 5.36 1083.0
2454296.68443 17.081 0.015 4.59 834.0
2454296.81270 17.048 0.020 6.49 985.0
2454297.51134 17.035 0.018 5.45 1023.0
2454297.71294 17.056 0.014 4.37 828.0
2454298.54621 17.070 0.019 6.23 934.0
2454298.65195 17.040 0.017 5.62 856.0
2454298.75155 17.062 0.020 6.54 934.0
2454299.52924 17.041 0.014 4.21 945.0
2454299.62223 17.019 0.014 4.51 857.0
2454299.71442 17.080 0.016 5.33 837.0
2454299.80517 17.036 0.020 6.52 951.0
2454300.52491 17.028 0.016 4.86 981.0
2454300.64499 17.082 0.015 4.18 836.0
2454300.74051 17.029 0.015 4.23 895.0
2454301.51578 17.066 0.015 4.08 1133.0
2454301.61155 17.066 0.013 3.25 962.0
2454301.71129 17.072 0.015 4.16 918.0
2454301.80251 17.047 0.015 5.09 920.0
2454302.58876 17.086 0.017 4.78 948.0
2454302.68896 17.048 0.017 5.19 917.0
2454303.67480 17.035 0.020 6.57 884.0
2454304.54890 17.002 0.019 5.16 1379.0
2454304.65959 17.100 0.026 6.75 1306.0
2454306.63285 17.083 0.018 5.53 1115.0
2454306.68565 17.063 0.019 6.08 1074.0
2454310.61207 16.964 0.019 4.78 1774.0
2454311.76074 17.061 0.026 6.31 1894.0
2454312.54435 17.073 0.020 4.78 1526.0
2454312.74280 17.045 0.016 4.63 1164.0
2454315.63534 16.994 0.020 6.04 1158.0
2454316.70852 17.107 0.019 5.43 1075.0
2454317.55659 17.030 0.015 4.57 922.0
2454319.51385 17.072 0.019 5.36 1075.0
2454319.76870 17.027 0.018 5.78 1091.0
2454320.54067 17.068 0.016 4.72 949.0
2454320.59554 17.057 0.017 5.18 941.0
2454320.77207 17.033 0.021 6.39 1100.0
2454326.50790 17.007 0.016 4.76 1007.0
2454326.70510 17.062 0.020 6.34 901.0
2454327.58629 17.047 0.022 7.04 988.0
2454327.72759 17.048 0.022 6.81 1070.0
2454328.51309 17.044 0.020 5.84 1196.0
2454328.69113 17.069 0.019 5.23 1100.0
2454329.52309 17.052 0.017 4.48 1032.0
2454329.67097 17.059 0.019 5.89 1011.0
2454330.49401 17.046 0.017 4.82 1042.0
2454330.68727 17.079 0.018 5.73 991.0
2454331.47409 17.046 0.022 5.84 1460.0
2454331.68295 17.070 0.021 6.42 955.0
2454332.50388 17.036 0.015 4.30 1038.0
2454333.52495 17.036 0.018 4.83 1150.0
2454333.68609 17.042 0.018 5.25 1049.0
2454334.49833 17.006 0.037 6.65 3544.0
2454334.62657 17.061 0.039 5.80 5296.0
2454338.49820 17.072 0.018 4.05 1561.0
2454339.47556 17.078 0.021 4.88 1810.0
2454339.69197 17.036 0.022 6.44 1473.0
2454340.59585 17.110 0.018 4.78 1314.0
2454341.49886 17.056 0.021 5.82 1296.0
2454342.52808 17.088 0.018 4.92 1104.0
2454343.50688 17.073 0.014 3.79 1097.0
2454344.53510 17.094 0.022 5.81 1196.0
2454345.49997 17.066 0.014 3.85 1066.0
2454346.51297 17.019 0.017 4.88 1137.0
2454347.52770 17.066 0.018 5.11 1001.0
2454349.48892 17.043 0.020 5.97 1082.0
2454350.53598 17.059 0.017 4.61 1058.0
2454351.50187 17.060 0.016 4.66 1018.0
2454352.55243 17.070 0.021 5.99 1062.0
2454353.50579 17.051 0.016 4.26 1131.0
2454354.53451 17.060 0.015 4.10 1072.0
2454355.53613 17.054 0.016 4.70 1112.0
2454356.50250 17.051 0.017 5.16 1035.0
2454357.53158 17.029 0.019 5.81 1071.0
2454358.49461 17.067 0.021 6.04 1130.0
2454359.53217 17.058 0.017 5.09 1031.0
2454360.51960 17.051 0.021 6.06 1077.0
2454361.56492 17.048 0.023 6.39 1287.0
2454362.50666 17.026 0.018 4.53 1728.0
2454365.55748 17.046 0.024 6.37 1412.0
2454367.48358 17.067 0.017 4.04 1493.0
2454368.52723 17.029 0.020 5.58 1321.0
2454369.60659 17.092 0.026 6.27 1667.0
2454370.48450 17.039 0.020 4.97 1410.0
2454371.52966 17.099 0.017 4.35 1208.0
2454372.51542 17.048 0.014 3.82 1040.0
2454373.48991 17.044 0.021 5.85 1262.0
2454376.56630 17.063 0.021 5.99 1197.0
2454377.60358 17.032 0.020 6.47 1181.0
2454378.51410 17.082 0.017 4.63 1021.0
2454379.52915 17.012 0.020 6.00 1145.0
2454380.54064 17.072 0.017 4.94 1105.0
2454381.51930 17.086 0.023 5.93 1328.0
2454382.56131 17.069 0.019 5.44 1237.0
2454383.55241 17.050 0.020 5.55 1333.0
2454384.52658 17.083 0.019 5.14 1093.0
2454387.58054 17.043 0.017 4.39 1251.0
2454393.52643 17.029 0.017 4.66 1326.0
2454394.54178 17.024 0.017 4.50 1427.0
2454395.51318 17.083 0.019 4.36 1426.0
2454396.50517 17.027 0.022 5.42 1605.0
2454397.52950 17.037 0.017 4.17 1656.0
2454398.53441 17.014 0.019 4.77 1630.0
2454399.52707 17.067 0.022 5.70 1559.0
2454400.52917 17.003 0.024 6.18 1822.0
2454402.54558 17.087 0.023 6.01 1363.0
2454403.54462 17.084 0.023 6.09 1397.0
2454407.52056 17.063 0.021 6.07 1265.0
2454507.85096 17.001 0.019 5.78 1137.0
2454510.85622 17.044 0.017 5.16 1129.0
2454513.85736 17.040 0.013 4.15 1041.0
2454517.85647 17.125 0.027 6.96 1462.0
2454519.87741 17.031 0.015 4.90 1068.0
2454522.87132 17.043 0.019 5.67 1180.0
2454524.80722 17.054 0.018 5.39 1323.0
2454530.81482 17.043 0.013 4.07 1030.0
2454533.84845 17.062 0.017 5.71 927.0
2454535.80187 17.028 0.018 6.28 926.0
2454536.89110 17.036 0.014 4.50 899.0
2454537.87675 17.032 0.013 4.14 809.0
2454538.81187 17.077 0.018 5.42 1043.0
2454539.84992 17.053 0.015 4.71 884.0
2454540.79607 17.090 0.014 3.99 1024.0
2454541.78880 17.069 0.013 4.24 902.0
2454542.78349 17.064 0.018 5.70 1003.0
2454543.77903 17.076 0.015 4.69 1020.0
2454544.77593 17.052 0.017 5.08 1172.0
2454545.78221 17.052 0.015 4.30 1172.0
2454546.78936 17.046 0.015 4.05 1170.0
2454547.78333 17.066 0.015 4.02 1260.0
2454548.79431 17.030 0.019 6.05 1239.0
2454550.73734 17.013 0.020 6.30 1215.0
2454551.76054 17.069 0.016 4.25 1189.0
2454552.75644 17.040 0.028 5.18 3661.0
2454556.75256 17.038 0.014 4.59 871.0
2454557.76983 17.068 0.015 4.77 881.0
2454558.74677 17.045 0.014 4.52 864.0
2454558.91653 17.082 0.014 3.90 1093.0
2454559.74466 17.084 0.014 4.75 801.0
2454560.74477 17.027 0.016 5.61 791.0
2454561.73482 17.029 0.014 4.68 902.0
2454561.92101 17.052 0.016 4.17 1318.0
2454564.72502 17.055 0.015 5.20 843.0
2454564.92553 17.098 0.019 5.74 1141.0
2454565.72309 17.041 0.013 4.09 851.0
2454565.91395 17.080 0.013 4.06 874.0
2454566.72257 17.063 0.014 4.60 848.0
2454566.91943 17.072 0.013 4.15 963.0
2454567.71554 17.024 0.015 4.98 948.0
2454567.92144 17.060 0.016 4.69 1148.0
2454568.72145 17.078 0.017 5.70 926.0
2454569.73047 17.036 0.017 6.01 888.0
2454570.72389 17.100 0.017 5.35 975.0
2454571.71852 17.042 0.021 6.66 1027.0
2454571.90711 17.053 0.015 4.74 891.0
2454572.74601 17.052 0.015 4.72 965.0
2454573.73441 17.067 0.015 4.90 1061.0
2454573.90077 17.047 0.013 4.44 836.0
2454574.73680 17.059 0.018 5.17 1110.0
2454575.74229 17.049 0.015 4.11 1143.0
2454576.75240 17.062 0.014 3.83 1245.0
2454577.83408 17.050 0.016 4.68 1141.0
2454578.78513 17.056 0.022 6.07 1208.0
2454579.86203 17.081 0.022 4.50 2584.0
2454583.72884 17.055 0.018 5.53 1102.0
2454583.91498 17.063 0.015 4.53 954.0
2454585.75258 17.068 0.018 5.53 960.0
2454586.77776 17.039 0.017 5.49 939.0
2454587.76544 17.065 0.017 5.67 929.0
2454587.92403 17.018 0.020 6.38 1102.0
2454588.68795 17.042 0.018 6.40 1001.0
2454588.91884 17.051 0.015 4.62 992.0
2454589.67089 17.070 0.016 4.67 974.0
2454589.82630 17.073 0.015 4.37 892.0
2454589.88829 17.065 0.016 4.68 959.0
2454590.69049 17.032 0.016 4.97 1035.0
2454590.89615 17.073 0.015 4.32 1069.0
2454591.70215 17.074 0.017 4.88 1079.0
2454591.82705 17.048 0.014 4.41 1003.0
2454591.89416 17.034 0.016 4.62 1105.0
2454592.66075 17.031 0.015 4.33 1255.0
2454592.85004 17.077 0.019 5.49 1274.0
2454592.92836 17.061 0.018 4.72 1429.0
2454593.64992 17.024 0.017 5.23 1046.0
2454593.85961 17.037 0.015 4.58 1054.0
2454593.94178 17.110 0.028 4.56 4307.0
2454594.67097 17.062 0.017 5.18 972.0
2454594.86596 17.029 0.015 4.82 1051.0
2454594.93148 17.036 0.017 5.06 1093.0
2454595.66048 17.042 0.015 4.59 948.0
2454595.85485 17.060 0.015 4.93 896.0
2454595.91674 17.057 0.017 5.24 943.0
2454596.65567 17.044 0.016 5.29 946.0
2454597.68013 17.088 0.015 4.71 871.0
2454597.87164 17.020 0.016 4.93 1029.0
2454598.65642 17.071 0.013 4.02 787.0
2454598.92509 17.072 0.016 5.01 1089.0
2454599.62885 17.128 0.021 6.17 1104.0
2454599.91943 17.046 0.019 6.00 1057.0
2454600.63812 17.050 0.013 4.15 871.0
2454600.84684 17.062 0.014 4.37 961.0
2454601.64370 17.065 0.014 3.86 1039.0
2454601.85993 17.065 0.013 4.12 849.0
2454601.92178 17.014 0.016 6.11 897.0
2454602.63634 17.057 0.014 4.10 989.0
2454602.84575 17.047 0.013 4.25 941.0
2454603.76378 17.075 0.016 4.69 976.0
2454606.63762 17.035 0.018 5.46 1492.0
2454606.88897 17.051 0.016 3.98 1587.0
2454610.73377 17.069 0.015 4.10 1122.0
2454610.94100 17.041 0.020 5.03 1809.0
2454611.62311 17.061 0.019 5.56 1145.0
2454611.81395 17.048 0.014 4.10 1106.0
2454612.64448 17.035 0.019 5.68 1226.0
2454615.78621 17.085 0.019 5.89 1038.0
2454616.59523 17.017 0.019 6.19 1081.0
2454616.81174 17.039 0.016 5.15 910.0
2454616.88170 17.054 0.017 5.21 1118.0
2454617.66147 17.021 0.014 4.42 925.0
2454618.60696 17.021 0.017 5.69 982.0
2454621.73592 16.993 0.011 5.12 736.0
2454622.80539 17.032 0.017 5.79 1001.0
2454622.90685 17.087 0.022 6.38 1304.0
2454623.64076 17.049 0.022 6.83 958.0
2454623.86454 17.049 0.021 6.25 1249.0
2454624.58447 17.032 0.017 5.02 1125.0
2454624.80866 17.040 0.017 5.36 981.0
2454624.87501 17.059 0.016 4.74 996.0
2454625.59857 17.049 0.018 5.46 1011.0
2454625.78893 17.088 0.019 5.43 1099.0
2454625.90369 17.022 0.022 6.51 1151.0
2454626.59709 17.061 0.019 5.91 908.0
2454626.85240 17.087 0.021 6.46 983.0
2454627.55754 17.062 0.017 5.14 1090.0
2454627.82975 17.065 0.014 4.25 816.0
2454627.91410 17.070 0.014 4.60 889.0
2454628.54325 17.072 0.017 4.73 1129.0
2454628.75111 17.057 0.016 5.07 910.0
2454628.81654 16.986 0.016 5.38 936.0
2454628.88643 17.058 0.017 5.36 1027.0
2454629.62222 17.060 0.015 4.53 893.0
2454629.82486 17.041 0.016 4.67 1053.0
2454629.90286 17.066 0.017 4.78 1064.0
2454630.55817 17.063 0.017 5.04 1120.0
2454630.76401 17.041 0.014 4.21 1013.0
2454630.84735 17.085 0.015 4.50 1022.0
2454630.91014 17.076 0.020 5.76 1140.0
2454631.55957 17.064 0.013 3.66 1086.0
2454631.77533 17.062 0.014 4.30 942.0
2454631.86199 17.076 0.016 4.50 1161.0
2454632.56335 17.045 0.015 4.11 1217.0
2454632.85009 17.049 0.017 4.97 1249.0
2454633.56332 17.056 0.015 4.16 1250.0
2454633.67486 17.043 0.015 4.16 1090.0
2454633.79060 17.073 0.017 4.08 1538.0
2454638.74837 17.068 0.019 5.40 1185.0
2454638.85858 17.034 0.018 4.72 1611.0
2454639.57093 17.038 0.018 5.03 1320.0
2454639.66871 17.049 0.016 4.22 1276.0
2454640.59044 17.039 0.015 4.32 990.0
2454640.72261 17.055 0.016 5.36 932.0
2454640.82762 17.038 0.019 6.25 1060.0
2454641.66443 17.039 0.015 4.79 965.0
2454641.77439 17.016 0.016 5.35 1021.0
2454642.58832 17.023 0.015 4.67 1025.0
2454642.75085 17.044 0.018 5.85 906.0
2454642.82592 17.015 0.017 5.41 1079.0
2454643.54611 17.039 0.018 5.98 997.0
2454644.59349 17.053 0.018 5.66 986.0
2454644.84970 17.020 0.015 5.02 963.0
2454645.51655 17.078 0.019 5.12 1409.0
2454645.76503 17.043 0.018 5.54 1038.0
2454645.83977 17.045 0.018 5.10 1233.0
2454646.51461 17.048 0.015 4.34 1180.0
2454646.84700 17.071 0.017 4.38 1201.0
2454647.51098 17.035 0.019 5.36 1536.0
2454647.73402 16.997 0.018 5.52 1090.0
2454647.84504 17.026 0.019 6.33 1189.0
2454648.49412 17.031 0.018 4.84 1309.0
2454648.70775 17.030 0.016 4.74 942.0
2454648.81164 17.079 0.018 5.75 1017.0
2454649.52021 17.061 0.019 5.25 1188.0
2454649.72891 17.071 0.014 4.12 895.0
2454649.85532 17.053 0.018 5.29 1151.0
2454650.50620 17.112 0.019 4.65 1343.0
2454650.77012 17.024 0.016 5.18 910.0
2454650.86381 17.049 0.020 6.13 1201.0
2454651.50953 17.063 0.021 5.76 1331.0
2454651.80468 16.976 0.016 5.45 1112.0
2454652.50059 17.072 0.018 4.84 1266.0
2454652.71373 17.079 0.016 4.98 935.0
2454652.78861 17.066 0.016 5.07 980.0
2454652.83834 17.064 0.020 6.33 1122.0
2454653.49694 17.055 0.021 5.96 1295.0
2454653.71612 17.053 0.017 4.90 1038.0
2454653.78129 17.065 0.020 6.05 1095.0
2454654.53574 17.050 0.018 5.37 1036.0
2454654.74719 17.041 0.016 5.21 953.0
2454654.81232 16.978 0.021 6.36 1247.0
2454655.49681 17.029 0.019 5.59 1381.0
2454655.72130 17.054 0.014 4.46 840.0
2454655.78309 17.088 0.017 5.76 990.0
2454656.49875 17.039 0.014 3.94 1019.0
2454656.68849 17.079 0.017 4.45 1114.0
2454656.80777 17.060 0.020 5.67 1460.0
2454657.72310 17.066 0.018 5.89 935.0
2454658.65708 17.042 0.017 5.18 1015.0
2454659.59119 17.061 0.022 6.55 1019.0
2454660.60952 17.038 0.016 4.88 1032.0
2454661.48681 17.070 0.020 5.58 1555.0
2454661.68750 17.039 0.019 5.33 1435.0
2454661.74898 17.076 0.020 5.44 1548.0
2454661.81617 17.025 0.020 5.94 1651.0
2454665.65426 17.129 0.022 5.27 1743.0
2454666.55968 17.017 0.016 4.36 1396.0
2454666.70276 17.011 0.016 4.80 1252.0
2454666.74491 17.087 0.019 5.31 1327.0
2454667.57123 17.026 0.022 6.72 1168.0
2454670.64440 17.077 0.019 6.05 952.0
2454671.57992 17.051 0.015 5.02 806.0
2454672.50540 17.052 0.014 4.17 1026.0
2454672.69790 17.038 0.014 4.01 991.0
2454672.72018 17.045 0.014 4.05 998.0
2454674.50853 17.012 0.019 6.21 1013.0
2454674.70164 17.054 0.016 5.10 960.0
2454674.74093 17.061 0.019 6.05 931.0
2454675.67582 17.036 0.016 5.71 1020.0
2454677.48511 17.066 0.015 3.96 1089.0
2454677.63144 17.044 0.018 6.11 901.0
2454677.77402 17.047 0.017 5.49 950.0
2454678.68853 17.062 0.016 5.94 866.0
2454679.49073 17.030 0.021 6.59 1001.0
2454681.52651 17.003 0.016 5.57 887.0
2454681.62653 17.039 0.017 5.99 847.0
2454681.75875 17.044 0.016 4.80 1076.0
2454682.49752 17.031 0.015 4.18 1040.0
2454682.65485 17.117 0.015 4.13 852.0
2454682.75007 17.061 0.016 4.70 944.0
2454683.51604 17.059 0.019 5.23 1181.0
2454683.70294 17.065 0.016 5.00 878.0
2454684.50859 17.056 0.015 3.99 1179.0
2454684.72229 17.078 0.015 4.55 892.0
2454685.49352 17.055 0.020 5.94 1139.0
2454685.51327 17.032 0.019 5.29 1152.0
2454685.57035 17.052 0.017 4.86 1077.0
2454685.60439 17.061 0.015 4.55 980.0
2454685.65929 17.034 0.015 4.59 934.0
2454685.72849 17.072 0.017 5.69 1041.0
2454686.49730 17.037 0.016 4.52 1075.0
2454686.70129 17.059 0.019 6.76 961.0
2454687.48106 17.036 0.016 4.85 1070.0
2454687.73655 17.076 0.017 5.20 1104.0
2454688.49398 17.043 0.018 5.35 1142.0
2454688.68381 17.082 0.015 4.37 942.0
2454688.74562 17.050 0.018 5.55 1117.0
2454693.54156 17.071 0.014 3.77 1196.0
2454694.53679 17.027 0.022 6.65 1172.0
2454697.49745 17.037 0.016 5.17 960.0
2454698.50297 17.068 0.016 4.95 904.0
2454699.49911 17.043 0.016 5.11 994.0
2454700.50538 17.050 0.015 4.71 967.0
2454701.50066 17.048 0.017 5.41 1053.0
2454702.49919 17.064 0.015 4.21 993.0
2454703.56967 17.018 0.016 5.63 959.0
2454704.63945 17.048 0.015 5.01 883.0
2454705.50288 17.045 0.015 4.10 1001.0
2454708.53608 17.089 0.020 7.03 969.0
2454709.51218 17.000 0.020 6.40 1052.0
2454710.54181 17.026 0.015 5.05 978.0
2454711.52116 16.935 0.014 6.03 788.0
2454715.58116 17.064 0.020 6.26 1051.0
2454716.58355 17.072 0.022 5.09 2047.0
2454720.55070 17.083 0.019 5.06 1248.0
2454721.48225 17.022 0.023 6.17 1391.0
2454722.51479 17.047 0.017 5.24 1137.0
2454724.50459 17.032 0.019 5.64 1223.0
2454725.48288 17.100 0.023 5.99 1289.0
2454726.54431 17.060 0.023 6.98 1157.0
2454728.58944 17.004 0.020 6.34 1043.0
2454729.54492 17.131 0.022 6.55 979.0
2454730.56128 17.047 0.015 4.57 943.0
2454731.56818 17.072 0.017 5.09 934.0
2454733.51988 17.074 0.017 5.11 936.0
2454734.54926 17.058 0.019 6.16 1020.0
2454737.54014 17.033 0.017 5.56 914.0
2454740.55065 17.028 0.018 5.45 1028.0
2454741.55834 17.065 0.018 5.81 1042.0
2454743.53330 17.066 0.018 5.05 1025.0
2454753.54423 17.029 0.021 6.52 1287.0
2454756.52306 16.974 0.018 5.26 1199.0
2454758.50588 17.023 0.020 5.78 1295.0
2454868.87629 17.092 0.016 4.61 1058.0
2454869.86015 17.065 0.017 4.77 1125.0
2454873.84898 17.060 0.016 3.98 1336.0
2454877.84329 17.079 0.016 4.42 1115.0
2454883.84531 17.070 0.017 5.13 920.0
2454884.85082 17.040 0.015 4.96 1145.0
2454886.89396 17.038 0.017 4.63 1271.0
2454890.87888 17.027 0.013 4.44 888.0
2454896.86714 17.045 0.014 4.09 902.0
2454899.83804 17.012 0.015 4.49 1101.0
2454900.87949 16.977 0.013 4.05 1073.0
2454901.87787 16.981 0.013 4.39 1067.0
2454902.87659 16.981 0.013 3.86 1029.0
2454904.80068 16.949 0.014 4.91 1115.0
2454905.90466 16.867 0.015 5.08 1205.0
2454910.80658 16.754 0.014 4.82 1599.0
2454910.82642 16.881 0.013 3.69 1470.0
2454911.77720 16.943 0.012 4.36 809.0
2454912.77411 16.953 0.011 3.59 820.0
2454914.79119 17.013 0.015 5.18 817.0
2454917.75222 17.002 0.013 4.54 913.0
2454920.73252 17.016 0.008 4.45 813.0
2454924.77358 17.039 0.014 4.30 938.0
2454925.81352 17.049 0.013 3.93 929.0
2454925.90056 17.028 0.012 4.27 893.0
2454927.70715 16.999 0.019 5.68 1205.0
2454927.86768 17.043 0.017 5.66 991.0
2454928.72968 17.016 0.017 5.24 1069.0
2454929.78595 17.028 0.014 4.14 1054.0
2454930.70045 17.089 0.016 3.73 1431.0
2454930.81938 17.033 0.015 3.86 1208.0
2454931.71528 17.077 0.019 4.64 1424.0
2454931.86095 17.047 0.015 4.55 1135.0
2454932.71834 17.026 0.015 3.93 1295.0
2454932.78452 17.012 0.013 4.04 1137.0
2454932.81901 17.007 0.012 3.86 1117.0
2454933.76667 16.976 0.016 4.89 1256.0
2454934.76507 16.980 0.025 5.42 2459.0
2454934.83033 17.060 0.019 3.89 2326.0
2454938.67566 17.014 0.017 4.79 1269.0
2454938.88031 16.987 0.016 5.73 1040.0
2454939.69457 17.055 0.019 7.09 991.0
2454940.69457 17.044 0.015 5.11 962.0
2454941.67332 17.029 0.017 5.57 1066.0
2454941.77132 16.998 0.016 5.90 924.0
2454941.88971 17.107 0.021 7.78 920.0
2454942.71109 17.015 0.014 4.83 928.0
2454943.66516 17.025 0.014 4.16 973.0
2454943.80465 17.021 0.015 5.01 879.0
2454944.66197 17.030 0.014 4.19 991.0
2454944.81741 17.049 0.013 4.30 871.0
2454945.71042 17.029 0.014 4.57 936.0
2454945.76687 17.022 0.012 4.12 870.0
2454946.66009 17.053 0.016 4.76 931.0
2454947.65375 17.055 0.013 4.12 892.0
2454947.85169 17.076 0.013 4.42 963.0
2454948.83430 17.061 0.012 4.14 817.0
2454949.78240 17.038 0.014 4.42 917.0
2454951.64246 17.031 0.017 5.25 1076.0
2454952.64068 17.016 0.015 4.79 931.0
2454953.63432 17.006 0.015 4.29 1110.0
2454953.80888 17.071 0.016 5.23 987.0
2454954.63584 17.033 0.017 4.98 1017.0
2454954.82871 17.071 0.014 4.49 862.0
2454955.76991 17.078 0.016 5.01 887.0
