2452125.63682 17.499 0.028 4.25 2205.0
2452128.56705 17.539 0.018 3.93 732.0
2452131.56377 17.540 0.018 3.52 845.0
2452134.66675 17.544 0.023 6.23 685.0
2452138.54419 17.586 0.022 5.68 637.0
2452143.51767 17.615 0.028 6.55 720.0
2452155.64420 17.566 0.034 7.06 1052.0
2452156.48328 17.540 0.022 5.06 839.0
2452158.49164 17.557 0.018 4.53 685.0
2452158.53461 17.565 0.019 4.42 640.0
2452162.50112 17.632 0.024 5.07 732.0
2452168.53590 17.564 0.026 6.01 764.0
2452173.49387 17.564 0.029 6.45 829.0
2452180.49202 17.630 0.043 5.22 3077.0
2452184.49712 17.587 0.032 6.99 898.0
2452194.55176 17.601 0.024 4.77 855.0
2452321.87019 17.520 0.025 5.01 1079.0
2452324.87230 17.535 0.021 4.37 903.0
2452341.82879 17.504 0.025 4.08 1551.0
2452350.84190 17.543 0.018 3.86 848.0
2452358.88135 17.541 0.021 4.60 758.0
2452370.80960 17.585 0.023 5.43 693.0
2452381.80499 17.564 0.020 4.73 633.0
2452384.78749 17.584 0.020 4.41 713.0
2452388.84731 17.519 0.019 4.16 708.0
2452391.68985 17.549 0.029 5.06 1597.0
2452400.68770 17.524 0.022 4.90 829.0
2452402.80267 17.514 0.019 4.14 762.0
2452404.83958 17.558 0.019 4.01 738.0
2452410.71128 17.396 0.013 4.73 556.0
2452414.60114 17.530 0.030 7.06 947.0
2452414.61026 17.534 0.029 7.05 896.0
2452414.61966 17.544 0.025 6.34 809.0
2452414.63051 17.512 0.026 6.80 782.0
2452414.64075 17.561 0.028 7.20 775.0
2452414.64989 17.535 0.029 7.52 777.0
2452414.65895 17.596 0.026 6.30 741.0
2452414.66939 17.566 0.028 6.65 759.0
2452414.67833 17.551 0.024 5.87 722.0
2452414.68729 17.539 0.022 5.37 707.0
2452414.69635 17.530 0.020 4.99 647.0
2452414.70973 17.558 0.021 5.16 646.0
2452414.72089 17.570 0.019 4.46 629.0
2452414.73163 17.544 0.018 4.09 631.0
2452414.74051 17.533 0.018 4.00 627.0
2452414.74957 17.551 0.018 4.00 619.0
2452414.77468 17.523 0.018 4.12 668.0
2452414.78359 17.546 0.019 4.38 707.0
2452414.79318 17.529 0.019 4.36 690.0
2452414.80206 17.556 0.021 4.97 692.0
2452414.81130 17.568 0.024 5.61 708.0
2452414.82196 17.535 0.021 5.06 688.0
2452414.83112 17.566 0.022 5.30 685.0
2452414.84152 17.527 0.020 4.91 682.0
2452414.85062 17.541 0.019 4.42 692.0
2452414.85854 17.546 0.020 4.70 693.0
2452414.86843 17.543 0.020 4.66 719.0
2452414.87750 17.542 0.022 5.25 722.0
2452414.88637 17.530 0.022 5.41 730.0
2452414.89911 17.549 0.024 5.84 759.0
2452414.91050 17.576 0.025 5.83 752.0
2452414.91938 17.549 0.033 7.98 789.0
2452414.92833 17.554 0.030 6.90 835.0
2452414.93245 17.570 0.027 5.93 875.0
2452414.93571 17.552 0.027 6.06 931.0
2452414.93936 17.565 0.031 6.21 1140.0
2452415.72058 17.565 0.024 5.51 780.0
2452416.74275 17.558 0.020 4.37 748.0
2452417.59416 17.529 0.032 6.78 1189.0
2452417.60858 17.500 0.032 7.39 1047.0
2452417.61864 17.542 0.030 6.88 975.0
2452417.62881 17.551 0.034 7.47 953.0
2452417.63944 17.557 0.027 6.04 894.0
2452417.64895 17.559 0.024 5.27 864.0
2452417.65788 17.553 0.024 5.31 848.0
2452417.66801 17.522 0.022 5.04 863.0
2452417.69591 17.569 0.024 5.31 810.0
2452417.71834 17.565 0.023 5.02 812.0
2452417.72735 17.538 0.021 4.69 791.0
2452417.73632 17.565 0.023 4.94 803.0
2452417.74846 17.551 0.022 4.89 804.0
2452417.75736 17.527 0.023 5.30 799.0
2452417.77609 17.529 0.022 4.76 837.0
2452417.78508 17.528 0.021 4.65 820.0
2452417.79456 17.534 0.024 5.43 846.0
2452417.80393 17.538 0.025 5.39 868.0
2452417.81463 17.538 0.024 5.17 906.0
2452417.82346 17.545 0.023 4.84 880.0
2452417.83232 17.548 0.024 5.11 867.0
2452417.84120 17.515 0.022 4.71 838.0
2452417.85268 17.528 0.022 4.98 835.0
2452417.86163 17.515 0.021 4.56 896.0
2452417.87075 17.553 0.022 4.45 948.0
2452417.88301 17.534 0.021 4.40 937.0
2452417.89203 17.538 0.023 4.64 981.0
2452417.90956 17.568 0.035 7.12 1044.0
2452417.91857 17.565 0.028 5.68 1042.0
2452417.92197 17.524 0.033 6.81 1064.0
2452424.76068 17.607 0.041 4.04 4385.0
2452426.57757 17.555 0.027 7.08 724.0
2452426.59343 17.535 0.019 5.07 644.0
2452426.60264 17.525 0.022 5.96 635.0
2452426.61593 17.560 0.020 5.51 651.0
2452426.62504 17.565 0.021 5.43 657.0
2452426.63397 17.544 0.022 5.67 653.0
2452426.64427 17.544 0.021 5.17 676.0
2452426.65339 17.542 0.020 4.63 678.0
2452426.66260 17.515 0.019 4.30 683.0
2452426.67194 17.523 0.019 4.73 676.0
2452426.68175 17.558 0.020 4.70 660.0
2452426.69063 17.565 0.020 4.69 667.0
2452426.70066 17.534 0.018 4.08 663.0
2452426.71069 17.510 0.018 4.37 668.0
2452426.71985 17.475 0.021 4.20 1345.0
2452426.72898 17.474 0.025 4.81 1594.0
2452426.73797 17.595 0.023 4.31 1191.0
2452431.80628 17.483 0.017 4.41 753.0
2452433.73344 17.543 0.020 4.44 689.0
2452436.57924 17.553 0.022 4.29 948.0
2452438.61141 17.563 0.020 4.42 736.0
2452440.59264 17.523 0.019 4.18 740.0
2452442.61073 17.517 0.020 4.54 705.0
2452444.70336 17.548 0.023 5.29 668.0
2452446.63790 17.526 0.020 3.38 1063.0
2452448.52439 17.575 0.043 4.03 5239.0
2452448.54209 17.529 0.042 4.23 5476.0
2452448.55101 17.487 0.046 3.96 5670.0
2452448.55993 17.583 0.041 3.52 5932.0
2452448.58634 17.516 0.040 4.09 4730.0
2452448.65030 17.551 0.049 3.86 7520.0
2452448.66042 17.516 0.026 3.79 1969.0
2452448.66940 17.527 0.022 3.90 1298.0
2452448.67825 17.534 0.042 3.63 6303.0
2452448.68709 17.482 0.035 3.33 5740.0
2452448.69719 17.551 0.027 3.46 2524.0
2452453.73371 17.526 0.024 5.67 800.0
2452454.52468 17.466 0.024 6.37 812.0
2452454.54857 17.555 0.021 4.82 805.0
2452454.55753 17.527 0.019 4.36 818.0
2452454.56649 17.507 0.017 4.14 767.0
2452454.57719 17.527 0.018 4.14 755.0
2452454.58607 17.531 0.018 3.84 883.0
2452454.59489 17.550 0.018 3.82 771.0
2452454.60383 17.558 0.019 4.02 982.0
2452454.61282 17.534 0.019 4.10 941.0
2452454.63062 17.478 0.020 3.86 1488.0
2452454.63966 17.565 0.019 3.65 1199.0
2452454.64861 17.517 0.018 3.95 932.0
2452454.65908 17.519 0.018 3.87 970.0
2452454.66821 17.531 0.019 3.96 942.0
2452454.67707 17.550 0.021 4.10 1242.0
2452454.68680 17.531 0.019 3.87 1007.0
2452454.69653 17.539 0.019 3.65 979.0
2452454.70534 17.531 0.019 4.01 797.0
2452454.71600 17.522 0.017 3.55 808.0
2452454.72492 17.515 0.018 3.64 929.0
2452454.73382 17.485 0.020 3.60 1479.0
2452454.74292 17.565 0.021 3.71 1395.0
2452454.75346 17.499 0.020 3.61 1319.0
2452454.76228 17.535 0.021 3.88 1313.0
2452454.77109 17.579 0.027 4.47 1662.0
2452454.78464 17.495 0.028 3.94 2689.0
2452458.73095 17.583 0.021 5.42 559.0
2452462.71975 17.526 0.016 4.12 562.0
2452463.81682 17.512 0.018 4.09 727.0
2452465.46506 17.537 0.033 6.64 1303.0
2452465.47403 17.541 0.026 5.80 1013.0
2452465.48323 17.517 0.024 5.41 952.0
2452465.49219 17.521 0.025 5.73 934.0
2452465.50123 17.544 0.022 4.52 876.0
2452465.52029 17.550 0.020 4.45 816.0
2452465.52943 17.540 0.021 4.74 804.0
2452465.53950 17.559 0.020 4.42 741.0
2452465.54849 17.547 0.019 4.27 716.0
2452465.55750 17.544 0.019 4.28 668.0
2452465.56646 17.541 0.018 4.32 652.0
2452465.58092 17.545 0.018 4.04 647.0
2452465.58996 17.546 0.019 4.37 640.0
2452465.59921 17.541 0.018 4.18 625.0
2452465.60827 17.566 0.018 4.00 597.0
2452465.61861 17.536 0.018 4.44 570.0
2452465.62822 17.530 0.017 4.18 553.0
2452465.63796 17.555 0.018 4.25 546.0
2452465.64795 17.550 0.017 3.94 524.0
2452465.65723 17.535 0.018 4.47 530.0
2452465.66613 17.546 0.018 4.36 524.0
2452465.69394 17.560 0.018 4.19 519.0
2452465.70298 17.562 0.019 4.60 530.0
2452465.71217 17.592 0.018 4.22 529.0
2452465.72139 17.570 0.018 4.38 537.0
2452465.73042 17.548 0.020 4.64 541.0
2452465.74066 17.544 0.018 4.25 539.0
2452465.74963 17.556 0.018 4.23 546.0
2452465.75867 17.532 0.018 4.14 562.0
2452465.76553 17.549 0.023 6.06 599.0
2452465.77452 17.572 0.025 6.55 619.0
2452465.78593 17.551 0.024 6.10 641.0
2452465.79477 17.576 0.026 6.40 663.0
2452465.80367 17.547 0.022 5.55 672.0
2452465.81278 17.561 0.026 6.48 710.0
2452465.82251 17.578 0.027 6.63 760.0
2452465.83147 17.548 0.024 5.68 791.0
2452465.84248 17.551 0.025 5.81 849.0
2452466.74680 17.556 0.024 6.06 660.0
2452468.46189 17.555 0.039 6.42 1893.0
2452470.46218 17.558 0.036 6.00 1953.0
2452470.47159 17.529 0.027 6.16 1084.0
2452470.49118 17.559 0.030 7.01 937.0
2452470.51117 17.554 0.026 5.56 891.0
2452470.52037 17.528 0.021 4.45 807.0
2452470.53036 17.604 0.023 4.59 752.0
2452470.53943 17.575 0.023 5.07 741.0
2452470.54885 17.512 0.022 4.38 684.0
2452470.55772 17.535 0.019 4.36 680.0
2452470.57682 17.575 0.020 4.11 672.0
2452470.58566 17.529 0.019 4.25 626.0
2452470.59471 17.516 0.019 4.64 621.0
2452470.60381 17.565 0.021 5.18 632.0
2452470.61281 17.546 0.019 4.51 640.0
2452470.62319 17.523 0.019 4.57 630.0
2452470.63210 17.551 0.019 4.72 637.0
2452470.64490 17.544 0.018 4.21 589.0
2452470.66016 17.527 0.017 3.96 595.0
2452470.66917 17.557 0.019 4.56 582.0
2452470.67802 17.535 0.018 4.25 570.0
2452470.68699 17.521 0.017 3.86 595.0
2452470.69891 17.563 0.017 3.85 606.0
2452470.70799 17.517 0.017 4.01 593.0
2452470.71789 17.557 0.018 4.13 605.0
2452470.72671 17.512 0.018 4.33 613.0
2452470.73628 17.540 0.018 4.18 606.0
2452470.74526 17.566 0.021 5.01 617.0
2452470.75439 17.530 0.020 4.91 616.0
2452470.76331 17.572 0.020 5.07 556.0
2452470.77287 17.537 0.020 4.98 571.0
2452470.78205 17.573 0.020 4.91 611.0
2452470.79136 17.566 0.022 5.77 597.0
2452470.80406 17.572 0.022 5.45 627.0
2452470.81323 17.528 0.022 5.81 638.0
2452470.82245 17.539 0.025 6.70 655.0
2452472.45695 17.481 0.037 5.36 3129.0
2452472.46640 17.548 0.029 5.24 1724.0
2452474.46247 17.552 0.029 4.83 1767.0
2452474.47380 17.576 0.030 5.35 1590.0
2452474.48269 17.447 0.040 5.56 3440.0
2452474.61134 17.551 0.020 4.58 731.0
2452474.62067 17.540 0.018 4.11 672.0
2452474.62972 17.541 0.019 4.42 659.0
2452474.63908 17.572 0.019 4.47 670.0
2452474.64919 17.541 0.018 4.20 677.0
2452474.65834 17.529 0.019 4.21 675.0
2452474.66747 17.556 0.020 4.75 676.0
2452474.67784 17.550 0.020 4.72 665.0
2452474.68692 17.564 0.020 4.77 666.0
2452474.69752 17.519 0.019 4.23 723.0
2452474.70637 17.536 0.024 4.10 1516.0
2452482.61915 17.584 0.025 5.60 787.0
2452485.62915 17.524 0.022 6.23 583.0
2452489.70001 17.532 0.018 4.17 689.0
2452492.64469 17.581 0.019 4.41 679.0
2452494.69903 17.583 0.019 4.91 610.0
2452497.50157 17.530 0.020 4.34 707.0
2452499.53738 17.529 0.018 4.13 648.0
2452501.56513 17.537 0.018 3.83 725.0
2452511.54530 17.571 0.025 5.28 876.0
2452517.47830 17.614 0.049 10.29 940.0
2452521.51374 17.538 0.019 3.92 857.0
2452526.54389 17.582 0.020 4.50 659.0
2452537.47505 17.589 0.040 5.96 2268.0
2452546.50226 17.617 0.028 5.56 903.0
2452550.48040 17.511 0.036 6.56 1551.0
2452554.55539 17.530 0.022 4.75 790.0
2452558.49192 17.549 0.029 5.45 1200.0
2452565.48480 17.501 0.046 6.49 2557.0
2452693.88926 17.544 0.022 4.77 876.0
2452698.88723 17.557 0.019 4.68 599.0
2452711.87027 17.522 0.017 4.03 614.0
2452721.77936 17.509 0.041 4.00 5058.0
2452721.83541 17.492 0.049 4.73 5608.0
2452721.84737 17.498 0.046 4.44 5748.0
2452721.90102 17.550 0.046 4.15 5664.0
2452721.91165 17.592 0.051 4.29 6162.0
2452743.76745 17.547 0.019 4.06 806.0
2452755.77588 17.536 0.018 4.29 657.0
2452758.92729 17.557 0.026 4.81 1202.0
2452765.78399 17.577 0.021 4.55 819.0
2452769.76862 17.691 0.023 5.05 751.0
2452782.70485 17.506 0.021 5.35 685.0
2452784.69609 17.523 0.016 3.30 630.0
2452786.58164 17.549 0.030 5.80 1292.0
2452788.68346 17.548 0.018 3.39 761.0
2452790.78856 17.548 0.020 4.68 686.0
2452792.52422 17.574 0.033 7.41 964.0
2452794.55196 17.491 0.031 6.71 1102.0
2452796.56046 17.564 0.018 3.63 777.0
2452802.55533 17.515 0.037 6.29 1849.0
2452808.62355 17.544 0.021 4.78 823.0
2452810.56612 17.550 0.022 4.51 860.0
2452812.56799 17.543 0.023 4.43 999.0
2452813.81172 17.536 0.020 4.31 711.0
2452815.59032 17.497 0.019 4.46 620.0
2452816.65576 17.511 0.017 4.20 521.0
2452817.77043 17.525 0.021 4.73 727.0
2452818.66527 17.544 0.020 4.40 714.0
2452819.75935 17.538 0.021 4.65 750.0
2452821.65763 17.541 0.021 4.64 698.0
2452826.64829 17.541 0.021 5.45 705.0
2452830.77849 17.556 0.029 4.41 1925.0
2452835.47491 17.554 0.030 4.07 2008.0
2452837.49370 17.532 0.024 4.92 1055.0
2452838.72418 17.544 0.020 4.80 690.0
2452840.49577 17.532 0.023 5.11 824.0
2452842.53224 17.522 0.022 5.20 746.0
2452844.60836 17.516 0.017 4.24 605.0
2452848.53607 17.596 0.034 7.41 905.0
2452851.53080 17.541 0.020 4.08 823.0
2452853.52865 17.520 0.021 4.93 785.0
2452853.54060 17.556 0.023 5.07 801.0
2452853.57767 17.524 0.019 4.39 699.0
2452854.47799 17.553 0.026 5.41 998.0
2452854.49041 17.527 0.025 5.74 871.0
2452854.51895 17.539 0.022 4.52 956.0
2452854.53985 17.558 0.021 4.51 837.0
2452854.56145 17.527 0.020 4.43 808.0
2452854.58118 17.504 0.020 4.94 693.0
2452854.61779 17.538 0.026 6.26 743.0
2452854.63296 17.565 0.024 5.81 742.0
2452854.64531 17.561 0.021 4.98 685.0
2452854.66402 17.529 0.023 5.84 679.0
2452854.68446 17.567 0.023 5.60 715.0
2452854.70532 17.544 0.027 6.62 767.0
2452854.72477 17.577 0.026 6.25 747.0
2452854.73730 17.519 0.025 6.44 744.0
2452854.75157 17.552 0.026 6.18 804.0
2452854.78219 17.548 0.029 6.77 931.0
2452855.54818 17.554 0.024 5.76 737.0
2452855.57011 17.533 0.024 6.00 733.0
2452855.60741 17.529 0.027 6.53 767.0
2452855.65903 17.523 0.028 6.87 733.0
2452856.49445 17.572 0.025 5.71 784.0
2452856.58183 17.532 0.021 4.40 822.0
2452856.66539 17.589 0.022 4.36 864.0
2452856.73031 17.582 0.036 7.67 972.0
2452857.48826 17.480 0.025 6.00 932.0
2452857.71452 17.539 0.022 4.52 838.0
2452858.46566 17.488 0.036 5.09 2805.0
2452862.49084 17.454 0.033 6.06 1067.0
2452864.49781 17.571 0.031 6.60 1028.0
2452865.58847 17.539 0.020 4.47 836.0
2452866.64757 17.549 0.023 4.79 839.0
2452867.65300 17.532 0.020 4.79 667.0
2452868.51132 17.539 0.020 4.41 759.0
2452869.58563 17.560 0.020 4.46 676.0
2452871.47390 17.538 0.023 4.72 999.0
2452875.61249 17.557 0.025 6.48 611.0
2452877.64804 17.549 0.020 4.06 725.0
2452879.55036 17.535 0.020 4.38 657.0
2452884.47335 17.544 0.031 5.47 1401.0
2452892.50218 17.551 0.027 6.01 884.0
2452896.57802 17.550 0.019 3.63 822.0
2452899.60146 17.521 0.017 4.51 690.0
2452905.54135 17.532 0.026 5.69 859.0
2452909.51216 17.591 0.025 5.36 771.0
2452912.53477 17.503 0.021 4.31 863.0
2452921.59534 17.533 0.032 6.44 1280.0
2452926.56257 17.508 0.020 4.24 878.0
2453040.88078 17.560 0.028 4.52 1550.0
2453044.85536 17.559 0.027 5.68 1034.0
2453047.85403 17.502 0.019 4.17 846.0
2453055.87169 17.547 0.019 4.31 708.0
2453058.88993 17.502 0.017 3.43 789.0
2453064.81044 17.559 0.026 5.71 929.0
2453067.88390 17.525 0.016 3.44 627.0
2453070.84543 17.548 0.024 5.05 905.0
2453073.80092 17.512 0.020 4.34 895.0
2453075.83947 17.542 0.021 4.21 909.0
2453079.88409 17.526 0.024 4.08 1682.0
2453082.85735 17.512 0.017 3.61 619.0
2453084.89668 17.523 0.015 3.72 577.0
2453086.82903 17.527 0.015 3.74 577.0
2453088.78653 17.507 0.014 3.33 528.0
2453089.89577 17.520 0.017 4.28 640.0
2453091.81595 17.542 0.018 4.46 569.0
2453096.85406 17.514 0.020 5.71 679.0
2453098.83457 17.529 0.016 3.95 647.0
2453100.79506 17.503 0.018 4.11 742.0
2453101.90156 17.529 0.020 4.72 774.0
2453103.76632 17.530 0.017 3.31 901.0
2453108.75891 17.525 0.016 3.35 711.0
2453109.79382 17.540 0.018 4.62 576.0
2453110.82546 17.581 0.018 4.19 671.0
2453111.85665 17.594 0.019 5.27 558.0
2453112.77429 17.539 0.016 4.32 507.0
2453113.86407 17.555 0.017 5.09 515.0
2453114.77560 17.521 0.016 3.90 563.0
2453115.85666 17.559 0.018 4.97 570.0
2453116.91449 17.527 0.020 5.06 643.0
2453118.91822 17.525 0.019 4.73 702.0
2453122.90162 17.541 0.022 5.67 701.0
2453125.86188 17.516 0.022 5.56 694.0
2453126.88748 17.532 0.019 4.42 726.0
2453127.79298 17.494 0.020 4.34 800.0
2453128.81136 17.553 0.019 4.16 783.0
2453130.68937 17.593 0.024 3.96 1188.0
2453135.85426 17.538 0.018 4.54 681.0
2453137.92972 17.535 0.021 4.65 975.0
2453138.69243 17.512 0.020 5.18 633.0
2453139.86373 17.521 0.016 4.20 577.0
2453140.86946 17.542 0.019 4.91 589.0
2453142.75778 17.550 0.018 4.59 607.0
2453144.77868 17.557 0.018 4.75 551.0
2453146.77847 17.526 0.019 5.82 548.0
2453151.74126 17.560 0.020 5.58 553.0
2453151.89394 17.563 0.023 5.85 676.0
2453152.74455 17.574 0.020 4.72 629.0
2453153.74930 17.551 0.022 5.88 613.0
2453154.81079 17.559 0.024 6.31 630.0
2453156.83051 17.585 0.022 4.82 818.0
2453158.90120 17.584 0.034 6.61 1213.0
2453162.80550 17.519 0.021 4.92 884.0
2453164.72710 17.522 0.019 4.98 617.0
2453165.74794 17.571 0.016 4.18 557.0
2453166.89306 17.511 0.026 6.39 831.0
2453167.74593 17.532 0.020 6.03 544.0
2453168.74111 17.564 0.019 5.71 577.0
2453169.71700 17.592 0.019 4.32 569.0
2453170.79455 17.552 0.016 3.96 536.0
2453171.81721 17.530 0.015 3.70 609.0
2453172.74423 17.595 0.016 4.30 518.0
2453174.70053 17.518 0.015 3.73 568.0
2453175.71047 17.524 0.016 3.76 628.0
2453177.74402 17.661 0.034 9.26 673.0
2453178.77418 17.479 0.016 5.02 530.0
2453179.78392 17.566 0.019 4.84 577.0
2453180.71227 17.507 0.015 4.09 500.0
2453182.76372 17.544 0.018 5.38 529.0
2453183.73236 17.527 0.019 5.30 568.0
2453184.69020 17.563 0.016 3.97 557.0
2453185.74282 17.561 0.021 4.32 733.0
2453193.52836 17.538 0.019 4.63 636.0
2453194.58705 17.576 0.024 5.17 854.0
2453195.63433 17.519 0.016 4.03 520.0
2453195.79202 17.535 0.016 3.73 636.0
2453196.53745 17.528 0.020 4.58 769.0
2453197.50497 17.510 0.017 3.93 688.0
2453199.61473 17.545 0.020 6.04 504.0
2453201.50657 17.465 0.018 5.10 720.0
2453202.56101 17.541 0.018 4.97 528.0
2453203.65048 17.517 0.017 4.40 517.0
2453204.64375 17.521 0.015 4.31 478.0
2453205.76688 17.536 0.016 4.55 481.0
2453206.70935 17.562 0.016 4.38 473.0
2453207.65791 17.552 0.020 6.03 518.0
2453209.70296 17.574 0.020 5.78 539.0
2453210.53672 17.594 0.024 6.35 759.0
2453210.64614 17.548 0.018 4.30 628.0
2453210.73364 17.564 0.021 5.74 619.0
2453211.48856 17.516 0.020 5.71 573.0
2453211.57520 17.523 0.019 5.74 524.0
2453211.69245 17.564 0.020 5.92 469.0
2453217.46637 17.503 0.024 3.78 1971.0
2453217.64378 17.549 0.019 3.83 916.0
2453218.64209 17.540 0.024 5.09 980.0
2453219.59044 17.571 0.032 7.29 765.0
2453223.64335 17.507 0.026 7.34 623.0
2453224.68887 17.523 0.018 4.17 663.0
2453226.60618 17.527 0.021 6.67 443.0
2453228.59258 17.542 0.018 5.00 500.0
2453229.62508 17.536 0.017 4.60 507.0
2453230.65867 17.511 0.016 4.55 484.0
2453231.56199 17.544 0.019 5.10 589.0
2453232.58990 17.527 0.023 6.94 557.0
2453238.65420 17.531 0.019 5.27 563.0
2453239.68974 17.523 0.019 5.63 606.0
2453240.67085 17.509 0.023 6.80 618.0
2453245.54564 17.510 0.018 3.82 902.0
2453246.64934 17.534 0.022 5.32 791.0
2453247.61549 17.574 0.022 4.94 781.0
2453249.51743 17.546 0.021 5.55 542.0
2453250.65018 17.565 0.023 5.16 886.0
2453253.51445 17.618 0.023 6.56 479.0
2453256.62725 17.558 0.021 5.52 576.0
2453259.61406 17.566 0.022 5.86 577.0
2453264.52422 17.577 0.020 4.65 711.0
2453267.52331 17.564 0.023 5.76 843.0
2453272.57873 17.580 0.024 5.69 797.0
2453275.56167 17.553 0.024 5.63 846.0
2453278.59060 17.571 0.024 5.32 745.0
2453281.58952 17.474 0.015 4.78 420.0
2453288.53718 17.676 0.018 4.68 465.0
2453293.50776 17.559 0.017 5.34 389.0
2453295.51795 17.695 0.017 5.37 345.0
2453299.52158 17.695 0.014 4.30 359.0
2453314.50671 17.599 0.033 6.16 1281.0
2453408.88185 17.561 0.020 5.15 666.0
2453410.87793 17.595 0.020 5.12 665.0
2453413.88277 17.448 0.019 5.30 744.0
2453421.88901 17.535 0.014 3.55 551.0
2453422.85895 17.497 0.019 5.58 587.0
2453426.85454 17.519 0.018 3.81 801.0
2453429.82767 17.545 0.023 5.28 898.0
2453432.87996 17.547 0.023 3.15 2353.0
2453442.88236 17.514 0.016 4.05 571.0
2453447.84580 17.581 0.017 3.96 597.0
2453449.85843 17.550 0.015 3.86 528.0
2453452.87903 17.488 0.014 3.64 545.0
2453455.81331 17.592 0.022 4.73 890.0
2453457.84678 17.530 0.016 3.65 699.0
2453459.84196 17.568 0.019 3.70 908.0
2453467.87187 17.542 0.015 3.90 492.0
2453469.77775 17.545 0.015 3.44 556.0
2453470.79072 17.589 0.016 4.12 505.0
2453472.75314 17.552 0.017 4.02 598.0
2453473.77293 17.569 0.016 4.18 540.0
2453474.76957 17.551 0.018 5.28 475.0
2453475.79515 17.546 0.015 4.04 496.0
2453477.75700 17.547 0.016 3.85 565.0
2453479.75583 17.525 0.013 3.24 535.0
2453480.71598 17.542 0.015 3.57 557.0
2453481.73390 17.526 0.018 4.87 598.0
2453482.67623 17.537 0.021 4.58 902.0
2453496.71345 17.546 0.017 4.17 668.0
2453497.78498 17.586 0.023 5.89 670.0
2453498.90661 17.559 0.018 4.26 691.0
2453499.85612 17.560 0.016 3.89 553.0
2453500.72233 17.541 0.017 4.20 588.0
2453501.81875 17.546 0.017 4.37 676.0
2453502.71460 17.536 0.014 3.13 631.0
2453503.68379 17.546 0.015 3.73 539.0
2453504.69854 17.563 0.019 5.44 481.0
2453506.74234 17.539 0.016 4.09 585.0
2453508.74653 17.568 0.019 4.96 608.0
2453509.72500 17.546 0.016 4.48 504.0
2453510.79482 17.558 0.018 4.78 586.0
2453511.83394 17.527 0.018 3.95 805.0
2453512.70311 17.561 0.022 4.83 829.0
2453517.67944 17.527 0.026 4.64 1540.0
2453520.75467 17.555 0.020 4.90 645.0
2453521.71188 17.538 0.015 3.35 697.0
2453522.73992 17.538 0.015 3.69 499.0
2453522.93112 17.504 0.019 4.33 781.0
2453523.74441 17.549 0.014 3.17 527.0
2453524.88960 17.550 0.021 5.01 794.0
2453525.74278 17.546 0.016 4.02 478.0
2453526.74625 17.577 0.017 4.28 576.0
2453528.66711 17.586 0.016 4.16 491.0
2453529.68946 17.496 0.011 4.11 350.0
2453530.60453 17.514 0.014 3.59 540.0
2453537.73536 17.552 0.017 5.08 538.0
2453538.60666 17.523 0.016 4.20 545.0
2453539.60989 17.531 0.018 4.35 753.0
2453540.64718 17.584 0.018 3.87 708.0
2453544.72217 17.557 0.022 3.82 1049.0
2453546.84126 17.579 0.025 5.77 824.0
2453547.80554 17.528 0.022 5.61 696.0
2453549.84801 17.527 0.025 5.55 794.0
2453551.62841 17.534 0.013 3.83 608.0
2453552.66286 17.564 0.016 4.55 696.0
2453553.71453 17.484 0.020 5.53 654.0
2453554.64982 17.569 0.026 6.31 644.0
2453555.66194 17.518 0.018 5.49 511.0
2453556.66970 17.561 0.017 4.46 528.0
2453558.52450 17.515 0.018 4.42 717.0
2453558.82324 17.570 0.020 5.42 552.0
2453559.69317 17.547 0.018 4.48 546.0
2453560.59450 17.533 0.015 3.76 551.0
2453561.54228 17.559 0.018 3.67 754.0
2453562.58293 17.524 0.020 5.45 561.0
2453563.63361 17.572 0.015 3.75 490.0
2453564.57139 17.565 0.020 5.17 549.0
2453572.81223 17.588 0.028 4.53 1729.0
2453573.64318 17.532 0.022 5.22 788.0
2453575.76719 17.555 0.018 4.15 698.0
2453576.47399 17.497 0.018 4.55 620.0
2453576.50563 17.535 0.017 3.98 609.0
2453576.52929 17.509 0.015 3.48 636.0
2453576.53553 17.539 0.016 3.48 652.0
2453576.56937 17.554 0.017 4.28 546.0
2453576.59549 17.558 0.021 5.69 572.0
2453576.62253 17.548 0.018 4.64 562.0
2453576.65195 17.544 0.018 4.75 594.0
2453576.68449 17.529 0.020 5.24 585.0
2453576.73632 17.549 0.019 4.53 660.0
2453576.78386 17.646 0.031 7.44 670.0
2453577.52434 17.520 0.015 4.09 540.0
2453577.63169 17.570 0.017 4.80 485.0
2453577.70998 17.575 0.017 4.21 628.0
2453578.47803 17.545 0.017 4.12 588.0
2453578.55518 17.530 0.015 4.25 448.0
2453578.66918 17.567 0.017 4.91 456.0
2453580.47338 17.561 0.019 4.15 858.0
2453580.61533 17.581 0.018 4.55 551.0
2453580.64784 17.552 0.017 4.35 549.0
2453580.77667 17.540 0.027 6.46 832.0
2453581.48375 17.514 0.019 5.00 754.0
2453581.55874 17.500 0.018 4.53 609.0
2453581.66775 17.553 0.016 3.95 500.0
2453581.75638 17.515 0.024 6.72 608.0
2453582.46531 17.588 0.032 4.98 1716.0
2453582.58673 17.565 0.015 3.87 449.0
2453582.63955 17.537 0.019 4.51 492.0
2453583.46339 17.578 0.034 4.51 2491.0
2453583.63000 17.533 0.017 4.76 456.0
2453583.74987 17.614 0.025 6.17 695.0
2453583.76998 17.564 0.023 5.59 781.0
2453584.63869 17.578 0.016 3.93 479.0
2453584.75330 17.512 0.018 4.98 530.0
2453585.62900 17.554 0.017 4.34 405.0
2453589.66765 17.545 0.014 3.72 484.0
2453590.65160 17.595 0.017 4.10 513.0
2453591.67514 17.537 0.015 3.17 604.0
2453592.75108 17.537 0.018 4.42 642.0
2453594.70429 17.545 0.019 4.98 586.0
2453601.65283 17.556 0.019 3.79 911.0
2453602.61344 17.526 0.019 3.85 885.0
2453603.63343 17.564 0.019 4.40 664.0
2453607.63181 17.543 0.017 4.37 501.0
2453608.64715 17.580 0.019 5.08 516.0
2453609.62771 17.577 0.018 5.21 486.0
2453615.57495 17.541 0.018 5.24 490.0
2453618.57656 17.540 0.020 4.80 655.0
2453620.53972 17.508 0.014 3.83 518.0
2453622.51763 17.598 0.022 5.75 586.0
2453630.53314 17.521 0.027 5.70 926.0
2453632.58328 17.538 0.021 4.26 961.0
2453634.48385 17.587 0.023 5.59 639.0
2453639.54274 17.544 0.015 3.40 628.0
2453641.54118 17.529 0.024 5.75 751.0
2453644.50148 17.607 0.025 5.66 766.0
2453648.53330 17.570 0.022 5.34 639.0
2453654.53737 17.604 0.026 4.04 1399.0
2453656.51861 17.520 0.022 3.91 936.0
2453660.52305 17.561 0.024 3.90 1236.0
2453664.49986 17.529 0.020 4.08 893.0
2453669.52773 17.561 0.028 6.52 784.0
2453776.86388 17.504 0.021 5.50 681.0
2453782.84860 17.540 0.021 5.06 808.0
2453784.87392 17.501 0.016 3.35 785.0
2453786.89348 17.575 0.022 4.63 906.0
2453788.84275 17.544 0.018 3.68 805.0
2453790.88652 17.491 0.020 3.66 1065.0
2453793.85379 17.553 0.016 3.33 746.0
2453795.84037 17.550 0.022 5.34 790.0
2453798.80442 17.575 0.017 4.28 620.0
2453799.80466 17.598 0.025 5.32 919.0
2453800.82351 17.518 0.019 5.07 619.0
2453801.88301 17.549 0.019 4.26 611.0
2453802.84859 17.530 0.017 4.03 649.0
2453803.88390 17.524 0.016 3.72 655.0
2453805.80025 17.548 0.019 4.36 681.0
2453806.76661 17.556 0.020 4.54 744.0
2453808.79336 17.534 0.018 3.91 858.0
2453810.84513 17.515 0.017 3.98 807.0
2453811.83671 17.554 0.017 4.10 638.0
2453812.83280 17.474 0.020 4.72 756.0
2453814.82463 17.538 0.017 3.69 756.0
2453817.85617 17.526 0.017 3.68 809.0
2453820.76961 17.548 0.015 3.66 537.0
2453821.77275 17.543 0.016 4.01 525.0
2453822.81214 17.522 0.018 4.58 584.0
2453823.77512 17.559 0.019 5.28 518.0
2453824.73849 17.545 0.019 4.86 633.0
2453825.80335 17.500 0.019 5.33 555.0
2453826.73188 17.468 0.015 5.58 322.0
2453827.79966 17.529 0.015 4.21 463.0
2453828.73548 17.590 0.024 6.07 620.0
2453829.75931 17.533 0.016 4.23 534.0
2453830.69838 17.556 0.020 4.74 749.0
2453833.75941 17.538 0.015 4.02 486.0
2453834.73841 17.537 0.018 4.27 646.0
2453834.90943 17.531 0.018 4.56 625.0
2453835.73421 17.513 0.018 4.32 666.0
2453836.76245 17.520 0.020 4.95 736.0
2453837.72981 17.531 0.018 4.08 727.0
2453837.90155 17.549 0.017 3.93 696.0
2453838.74155 17.573 0.022 5.04 788.0
2453838.90888 17.491 0.023 5.09 818.0
2453839.73736 17.529 0.022 5.01 847.0
2453840.90827 17.553 0.019 4.22 784.0
2453841.74188 17.550 0.019 4.06 846.0
2453841.89247 17.525 0.020 4.08 1010.0
2453842.84379 17.519 0.018 3.92 807.0
2453845.71737 17.645 0.031 4.44 1852.0
2453845.90517 17.579 0.027 4.89 1294.0
2453846.91239 17.511 0.017 4.10 662.0
2453847.79422 17.534 0.022 5.89 598.0
2453848.74917 17.535 0.018 5.18 494.0
2453848.92861 17.505 0.026 5.65 982.0
2453849.74825 17.563 0.017 3.96 578.0
2453850.69229 17.532 0.016 3.62 593.0
2453850.86400 17.566 0.017 4.49 614.0
2453851.70743 17.605 0.024 6.44 569.0
2453851.87228 17.542 0.018 4.71 572.0
2453851.91844 17.534 0.019 5.03 596.0
2453852.69601 17.551 0.020 5.21 591.0
2453852.86638 17.501 0.018 5.05 556.0
2453853.68444 17.527 0.015 3.99 531.0
2453853.85277 17.512 0.014 3.59 483.0
2453853.92352 17.551 0.015 3.81 579.0
2453854.74827 17.571 0.018 4.19 477.0
2453856.67448 17.531 0.016 3.42 691.0
2453856.84124 17.582 0.019 4.58 615.0
2453858.76087 17.563 0.014 3.83 478.0
2453859.79907 17.582 0.016 4.00 486.0
2453860.66753 17.550 0.020 5.34 597.0
2453861.66497 17.545 0.018 4.39 678.0
2453861.77023 17.534 0.016 4.02 533.0
2453861.93348 17.542 0.018 3.65 965.0
2453862.69836 17.509 0.015 3.59 634.0
2453862.86233 17.556 0.017 3.97 685.0
2453863.85142 17.499 0.015 4.09 517.0
2453863.93072 17.570 0.018 3.95 663.0
2453864.67432 17.521 0.018 4.13 653.0
2453864.86432 17.552 0.015 3.77 498.0
2453865.68511 17.528 0.018 3.93 707.0
2453865.82060 17.531 0.017 4.35 604.0
2453865.89859 17.551 0.016 4.03 567.0
2453866.68353 17.547 0.015 3.34 652.0
2453866.82304 17.549 0.018 4.42 587.0
2453866.90194 17.555 0.017 4.02 640.0
2453867.62645 17.542 0.021 4.10 1205.0
2453867.81208 17.531 0.018 3.89 834.0
2453867.88514 17.522 0.018 3.83 856.0
2453868.70952 17.532 0.020 3.72 1033.0
2453868.85477 17.511 0.021 4.49 937.0
2453869.68929 17.547 0.020 3.75 1119.0
2453869.87029 17.525 0.022 3.86 1375.0
2453873.64160 17.499 0.017 4.34 616.0
2453873.78430 17.502 0.017 3.70 741.0
2453873.85707 17.552 0.019 4.94 612.0
2453873.92662 17.572 0.020 4.50 709.0
2453874.74127 17.513 0.019 5.62 541.0
2453875.65497 17.548 0.013 3.33 455.0
2453875.80246 17.544 0.015 3.68 552.0
2453875.90137 17.536 0.017 4.45 604.0
2453876.63222 17.550 0.014 3.64 491.0
2453877.63034 17.554 0.014 4.00 454.0
2453877.78104 17.557 0.015 4.18 492.0
2453877.85555 17.543 0.017 4.37 597.0
2453877.94175 17.566 0.033 6.58 1167.0
2453879.66177 17.537 0.013 3.70 426.0
2453880.83117 17.608 0.020 5.18 611.0
2453880.90999 17.542 0.018 4.56 678.0
2453881.66036 17.537 0.017 4.26 607.0
2453881.87189 17.545 0.016 3.65 637.0
2453882.74867 17.510 0.017 4.50 521.0
2453882.82290 17.520 0.017 4.52 603.0
2453882.89179 17.551 0.017 4.20 605.0
2453883.63808 17.622 0.021 5.31 618.0
2453883.83290 17.551 0.016 4.29 546.0
2453886.60016 17.538 0.016 4.10 674.0
2453886.79289 17.550 0.015 4.22 484.0
2453886.86476 17.566 0.017 4.80 517.0
2453887.57346 17.551 0.019 4.82 689.0
2453887.77601 17.582 0.016 4.47 502.0
2453887.87567 17.532 0.017 4.43 609.0
2453889.65596 17.523 0.016 4.49 481.0
2453889.93422 17.551 0.019 4.36 772.0
2453890.63145 17.496 0.016 3.75 635.0
2453891.66555 17.554 0.016 4.04 543.0
2453891.79383 17.588 0.022 5.66 592.0
2453892.56716 17.604 0.023 5.01 960.0
2453893.61656 17.579 0.019 4.95 636.0
2453893.85840 17.538 0.021 5.37 638.0
2453894.66979 17.517 0.021 6.27 516.0
2453896.60739 17.575 0.026 5.66 916.0
2453900.71437 17.496 0.029 3.58 963.0
2453900.79371 17.539 0.019 3.68 3477.0
2453900.86232 17.503 0.017 4.28 794.0
2453901.53883 17.525 0.018 4.67 628.0
2453901.72014 17.550 0.018 4.40 611.0
2453901.86635 17.586 0.021 4.77 765.0
2453902.55896 17.523 0.017 4.33 609.0
2453902.74101 17.530 0.017 4.25 618.0
2453903.64917 17.528 0.019 4.89 594.0
2453903.89484 17.566 0.022 5.00 813.0
2453904.54975 17.523 0.014 3.62 580.0
2453904.71284 17.538 0.015 3.40 593.0
2453904.78181 17.530 0.016 4.07 549.0
2453904.88405 17.574 0.018 3.84 716.0
2453905.54658 17.531 0.016 3.89 635.0
2453905.72317 17.540 0.014 3.38 568.0
2453905.79327 17.531 0.014 3.43 589.0
2453905.86181 17.567 0.016 3.52 710.0
2453906.56110 17.563 0.019 4.55 644.0
2453906.77404 17.559 0.018 4.43 558.0
2453907.77409 17.610 0.023 5.78 563.0
2453907.85863 17.535 0.026 6.52 732.0
2453908.52688 17.510 0.017 3.81 819.0
2453908.71359 17.498 0.017 4.13 584.0
2453908.79365 17.511 0.016 4.43 536.0
2453908.87327 17.586 0.019 4.32 683.0
2453908.88482 17.530 0.017 3.80 711.0
2453909.52970 17.502 0.018 4.63 738.0
2453909.71251 17.555 0.014 4.17 428.0
2453909.80300 17.510 0.015 3.95 470.0
2453909.87925 17.546 0.018 4.06 700.0
2453910.55917 17.547 0.021 5.36 678.0
2453912.52899 17.518 0.013 2.93 642.0
2453912.71629 17.525 0.014 4.24 433.0
2453912.81018 17.516 0.015 4.18 445.0
2453913.52043 17.539 0.014 3.16 598.0
2453913.72582 17.524 0.018 5.34 529.0
2453913.81478 17.522 0.015 3.65 560.0
2453914.54418 17.513 0.018 4.90 605.0
2453914.78539 17.510 0.016 4.77 549.0
2453915.52197 17.572 0.018 4.28 655.0
2453915.72396 17.519 0.016 4.71 464.0
2453915.82214 17.562 0.016 4.15 513.0
2453916.56066 17.504 0.020 5.72 607.0
2453916.80451 17.543 0.022 6.37 542.0
2453917.54833 17.504 0.017 5.02 559.0
2453917.81506 17.605 0.024 5.45 645.0
2453918.58907 17.456 0.020 5.68 636.0
2453919.53957 17.528 0.019 4.40 775.0
2453919.74957 17.579 0.016 4.48 494.0
2453920.50727 17.538 0.018 4.51 611.0
2453920.70334 17.495 0.021 5.39 517.0
2453920.78874 17.540 0.015 3.65 561.0
2453921.50345 17.533 0.018 3.89 770.0
2453921.70269 17.540 0.026 7.10 613.0
2453921.71716 17.564 0.031 6.86 609.0
2453922.70712 17.513 0.021 6.04 556.0
2453930.52818 17.574 0.017 4.01 629.0
2453931.49269 17.548 0.021 4.79 740.0
2453931.80961 17.565 0.024 5.57 902.0
2453932.52357 17.528 0.019 3.58 681.0
2453932.79533 17.531 0.020 5.05 720.0
2453933.51006 17.523 0.016 3.86 678.0
2453933.69445 17.545 0.015 4.22 524.0
2453934.48388 17.558 0.017 3.71 675.0
2453934.65393 17.531 0.015 4.55 463.0
2453934.72375 17.501 0.014 3.93 516.0
2453935.70508 17.484 0.019 5.98 497.0
2453935.80267 17.596 0.020 4.70 677.0
2453936.48720 17.546 0.019 4.59 661.0
2453936.65264 17.541 0.018 4.74 573.0
2453936.72903 17.537 0.020 4.49 668.0
2453937.55147 17.549 0.023 6.43 528.0
2453938.49489 17.532 0.021 5.14 703.0
2453938.68585 17.560 0.019 5.86 466.0
2453938.79512 17.601 0.020 5.26 553.0
2453940.57518 17.515 0.014 3.74 549.0
2453941.69619 17.515 0.019 6.22 446.0
2453944.54750 17.528 0.017 5.10 578.0
2453945.77570 17.521 0.019 5.12 566.0
2453946.50661 17.599 0.023 6.10 616.0
2453946.69878 17.597 0.017 4.59 470.0
2453950.51554 17.562 0.017 4.66 526.0
2453950.73056 17.528 0.017 4.75 526.0
2453951.50824 17.572 0.020 4.80 618.0
2453951.73952 17.502 0.022 5.82 720.0
2453955.68501 17.541 0.039 6.81 1610.0
2453956.56076 17.485 0.024 6.19 804.0
2453957.49986 17.579 0.023 5.05 885.0
2453958.57061 17.470 0.017 4.89 609.0
2453959.50341 17.558 0.020 5.26 592.0
2453959.67785 17.571 0.018 4.45 652.0
2453960.49270 17.520 0.016 4.02 572.0
2453960.67174 17.515 0.015 3.50 588.0
2453961.56400 17.491 0.020 5.33 658.0
2453963.52530 17.525 0.017 4.96 525.0
2453963.70267 17.556 0.017 4.45 492.0
2453964.52039 17.500 0.017 3.88 557.0
2453964.72529 17.545 0.016 4.31 502.0
2453965.50484 17.557 0.016 3.86 523.0
2453965.69614 17.573 0.015 3.81 495.0
2453966.48002 17.550 0.019 4.76 677.0
2453966.68176 17.559 0.018 4.81 505.0
2453967.70721 17.504 0.016 4.86 480.0
2453968.49247 17.532 0.021 4.95 701.0
2453968.66241 17.534 0.017 4.04 527.0
2453969.67478 17.549 0.017 4.82 476.0
2453970.50321 17.522 0.020 5.57 551.0
2453970.68177 17.516 0.017 4.90 482.0
2453973.56523 17.544 0.020 5.96 457.0
2453974.50258 17.557 0.020 5.35 552.0
2453974.68136 17.530 0.023 6.47 530.0
2453975.67737 17.520 0.018 5.16 573.0
2453976.67603 17.516 0.021 5.27 664.0
2453979.50230 17.536 0.034 6.49 1392.0
2453986.57735 17.509 0.021 5.18 726.0
2453988.50553 17.358 0.014 4.60 518.0
2453989.52320 17.526 0.020 5.43 589.0
2453990.54007 17.545 0.019 5.48 536.0
2453991.49582 17.550 0.022 5.98 577.0
2453993.54752 17.540 0.020 6.06 499.0
2453994.55816 17.574 0.021 5.46 598.0
2453995.56575 17.547 0.016 4.40 527.0
2453999.58099 17.589 0.020 4.84 573.0
2454002.48924 17.537 0.017 4.45 604.0
2454003.48671 17.503 0.017 4.52 618.0
2454004.52089 17.515 0.016 3.89 628.0
2454006.51381 17.576 0.021 5.13 648.0
2454012.49369 17.626 0.024 5.71 691.0
2454016.50936 17.495 0.022 5.09 731.0
2454018.54560 17.543 0.022 5.12 692.0
2454020.53238 17.547 0.022 5.70 711.0
2454023.53270 17.647 0.027 5.30 958.0
2454027.55814 17.459 0.022 5.67 806.0
2454038.49695 17.571 0.035 5.93 1380.0
2454040.51131 17.624 0.030 5.87 974.0
2454043.50374 17.529 0.030 5.51 1473.0
2454141.87150 17.528 0.021 4.22 905.0
2454150.88669 17.534 0.022 5.16 771.0
2454153.87460 17.529 0.021 5.16 708.0
2454156.85304 17.564 0.023 5.19 741.0
2454161.84059 17.547 0.024 5.11 998.0
2454163.82343 17.518 0.023 4.20 1295.0
2454165.80480 17.549 0.031 5.73 1215.0
2454168.79813 17.525 0.022 4.17 1058.0
2454170.79398 17.539 0.041 4.43 4212.0
2454176.89600 17.512 0.018 3.82 701.0
2454178.79973 17.545 0.019 4.40 673.0
2454179.84407 17.534 0.019 4.12 724.0
2454181.78041 17.512 0.022 5.56 674.0
2454184.90217 17.541 0.017 3.92 562.0
2454189.81336 17.549 0.025 6.10 696.0
2454191.80246 17.514 0.025 5.93 857.0
2454193.73681 17.529 0.030 6.16 1188.0
2454194.78234 17.557 0.021 4.48 813.0
2454196.77248 17.573 0.024 5.02 927.0
2454202.75398 17.569 0.020 4.69 801.0
2454203.74198 17.586 0.017 3.81 588.0
2454204.73427 17.545 0.020 4.40 731.0
2454204.91660 17.572 0.018 3.67 687.0
2454208.74233 17.545 0.020 4.64 632.0
2454211.78649 17.501 0.022 5.58 600.0
2454212.86368 17.552 0.024 6.09 596.0
2454213.70688 17.556 0.024 5.60 663.0
2454213.91044 17.547 0.018 3.88 705.0
2454215.73959 17.564 0.021 5.09 642.0
2454216.69737 17.558 0.022 5.00 741.0
2454216.92176 17.577 0.021 4.71 708.0
2454217.70481 17.526 0.019 4.20 737.0
2454218.75443 17.537 0.024 6.04 672.0
2454219.75258 17.555 0.023 5.29 651.0
2454222.66330 17.492 0.026 5.37 1175.0
2454222.91079 17.546 0.025 4.84 998.0
2454228.90853 17.529 0.024 5.29 952.0
2454230.67833 17.554 0.018 4.16 620.0
2454230.86638 17.537 0.021 4.92 742.0
2454230.93125 17.552 0.028 5.72 957.0
2454231.62065 17.519 0.026 5.06 834.0
2454232.67273 17.539 0.027 6.21 941.0
2454232.83373 17.559 0.029 6.25 913.0
2454233.80450 17.519 0.023 5.47 798.0
2454235.63422 17.533 0.020 3.95 844.0
2454235.79542 17.512 0.017 3.78 633.0
2454235.88783 17.555 0.019 3.94 698.0
2454238.62007 17.548 0.031 6.61 845.0
2454239.62101 17.569 0.024 5.68 729.0
2454240.67422 17.568 0.017 3.89 632.0
2454240.80858 17.518 0.020 4.86 664.0
2454243.73272 17.515 0.018 4.47 635.0
2454243.82647 17.543 0.022 5.36 701.0
2454243.94389 17.548 0.038 5.61 1938.0
2454244.61240 17.551 0.026 5.76 850.0
2454244.70861 17.518 0.022 4.32 690.0
2454244.91326 17.532 0.022 4.35 901.0
2454245.60547 17.557 0.021 5.51 559.0
2454245.69937 17.528 0.017 4.32 553.0
2454245.79521 17.573 0.018 4.34 546.0
2454246.66378 17.531 0.019 4.68 671.0
2454246.75668 17.570 0.022 5.36 674.0
2454246.84997 17.519 0.023 5.10 837.0
2454247.67899 17.507 0.020 4.82 745.0
2454247.81687 17.567 0.020 4.54 704.0
2454250.72715 17.562 0.021 4.21 956.0
2454251.79870 17.576 0.042 5.78 2406.0
2454256.76085 17.477 0.031 6.21 848.0
2454256.85866 17.581 0.039 6.62 1033.0
2454257.64651 17.535 0.028 5.44 771.0
2454258.63030 17.533 0.024 5.75 680.0
2454258.84690 17.526 0.022 5.05 829.0
2454268.55408 17.561 0.026 6.57 738.0
2454268.83697 17.567 0.021 4.42 766.0
2454269.57333 17.534 0.020 4.53 736.0
2454269.78310 17.577 0.020 5.36 607.0
2454270.56684 17.512 0.021 4.93 861.0
2454272.59518 17.517 0.018 3.70 775.0
2454272.80358 17.533 0.018 3.92 794.0
2454273.61232 17.535 0.024 5.97 736.0
2454273.79297 17.514 0.029 5.93 975.0
2454273.85287 17.552 0.027 5.37 1124.0
2454274.54497 17.519 0.023 4.98 938.0
2454274.69728 17.529 0.021 4.76 761.0
2454274.81825 17.595 0.024 5.19 894.0
2454275.59741 17.519 0.019 4.32 735.0
2454275.77274 17.537 0.022 4.54 905.0
2454275.83122 17.542 0.025 4.92 1038.0
2454275.89255 17.524 0.034 6.60 1238.0
2454276.58216 17.552 0.023 5.17 782.0
2454277.52596 17.544 0.024 4.52 1074.0
2454277.70155 17.523 0.018 3.92 750.0
2454277.76157 17.571 0.025 5.59 782.0
2454277.82020 17.533 0.027 5.92 950.0
2454278.56317 17.548 0.027 5.43 1072.0
2454278.74704 17.589 0.027 5.81 850.0
2454278.82606 17.565 0.030 5.43 1147.0
2454283.50538 17.533 0.026 4.68 1263.0
2454283.72571 17.522 0.025 4.67 1060.0
2454284.50036 17.531 0.022 4.39 941.0
2454284.69050 17.536 0.022 4.31 884.0
2454284.75326 17.566 0.020 3.42 911.0
2454284.81220 17.529 0.023 4.03 1138.0
2454285.50341 17.526 0.028 5.72 1052.0
2454285.69153 17.528 0.023 5.23 799.0
2454285.75798 17.545 0.019 4.37 672.0
2454285.82331 17.533 0.024 5.21 865.0
2454286.50313 17.532 0.024 4.97 1004.0
2454286.80030 17.607 0.033 5.27 1565.0
2454289.51092 17.526 0.025 6.31 797.0
2454289.72949 17.520 0.023 5.50 779.0
2454289.79460 17.509 0.022 4.89 790.0
2454290.55726 17.596 0.028 6.40 621.0
2454291.61985 17.528 0.020 4.77 642.0
2454291.78255 17.544 0.024 5.91 656.0
2454292.48553 17.516 0.019 4.08 822.0
2454292.72329 17.566 0.018 4.17 642.0
2454292.78183 17.559 0.018 3.91 698.0
2454293.46379 17.526 0.029 5.17 1404.0
2454293.48584 17.540 0.019 4.02 753.0
2454293.52666 17.558 0.019 4.36 618.0
2454293.67020 17.512 0.019 5.49 585.0
2454293.71043 17.531 0.017 4.11 576.0
2454293.76923 17.548 0.018 4.16 643.0
2454294.48500 17.532 0.021 4.37 837.0
2454295.49211 17.558 0.021 4.91 677.0
2454295.69012 17.519 0.017 4.67 477.0
2454295.74874 17.539 0.016 3.85 471.0
2454296.48907 17.543 0.021 4.89 713.0
2454296.68177 17.548 0.018 4.70 498.0
2454296.79993 17.509 0.018 4.47 586.0
2454297.50870 17.545 0.022 5.11 673.0
2454298.54358 17.538 0.024 6.81 573.0
2454298.64932 17.566 0.021 5.64 513.0
2454298.74890 17.542 0.022 5.78 563.0
2454299.52661 17.537 0.019 4.75 613.0
2454299.61958 17.533 0.018 4.75 536.0
2454299.71180 17.533 0.017 4.64 501.0
2454299.80254 17.496 0.023 6.29 584.0
2454300.52226 17.526 0.019 4.57 624.0
2454300.73786 17.542 0.021 4.82 557.0
2454301.51313 17.521 0.019 4.01 794.0
2454301.60891 17.548 0.018 4.21 634.0
2454301.70750 17.524 0.018 4.47 576.0
2454302.58611 17.537 0.019 4.80 655.0
2454302.68583 17.531 0.020 5.17 545.0
2454303.67135 17.560 0.022 5.78 529.0
2454304.54623 17.520 0.025 5.20 989.0
2454304.65633 17.523 0.025 5.62 848.0
2454306.63020 17.508 0.022 5.12 770.0
2454306.67096 17.569 0.025 5.75 737.0
2454310.60943 17.503 0.027 4.39 1667.0
2454311.75808 17.556 0.035 5.90 1457.0
2454312.54171 17.529 0.024 4.51 1139.0
2454315.63268 17.499 0.025 6.19 775.0
2454316.70587 17.524 0.019 4.27 711.0
2454317.55392 17.530 0.018 4.13 592.0
2454319.51120 17.552 0.023 5.50 712.0
2454319.76604 17.556 0.024 5.49 750.0
2454320.53802 17.532 0.019 4.31 597.0
2454326.50525 17.524 0.019 4.77 650.0
2454326.70244 17.496 0.021 5.94 555.0
2454327.58349 17.552 0.026 6.54 619.0
2454327.72477 17.523 0.025 6.17 705.0
2454328.51025 17.567 0.024 5.06 823.0
2454328.68829 17.557 0.024 5.41 716.0
2454329.52041 17.551 0.022 5.15 659.0
2454330.49120 17.554 0.022 5.08 700.0
2454330.68444 17.566 0.019 4.33 617.0
2454331.47127 17.556 0.036 6.38 1495.0
2454332.50104 17.533 0.019 4.39 696.0
2454333.52212 17.524 0.022 4.65 801.0
2454333.68329 17.559 0.022 4.94 721.0
2454334.62373 17.623 0.051 4.73 4602.0
2454338.49538 17.584 0.026 4.72 1195.0
2454339.68913 17.575 0.030 5.82 1100.0
2454341.49604 17.531 0.027 6.01 934.0
2454342.52524 17.572 0.024 5.31 758.0
2454343.50109 17.527 0.019 3.61 756.0
2454344.53225 17.543 0.027 6.04 818.0
2454347.52487 17.562 0.024 5.82 648.0
2454349.48608 17.558 0.024 5.51 697.0
2454351.49905 17.546 0.020 4.51 677.0
2454352.54961 17.545 0.026 6.21 719.0
2454353.50297 17.544 0.020 4.22 798.0
2454354.53167 17.532 0.020 4.44 752.0
2454355.53329 17.506 0.022 5.09 808.0
2454356.49967 17.527 0.019 4.34 688.0
2454357.52873 17.584 0.027 6.42 730.0
2454358.48524 17.560 0.029 6.83 802.0
2454359.52932 17.523 0.023 5.79 713.0
2454360.51675 17.608 0.031 6.67 798.0
2454361.56211 17.520 0.030 6.22 996.0
2454362.50384 17.516 0.026 4.66 1422.0
2454365.55468 17.518 0.029 5.96 1035.0
2454367.48077 17.523 0.029 4.71 1290.0
2454368.52437 17.522 0.026 5.64 974.0
2454369.60376 17.557 0.032 6.17 1276.0
2454370.48168 17.553 0.029 5.43 1273.0
2454371.52685 17.539 0.020 4.11 885.0
2454372.51141 17.526 0.019 4.05 726.0
2454373.48710 17.545 0.029 5.76 995.0
2454376.56349 17.558 0.030 6.53 847.0
2454377.60074 17.542 0.026 5.80 843.0
2454378.51127 17.555 0.022 5.42 681.0
2454379.52631 17.600 0.029 6.29 797.0
2454380.53781 17.545 0.021 4.66 764.0
2454381.51649 17.570 0.031 6.27 993.0
2454382.55819 17.507 0.026 5.93 928.0
2454383.54959 17.511 0.024 5.26 986.0
2454384.52374 17.563 0.026 6.15 743.0
2454387.57497 17.528 0.025 5.56 858.0
2454393.52361 17.532 0.022 4.32 991.0
2454395.51035 17.548 0.027 5.32 1073.0
2454396.50237 17.549 0.034 6.31 1271.0
2454397.52669 17.580 0.029 5.35 1327.0
2454398.53159 17.533 0.027 4.82 1279.0
2454399.52425 17.529 0.029 5.68 1194.0
2454400.52633 17.505 0.033 6.26 1455.0
2454402.54274 17.609 0.034 6.64 1028.0
2454403.54182 17.545 0.031 5.72 1060.0
2454407.51774 17.537 0.030 6.34 951.0
2454507.84838 17.526 0.024 5.84 801.0
2454510.85351 17.507 0.020 4.89 828.0
2454513.85463 17.594 0.020 4.27 821.0
2454517.84808 17.555 0.033 6.90 1132.0
2454519.87471 17.552 0.020 4.82 761.0
2454522.86861 17.507 0.026 6.20 880.0
2454530.81211 17.508 0.017 3.79 748.0
2454533.84572 17.518 0.019 4.93 666.0
2454537.87402 17.528 0.019 4.34 532.0
2454538.80916 17.547 0.021 4.80 732.0
2454539.84720 17.515 0.018 4.77 593.0
2454542.78076 17.547 0.024 6.35 707.0
2454543.77630 17.558 0.020 4.94 724.0
2454544.77321 17.558 0.025 5.74 871.0
2454545.77948 17.539 0.022 5.03 866.0
2454546.78666 17.505 0.022 5.14 872.0
2454547.78063 17.529 0.021 4.38 949.0
2454548.74964 17.582 0.033 6.48 1004.0
2454551.75217 17.560 0.022 4.56 932.0
2454552.75373 17.659 0.048 5.00 3773.0
2454556.74983 17.554 0.018 4.76 585.0
2454557.76711 17.540 0.019 5.05 582.0
2454558.74405 17.541 0.017 4.40 584.0
2454558.91381 17.515 0.017 3.77 698.0
2454559.74196 17.557 0.018 4.99 526.0
2454560.74206 17.561 0.019 5.24 509.0
2454561.73209 17.537 0.021 4.56 621.0
2454561.91830 17.540 0.018 3.74 753.0
2454564.72231 17.540 0.018 4.80 552.0
2454564.92279 17.544 0.018 4.27 684.0
2454565.72039 17.568 0.017 4.22 576.0
2454565.91123 17.564 0.014 3.00 574.0
2454566.71987 17.571 0.021 4.58 564.0
2454567.71285 17.522 0.019 4.81 663.0
2454567.91871 17.561 0.017 3.67 735.0
2454568.71873 17.551 0.020 4.82 620.0
2454569.72775 17.575 0.023 6.37 592.0
2454570.72116 17.558 0.024 6.14 679.0
2454571.71582 17.545 0.025 6.61 697.0
2454571.90437 17.485 0.016 4.14 587.0
2454572.74329 17.546 0.023 5.18 670.0
2454573.73167 17.509 0.019 4.72 763.0
2454573.89804 17.531 0.016 3.72 547.0
2454574.73405 17.526 0.021 4.70 796.0
2454575.73956 17.553 0.020 4.01 849.0
2454576.74968 17.573 0.020 4.10 936.0
2454577.83137 17.578 0.021 4.40 821.0
2454578.78242 17.567 0.028 6.46 868.0
2454579.85930 17.515 0.022 4.59 1014.0
2454583.72612 17.518 0.023 5.48 793.0
2454585.74985 17.595 0.024 6.19 643.0
2454586.77502 17.501 0.021 5.62 631.0
2454587.92132 17.522 0.024 5.70 760.0
2454588.68523 17.570 0.021 5.23 674.0
2454589.82356 17.532 0.018 4.65 584.0
2454589.88557 17.598 0.023 5.66 654.0
2454591.82431 17.564 0.018 4.12 699.0
2454592.65800 17.591 0.023 4.91 934.0
2454592.84732 17.507 0.023 4.82 943.0
2454592.92564 17.539 0.021 3.96 1069.0
2454593.64716 17.550 0.026 5.87 757.0
2454593.85688 17.559 0.020 4.13 755.0
2454593.93905 17.518 0.030 4.24 2259.0
2454594.66821 17.554 0.022 5.72 685.0
2454594.86320 17.516 0.019 4.34 728.0
2454594.92873 17.494 0.021 5.18 722.0
2454595.65774 17.551 0.020 5.11 649.0
2454595.85212 17.533 0.018 4.36 594.0
2454595.91400 17.515 0.019 4.63 635.0
2454596.65293 17.546 0.020 5.20 651.0
2454597.67739 17.546 0.021 5.60 584.0
2454597.86891 17.525 0.018 4.32 710.0
2454598.65367 17.508 0.015 4.12 520.0
2454598.92234 17.528 0.019 4.16 748.0
2454599.62609 17.523 0.025 5.79 787.0
2454599.91666 17.586 0.023 5.07 731.0
2454600.63538 17.514 0.017 4.35 607.0
2454600.84411 17.517 0.016 3.75 658.0
2454601.64098 17.496 0.019 4.48 771.0
2454601.85719 17.501 0.016 3.79 542.0
2454602.63360 17.574 0.018 4.13 701.0
2454602.84300 17.532 0.016 3.41 719.0
2454603.76103 17.531 0.020 5.08 657.0
2454606.63488 17.531 0.022 4.32 1220.0
2454606.88623 17.514 0.021 3.86 1257.0
2454610.73103 17.545 0.020 4.40 852.0
2454610.93824 17.546 0.027 4.99 1270.0
2454611.62038 17.533 0.024 5.24 845.0
2454611.81123 17.529 0.018 3.57 790.0
2454612.64172 17.565 0.026 5.56 969.0
2454615.78345 17.505 0.019 4.42 724.0
2454616.59249 17.534 0.027 6.44 797.0
2454616.80896 17.546 0.018 4.27 591.0
2454616.87892 17.505 0.021 4.76 796.0
2454617.65870 17.560 0.019 4.76 623.0
2454618.60421 17.552 0.020 4.89 672.0
2454621.90199 17.547 0.018 3.99 877.0
2454622.90409 17.555 0.028 5.82 981.0
2454623.62699 17.547 0.024 6.47 629.0
2454623.86179 17.588 0.027 5.74 908.0
2454623.93423 17.510 0.029 6.23 1038.0
2454624.58170 17.522 0.027 5.51 826.0
2454624.80589 17.536 0.021 5.10 642.0
2454625.59581 17.532 0.025 6.33 705.0
2454625.78616 17.575 0.024 5.18 767.0
2454625.87774 17.595 0.028 6.41 754.0
2454626.59432 17.516 0.022 6.02 583.0
2454626.84963 17.519 0.019 4.78 618.0
2454627.55477 17.502 0.020 4.40 789.0
2454627.82208 17.552 0.017 4.10 512.0
2454627.91135 17.551 0.019 4.85 603.0
2454628.54050 17.548 0.024 5.02 869.0
2454628.74834 17.551 0.019 4.70 614.0
2454628.81376 17.530 0.021 5.15 607.0
2454628.88367 17.518 0.020 4.70 694.0
2454629.61946 17.517 0.018 4.29 602.0
2454629.82210 17.570 0.020 4.49 743.0
2454629.90011 17.544 0.024 5.74 777.0
2454630.55538 17.497 0.022 5.14 816.0
2454630.76126 17.521 0.017 3.68 712.0
2454630.84456 17.558 0.019 4.27 728.0
2454631.55682 17.501 0.018 3.96 811.0
2454631.77256 17.533 0.016 3.67 636.0
2454631.85920 17.497 0.019 4.28 834.0
2454632.56056 17.521 0.021 4.66 954.0
2454632.84733 17.554 0.022 4.65 924.0
2454633.56056 17.567 0.021 4.29 946.0
2454633.67207 17.551 0.020 4.30 806.0
2454633.78783 17.522 0.019 3.99 861.0
2454633.81048 17.554 0.022 4.23 888.0
2454638.74557 17.534 0.020 4.25 787.0
2454638.85583 17.552 0.025 4.88 1094.0
2454639.56814 17.517 0.025 5.40 1007.0
2454639.66593 17.501 0.019 3.85 912.0
2454640.58767 17.518 0.018 4.46 686.0
2454640.71983 17.527 0.017 3.95 624.0
2454640.82486 17.516 0.023 5.53 742.0
2454641.66165 17.561 0.018 4.02 643.0
2454641.77162 17.521 0.019 4.48 707.0
2454642.58555 17.572 0.021 4.95 724.0
2454642.74808 17.517 0.021 5.39 598.0
2454642.82316 17.587 0.024 5.45 741.0
2454644.59069 17.557 0.025 6.15 687.0
2454644.84692 17.537 0.019 4.61 677.0
2454645.51375 17.532 0.026 4.93 1075.0
2454645.76224 17.547 0.021 5.14 695.0
2454645.83697 17.543 0.024 5.38 895.0
2454646.51180 17.518 0.021 4.58 886.0
2454646.84421 17.544 0.024 5.13 936.0
2454647.50818 17.523 0.024 4.24 1167.0
2454647.73124 17.511 0.022 5.19 745.0
2454647.84226 17.540 0.026 6.01 872.0
2454648.49132 17.529 0.024 4.87 1004.0
2454648.70497 17.528 0.020 4.77 631.0
2454648.80886 17.550 0.023 5.80 696.0
2454649.72613 17.513 0.019 4.67 604.0
2454649.85253 17.521 0.024 5.74 856.0
2454650.50338 17.587 0.028 5.77 1064.0
2454650.76731 17.564 0.019 4.56 587.0
2454650.86103 17.552 0.025 5.56 881.0
2454651.50676 17.498 0.025 5.09 1018.0
2454651.80189 17.538 0.023 5.51 791.0
2454652.49780 17.521 0.023 5.04 980.0
2454652.71095 17.560 0.018 4.26 623.0
2454652.78584 17.521 0.020 4.72 660.0
2454652.83557 17.597 0.024 5.29 795.0
2454653.49413 17.603 0.029 6.22 966.0
2454653.71334 17.519 0.020 4.43 736.0
2454653.77849 17.586 0.032 6.12 781.0
2454654.74438 17.545 0.020 4.81 648.0
2454654.80950 17.518 0.025 5.54 924.0
2454655.49403 17.551 0.024 4.81 1015.0
2454655.71852 17.523 0.016 3.72 540.0
2454655.78029 17.516 0.019 4.57 669.0
2454656.49595 17.544 0.017 3.52 755.0
2454656.80498 17.525 0.024 4.72 1148.0
2454657.61237 17.563 0.026 6.26 692.0
2454658.65428 17.537 0.022 5.41 712.0
2454659.58841 17.546 0.023 5.65 702.0
2454660.60674 17.561 0.024 5.73 759.0
2454661.48403 17.506 0.022 4.29 1231.0
2454661.68472 17.550 0.022 3.85 1094.0
2454661.74620 17.532 0.029 4.33 1960.0
2454661.81338 17.541 0.030 4.47 1852.0
2454665.65144 17.520 0.027 4.95 1357.0
2454666.55690 17.499 0.022 4.63 1065.0
2454666.69997 17.597 0.023 4.41 929.0
2454667.49984 17.587 0.032 6.69 974.0
2454667.56843 17.551 0.025 5.75 814.0
2454669.60716 17.500 0.025 5.39 1024.0
2454670.64159 17.561 0.020 4.88 628.0
2454671.57711 17.523 0.018 5.24 503.0
2454672.50261 17.536 0.018 4.07 745.0
2454672.69508 17.540 0.019 4.42 673.0
2454672.71738 17.588 0.024 4.38 730.0
2454674.50573 17.563 0.024 5.84 703.0
2454674.69883 17.550 0.020 4.64 648.0
2454675.67234 17.530 0.018 4.15 653.0
2454677.48232 17.527 0.020 4.73 819.0
2454677.62862 17.501 0.021 5.58 577.0
2454677.77120 17.509 0.022 5.65 659.0
2454678.68571 17.575 0.019 4.12 602.0
2454681.52369 17.507 0.017 4.33 567.0
2454681.75592 17.492 0.021 5.24 767.0
2454682.49471 17.514 0.019 4.54 714.0
2454682.65204 17.555 0.019 4.76 563.0
2454683.70013 17.537 0.024 5.84 599.0
2454684.50576 17.551 0.022 4.66 864.0
2454684.71947 17.543 0.021 5.64 597.0
2454685.49068 17.493 0.025 6.07 809.0
2454685.72565 17.516 0.020 4.67 698.0
2454686.49447 17.556 0.022 4.73 770.0
2454687.47824 17.536 0.022 5.02 798.0
2454687.73374 17.579 0.025 5.75 833.0
2454688.49115 17.571 0.027 5.58 835.0
2454688.74279 17.553 0.026 6.19 798.0
2454693.53875 17.558 0.020 4.05 914.0
2454694.53396 17.533 0.027 6.34 835.0
2454697.49462 17.557 0.020 4.61 656.0
2454698.50015 17.492 0.019 5.06 576.0
2454699.49628 17.505 0.021 5.48 682.0
2454701.49785 17.526 0.022 5.25 734.0
2454702.49636 17.503 0.020 4.81 705.0
2454703.56687 17.493 0.019 4.45 636.0
2454704.63663 17.558 0.019 4.83 590.0
2454705.50005 17.531 0.021 5.52 699.0
2454707.60089 17.560 0.017 4.07 583.0
2454708.53323 17.544 0.019 4.64 665.0
2454710.53899 17.568 0.020 4.54 737.0
2454711.51834 17.529 0.023 6.00 689.0
2454715.57835 17.511 0.023 5.78 747.0
2454716.58073 17.508 0.028 4.71 1720.0
2454720.54785 17.506 0.023 4.98 917.0
2454721.47940 17.591 0.034 6.27 1147.0
2454722.51196 17.569 0.022 4.74 824.0
2454724.50178 17.547 0.027 5.90 899.0
2454725.47656 17.555 0.034 5.44 1572.0
2454726.54148 17.533 0.028 6.18 815.0
2454728.58661 17.563 0.028 6.67 711.0
2454730.55843 17.571 0.022 5.13 656.0
2454731.56536 17.530 0.028 6.54 629.0
2454734.54641 17.545 0.022 5.16 712.0
2454737.53734 17.505 0.021 5.56 621.0
2454740.54781 17.569 0.026 6.14 714.0
2454741.55551 17.548 0.023 4.53 731.0
2454743.53048 17.569 0.024 5.24 743.0
2454753.54140 17.523 0.029 5.34 971.0
2454756.51746 17.491 0.028 6.48 888.0
2454758.50304 17.575 0.030 5.76 979.0
2454868.87357 17.549 0.021 4.07 721.0
2454869.85742 17.508 0.022 4.98 825.0
2454873.84624 17.522 0.024 5.12 1057.0
2454884.84809 17.526 0.018 4.01 836.0
2454890.87618 17.561 0.021 4.74 622.0
2454896.86443 17.521 0.019 4.84 609.0
2454899.83531 17.505 0.021 4.20 827.0
2454900.87678 17.513 0.019 4.59 793.0
2454904.79796 17.499 0.017 3.65 838.0
2454905.90196 17.506 0.020 4.31 865.0
2454910.80386 17.463 0.021 4.07 1193.0
2454911.77450 17.439 0.015 4.11 555.0
2454912.77141 17.426 0.014 3.69 566.0
2454917.74954 17.228 0.014 3.80 645.0
2454920.72997 17.004 0.013 4.66 561.0
2454924.77047 16.525 0.008 3.98 649.0
2454925.81095 16.450 0.008 3.95 654.0
2454925.89800 16.458 0.007 3.05 609.0
2454927.70459 16.562 0.013 6.32 907.0
2454927.86511 16.600 0.012 5.41 671.0
2454928.72711 16.744 0.014 5.06 774.0
2454929.78340 16.831 0.011 4.00 780.0
2454930.81681 16.935 0.013 4.71 906.0
2454931.71270 17.044 0.017 5.10 1152.0
2454931.85840 17.036 0.014 4.71 852.0
2454932.71579 17.152 0.015 4.35 1021.0
2454932.81646 17.124 0.014 4.27 845.0
2454933.76410 17.210 0.019 5.46 980.0
2454934.76250 17.191 0.032 5.76 1908.0
2454934.86994 17.325 0.021 5.52 976.0
2454938.67310 17.405 0.021 4.74 977.0
2454938.87773 17.384 0.015 3.76 713.0
2454939.69200 17.436 0.018 4.93 674.0
2454940.69199 17.457 0.018 4.28 665.0
2454941.67077 17.458 0.017 3.96 775.0
2454941.76876 17.475 0.017 4.42 620.0
2454941.88713 17.468 0.021 5.70 611.0
2454942.66541 17.474 0.027 5.72 765.0
2454942.70853 17.435 0.016 4.10 626.0
2454943.66259 17.456 0.020 5.46 707.0
2454943.80209 17.510 0.017 4.65 586.0
2454944.65939 17.510 0.020 4.48 722.0
2454944.81486 17.474 0.015 3.52 583.0
2454945.70783 17.501 0.019 4.66 678.0
2454945.76430 17.514 0.018 3.82 589.0
2454946.65750 17.533 0.020 5.27 653.0
2454947.65119 17.504 0.019 5.34 649.0
2454947.84913 17.500 0.015 3.32 689.0
2454948.83174 17.481 0.015 4.40 552.0
2454951.63988 17.602 0.023 5.35 765.0
2454952.63810 17.496 0.021 6.05 650.0
2454953.63173 17.509 0.022 5.44 837.0
2454953.80630 17.545 0.018 4.13 683.0
2454954.63325 17.530 0.023 5.67 727.0
2454954.82614 17.546 0.017 3.98 572.0
2454955.62825 17.567 0.029 6.80 832.0
2454955.76735 17.534 0.022 6.20 596.0
